1989-11-01,1.203125,1.255208,1.151042,1.166667,0.984845,257668800
1989-12-01,1.161458,1.255208,0.984375,1.020833,0.861739,411830400
1990-01-01,1.026042,1.156250,0.958333,0.973958,0.822170,349646400
1990-02-01,0.963542,1.208333,0.895833,1.197917,1.011225,348052800
1990-03-01,1.200521,1.317708,1.140625,1.286458,1.085967,355099200
1990-04-01,1.260417,1.338542,1.223958,1.333333,1.125537,221534400
1990-05-01,1.341146,1.572917,1.312500,1.460938,1.233254,310656000
1990-06-01,1.471354,1.635417,1.354167,1.619792,1.367351,360724800
1990-07-01,1.625000,1.916667,1.609375,1.796875,1.516837,382152000
1990-08-01,1.791667,2.052083,1.645833,1.885417,1.591580,630696000
1990-09-01,1.864583,2.104167,1.791667,1.864583,1.573993,314066400
1990-10-01,1.916667,2.010417,1.692708,1.968750,1.661926,399760800
1990-11-01,1.958333,2.427083,1.927083,2.416667,2.040036,257500800
1990-12-01,2.437500,2.645833,2.166667,2.593750,2.189521,344560800
1991-01-01,2.583333,3.125000,2.354167,3.072917,2.594011,377959200
1991-02-01,3.083333,4.385417,3.031250,3.802083,3.209539,760375200
1991-03-01,3.760417,5.552083,3.750000,5.468750,4.616460,446980800
1991-04-01,5.427083,5.666667,5.125000,5.281250,4.458182,298387200
1991-05-01,5.281250,5.708333,4.729167,5.093750,4.299903,393201600
1991-06-01,5.114583,5.145833,4.437500,4.911458,4.146020,243458400
1991-07-01,4.822917,6.250000,4.770833,6.166667,5.205608,290445600
1991-08-01,6.177083,6.833333,5.750000,6.656250,5.618890,232562400
1991-09-01,6.697917,7.312500,6.447917,6.906250,5.829929,226696000
1991-10-01,7.000000,7.937500,6.375000,7.500000,6.331147,252783200
1991-11-01,7.531250,7.593750,6.468750,7.000000,5.909068,238320800
1991-12-01,7.031250,9.500000,6.937500,9.468750,7.993070,281097600
1992-01-01,9.000000,9.781250,8.250000,8.812500,7.439095,318672800
1992-02-01,8.812500,9.031250,7.562500,8.156250,6.885120,244611200
1992-03-01,8.187500,8.437500,7.500000,7.812500,6.594944,202214400
1992-04-01,7.687500,7.812500,6.156250,7.000000,5.909068,361369600
1992-05-01,7.062500,7.734375,6.531250,7.625000,6.436666,173046400
1992-06-01,7.593750,7.687500,6.656250,7.609375,6.423475,178164800
1992-07-01,7.562500,8.281250,7.437500,8.187500,6.911501,190348000
1992-08-01,8.125000,8.437500,7.625000,7.921875,6.687272,148584800
1992-09-01,7.906250,8.718750,7.593750,7.843750,6.621323,177022400
1992-10-01,7.812500,8.531250,6.937500,8.343750,7.043399,231574400
1992-11-01,8.375000,9.718750,7.968750,9.593750,8.098591,223644800
1992-12-01,9.500000,9.750000,8.781250,8.828125,7.452283,186424000
1993-01-01,8.843750,8.968750,7.296875,7.750000,6.542183,307291200
1993-02-01,7.750000,7.906250,3.968750,4.531250,3.825067,728892800
1993-03-01,4.656250,4.875000,4.015625,4.718750,3.983346,622288000
1993-04-01,4.625000,5.218750,4.343750,5.000000,4.220762,337511200
1993-05-01,5.062500,5.343750,4.312500,4.437500,3.745927,304964000
1993-06-01,4.500000,4.718750,3.937500,4.562500,3.851446,261556800
1993-07-01,4.593750,4.625000,4.218750,4.375000,3.693168,164994400
1993-08-01,4.406250,4.656250,3.875000,4.625000,3.904206,256089600
1993-09-01,4.625000,5.218750,4.437500,4.828125,4.075676,261621600
1993-10-01,4.843750,5.812500,4.812500,5.703125,4.814308,318692800
1993-11-01,5.718750,6.000000,5.218750,5.656250,4.774738,253857600
1993-12-01,5.718750,6.375000,5.468750,6.187500,5.223195,183248800
1994-01-01,6.156250,6.500000,6.000000,6.093750,5.144055,216787200
1994-02-01,6.062500,6.093750,4.906250,5.218750,4.405422,342615200
1994-03-01,5.281250,5.312500,4.687500,4.781250,4.036107,231079200
1994-04-01,4.656250,5.281250,4.343750,5.062500,4.273523,164526400
1994-05-01,5.062500,5.937500,5.062500,5.820313,4.913232,206228000
1994-06-01,5.812500,5.890625,5.109375,5.359375,4.524131,202768800
1994-07-01,5.359375,6.234375,5.312500,6.210938,5.242980,224268800
1994-08-01,6.187500,7.156250,6.156250,6.593750,5.566131,332875200
1994-09-01,6.593750,7.156250,6.421875,6.656250,5.618890,177373600
1994-10-01,6.656250,7.484375,6.250000,6.968750,5.882689,281204000
1994-11-01,6.890625,7.531250,6.625000,7.296875,6.159677,247561600
1994-12-01,7.281250,7.484375,6.609375,7.375000,6.225626,174340800
1995-01-01,7.359375,7.968750,7.015625,7.953125,6.713652,209227200
1995-02-01,7.953125,9.515625,7.578125,8.625000,7.280818,426305600
1995-03-01,8.671875,8.779287,8.093750,8.421875,7.109349,245263200
1995-04-01,8.406250,9.203125,8.156250,9.085938,7.669919,187920800
1995-05-01,9.078125,9.406250,8.703125,9.062500,7.650135,194412800
1995-06-01,9.078125,10.062500,8.828125,10.054688,8.487693,262594400
1995-07-01,10.031250,11.156250,9.562500,10.640625,8.982314,327621600
1995-08-01,10.640625,12.343750,10.250000,11.968750,10.103456,296033200
1995-09-01,12.031250,13.156250,11.781250,12.468750,10.525530,151125200
1995-10-01,12.531250,12.656250,10.843750,12.000000,10.129830,275981200
1995-11-01,12.000000,12.906250,11.593750,12.406250,10.472768,150687600
1995-12-01,12.406250,14.937500,12.250000,14.843750,12.530393,166367600
1996-01-01,14.875000,15.437500,13.156250,15.031250,12.688670,218855600
1996-02-01,15.031250,15.937500,14.687500,14.937500,12.609531,163140800
1996-03-01,14.937500,16.625000,14.062500,14.531250,12.266596,222177200
1996-04-01,14.500000,14.906250,13.000000,14.375000,12.134696,245626800
1996-05-01,14.343750,15.343750,12.968750,14.875000,12.556772,186974800
1996-06-01,14.875000,15.281250,13.375000,13.500000,11.396061,158102000
1996-07-01,13.500000,14.375000,12.843750,13.656250,11.527960,250500000
1996-08-01,13.718750,15.843750,13.593750,14.562500,12.292974,201354800
1996-09-01,14.531250,16.250000,14.062500,15.781250,13.321785,146843200
1996-10-01,15.781250,16.093750,14.562500,15.328125,12.939278,245676800
1996-11-01,15.312500,15.500000,14.062500,15.218750,12.846950,183042800
1996-12-01,15.312500,15.656250,13.562500,13.593750,11.475202,138073600
1997-01-01,13.656250,14.968750,13.125000,14.093750,11.897277,287273600
1997-02-01,14.093750,15.812500,13.812500,15.281250,12.899708,188060000
1997-03-01,15.281250,15.812500,13.968750,13.968750,11.791759,145338800
1997-04-01,13.843750,14.937500,13.781250,14.718750,12.424872,141811200
1997-05-01,14.687500,17.343750,14.218750,16.718750,14.113175,216376000
1997-06-01,16.781250,16.812500,14.218750,14.531250,12.266596,312848000
1997-07-01,14.515625,15.531250,13.750000,14.703125,12.411682,353963200
1997-08-01,14.718750,14.906250,12.000000,12.390625,10.459579,480182400
1997-09-01,12.531250,12.968750,11.390625,11.984375,10.116643,297734800
1997-10-01,12.000000,12.484375,11.218750,12.312500,10.393630,392559600
1997-11-01,12.500000,13.421875,12.375000,12.781250,10.789330,208439200
1997-12-01,12.875000,13.703125,12.562500,13.531250,11.422441,171911600
1998-01-01,13.515625,13.671875,11.656250,12.500000,10.551910,192241200
1998-02-01,12.718750,14.187500,12.718750,13.281250,11.211400,200068000
1998-03-01,13.296875,15.500000,12.968750,15.218750,12.846950,306077200
1998-04-01,15.218750,15.234375,13.625000,14.906250,12.583152,224562800
1998-05-01,14.921875,16.781250,14.312500,15.125000,12.767810,217497600
1998-06-01,15.109375,16.812500,14.906250,16.343750,13.796621,192438400
1998-07-01,16.343750,19.843750,16.125000,18.359375,15.498118,271494800
1998-08-01,18.250000,18.375000,15.000000,15.218750,12.846950,210014000
1998-09-01,15.281250,19.937500,14.484375,18.890625,15.946568,278817600
1998-10-01,18.625000,20.000000,16.531250,19.640625,16.579687,226056800
1998-11-01,19.656250,21.031250,18.656250,18.812500,15.880626,215902000
1998-12-01,18.656250,27.250000,18.593750,26.140625,22.066681,513389200
1999-01-01,26.156250,32.437500,25.687500,31.953125,26.973322,197792000
1999-02-01,32.468750,33.562500,28.718750,31.218750,26.353392,171856000
1999-03-01,31.375000,39.843750,30.656250,37.437500,31.602957,197686600
1999-04-01,37.687500,40.687500,29.937500,30.718750,25.931314,249024800
1999-05-01,31.187500,32.875000,28.500000,31.625000,26.696331,170957200
1999-06-01,31.718750,32.250000,26.062500,30.437500,25.693899,254290200
1999-07-01,30.375000,39.562500,29.500000,38.437500,32.447121,237813400
1999-08-01,38.312500,42.468750,37.375000,41.593750,35.111481,202150800
1999-09-01,41.562500,44.625000,38.187500,40.750000,34.399223,171810400
1999-10-01,40.718750,45.031250,37.000000,39.875000,33.660587,215454200
1999-11-01,40.250000,50.062500,39.218750,45.562500,38.461712,199595800
1999-12-01,45.000000,66.437500,42.625000,60.062500,50.701920,165667400
2000-01-01,70.000000,76.500000,57.687500,63.687500,53.761974,249637000
2000-02-01,64.750000,75.000000,61.500000,68.187500,57.560661,197030800
2000-03-01,67.000000,67.875000,51.062500,61.375000,51.809879,353739500
2000-04-01,61.000000,64.375000,50.000000,56.000000,47.272541,215305700
2000-05-01,57.000000,65.187500,52.875000,63.625000,53.709213,147977200
2000-06-01,63.937500,70.875000,60.000000,70.250000,59.301716,141961800
2000-07-01,69.687500,80.437500,64.750000,64.937500,54.817158,161431700
2000-08-01,65.312500,76.625000,65.000000,75.812500,63.997353,132864800
2000-09-01,76.562500,76.625000,64.125000,69.828102,58.945580,150337500
2000-10-01,70.312500,72.625000,51.390598,57.937500,48.908092,203748500
2000-11-01,58.312500,69.125000,57.687500,63.625000,53.709213,159921500
2000-12-01,65.187500,70.750000,58.000000,63.937500,53.973019,140520800
2001-01-01,65.875000,72.375000,54.250000,70.312500,59.354481,249693200
2001-02-01,69.812500,75.062500,67.875000,72.062500,60.831764,161677800
2001-03-01,71.687500,74.125000,45.437500,60.187500,50.807438,268856100
2001-04-01,59.375000,62.250000,50.310001,61.139999,51.611496,241695100
2001-05-01,61.009998,67.599998,57.000000,66.379997,56.034840,164791500
2001-06-01,66.669998,70.599998,59.500000,60.680000,51.223183,159587600
2001-07-01,61.700001,63.400002,53.459999,62.709999,52.936813,180682200
2001-08-01,63.099998,65.599998,58.299999,64.300003,54.279022,147304600
2001-09-01,63.799999,66.250000,54.810001,58.770000,49.610855,175913400
2001-10-01,58.740002,63.180000,55.150002,56.820000,47.964760,202266800
2001-11-01,57.389999,67.419998,55.259998,66.430000,56.077072,195020000
2001-12-01,65.889999,69.000000,55.209999,56.439999,47.643978,291304400
2002-01-01,56.900002,58.849998,53.279999,55.500000,46.850475,246841300
2002-02-01,57.599998,59.950001,55.799999,57.980000,48.943981,210091200
2002-03-01,58.169998,62.939999,57.009998,59.680000,50.379028,178321700
2002-04-01,59.430000,61.480000,50.950001,52.880001,44.638798,228755600
2002-05-01,52.820000,52.990002,45.430000,47.630001,40.206993,281297700
2002-06-01,47.470001,48.279999,36.730000,41.880001,35.353119,368984100
2002-07-01,41.450001,46.650002,30.570000,45.639999,38.527130,501721000
2002-08-01,45.790001,48.919998,41.980000,45.029999,38.012199,287418500
2002-09-01,44.939999,47.090000,39.119999,41.700001,35.201164,295894000
2002-10-01,42.110001,52.000000,41.980000,46.560001,39.303753,414414900
2002-11-01,46.700001,50.360001,43.900002,47.200001,39.844009,299496500
2002-12-01,48.910000,53.020000,46.560001,48.340000,40.806335,293776400
2003-01-01,48.340000,53.700001,48.090000,50.959999,43.018013,287503700
2003-02-01,51.060001,54.700001,50.700001,54.639999,46.124512,203302200
2003-03-01,54.750000,59.060001,53.580002,57.549999,48.580994,239294000
2003-04-01,57.919998,64.449997,56.900002,61.299999,51.746555,226554800
2003-05-01,61.270000,64.900002,59.349998,64.739998,54.650436,223201700
2003-06-01,65.040001,67.540001,62.450001,65.940002,55.663433,211576600
2003-07-01,65.489998,72.370003,64.709999,69.430000,58.609528,191832300
2003-08-01,69.330002,69.820000,64.550003,65.940002,55.663433,139621500
2003-09-01,65.910004,70.139999,63.610001,64.519997,54.464741,179144500
2003-10-01,64.879997,67.500000,59.029999,61.759998,52.134865,249375800
2003-11-01,62.279999,62.349998,57.099998,57.619999,48.640076,200888100
2003-12-01,57.790001,62.369999,56.759998,61.790001,52.160191,182782000
2004-01-01,62.070000,65.730003,61.099998,64.660004,54.582924,199243300
2004-02-01,64.650002,66.879997,63.000000,63.529999,53.629021,133456300
2004-03-01,64.160004,64.849998,57.790001,58.150002,49.087467,240193900
2004-04-01,58.200001,60.799999,56.259998,56.410000,47.618652,214208400
2004-05-01,57.459999,58.950001,53.259998,54.700001,46.175152,181347100
2004-06-01,54.439999,56.320000,52.150002,54.570000,46.065418,168609300
2004-07-01,54.849998,57.840000,53.220001,56.880001,48.015408,178384000
2004-08-01,56.790001,59.910000,53.169998,59.290001,50.049805,160223000
2004-09-01,58.840000,60.450001,56.360001,56.810001,47.956310,157877100
2004-10-01,57.200001,58.450001,52.000000,56.799999,47.947872,169680700
2004-11-01,56.779999,61.090000,54.840000,60.040001,50.682926,163983100
2004-12-01,60.000000,64.930000,59.980000,64.150002,54.152386,136200900
2005-01-01,64.199997,65.239998,60.169998,62.240002,52.540070,160930900
2005-02-01,61.990002,64.169998,60.459999,61.610001,52.008240,130645900
2005-03-01,61.490002,62.700001,57.630001,58.209999,49.138130,159715900
2005-04-01,58.580002,60.959999,56.189999,58.209999,49.138130,169032900
2005-05-01,58.040001,63.009998,57.939999,62.580002,52.827080,156577400
2005-06-01,62.950001,63.509998,59.500000,60.459999,51.037468,132666100
2005-07-01,60.459999,83.099998,60.259998,79.769997,67.338058,318208900
2005-08-01,79.709999,84.000000,78.089996,79.900002,67.447784,163447900
2005-09-01,79.639999,86.919998,78.220001,79.669998,67.253647,181586800
2005-10-01,79.639999,81.900002,73.129997,75.620003,63.834816,204653900
2005-11-01,75.250000,84.500000,73.839996,80.930000,68.317299,146131000
2005-12-01,81.800003,82.080002,76.699997,78.860001,66.569878,135795700
2006-01-01,79.360001,81.239998,70.650002,72.889999,61.530293,213882600
2006-02-01,80.010002,80.029999,70.029999,75.480003,63.716644,275114000
2006-03-01,75.860001,76.879997,71.349998,72.750000,61.412090,172605900
2006-04-01,73.459999,73.500000,65.989998,67.699997,57.149128,206289000
2006-05-01,67.919998,69.910004,65.139999,67.589996,57.056282,189529700
2006-06-01,67.559998,69.449997,63.750000,65.230003,55.064091,190710300
2006-07-01,65.790001,70.459999,63.520000,69.709999,58.845879,167205600
2006-08-01,69.209999,71.489998,64.959999,68.029999,57.427700,160899800
2006-09-01,68.209999,72.570000,67.250000,71.529999,60.382233,161279300
2006-10-01,71.400002,77.000000,70.080002,75.910004,64.079643,190799500
2006-11-01,76.000000,76.089996,70.680000,71.040001,59.968628,147995700
2006-12-01,70.809998,71.989998,67.879997,68.309998,57.664059,153834300
2007-01-01,68.430000,76.949997,67.849998,70.370003,59.403023,212890500
2007-02-01,70.190002,70.489998,63.860001,64.260002,54.245251,253296200
2007-03-01,62.400002,63.150002,55.130001,55.880001,47.171257,391466400
2007-04-01,56.189999,64.400002,55.450001,64.139999,54.143944,340676700
2007-05-01,64.400002,66.059998,52.360001,56.450001,47.652416,431378800
2007-06-01,56.520000,59.310001,54.619999,55.290001,46.673199,263290100
2007-07-01,55.400002,57.730000,53.680000,53.740002,45.364769,238009800
2007-08-01,52.459999,52.669998,48.299999,50.110001,42.300495,277299200
2007-09-01,50.270000,57.740002,50.110001,56.570000,47.753716,232052800
2007-10-01,56.380001,59.080002,55.060001,58.110001,49.053703,207748600
2007-11-01,57.889999,58.480000,52.570000,55.250000,46.639431,201623100
2007-12-01,53.700001,55.529999,46.209999,46.439999,39.202446,211544200
2008-01-01,46.599998,48.910000,43.930000,46.590000,39.329067,267914100
2008-02-01,46.310001,48.200001,43.720001,45.520000,38.425827,189521500
2008-03-01,45.590000,48.549999,39.160000,41.779999,35.268703,277524300
2008-04-01,42.110001,44.740002,41.200001,41.869999,35.344677,168997300
2008-05-01,42.189999,44.160000,41.580002,44.029999,37.168037,146053300
2008-06-01,43.919998,47.410000,42.900002,47.160000,39.810230,196861000
2008-07-01,46.860001,64.000000,46.849998,62.630001,52.869278,342075000
2008-08-01,62.310001,65.599998,61.720001,62.849998,53.054993,190896300
2008-09-01,63.459999,66.510002,55.500000,59.270000,50.032925,267817000
2008-10-01,58.889999,61.560001,45.000000,59.889999,50.556293,321543900
2008-11-01,60.470001,62.459999,50.090000,55.540001,46.884247,213147400
2008-12-01,54.939999,60.000000,53.500000,57.750000,48.749821,170391200
2009-01-01,58.590000,60.150002,52.450001,54.849998,46.301781,162946300
2009-02-01,54.430000,58.889999,48.779999,48.930000,41.304394,174995700
2009-03-01,48.330002,52.820000,45.730000,49.520000,41.802441,223603000
2009-04-01,48.779999,51.759998,44.959999,48.470001,40.916084,192798800
2009-05-01,48.480000,51.000000,46.459999,49.939999,42.156982,144012900
2009-06-01,50.450001,53.849998,49.209999,52.939999,44.689449,213644400
2009-07-01,53.500000,64.500000,50.650002,62.310001,52.599155,253008800
2009-08-01,62.419998,64.760002,59.150002,59.779999,50.463448,177373500
2009-09-01,59.610001,62.520000,57.639999,60.230000,50.843330,133292100
2009-10-01,60.150002,61.849998,52.910000,53.619999,45.263462,181328600
2009-11-01,52.860001,57.730000,51.720001,56.349998,47.568005,128244200
2009-12-01,56.380001,57.919998,54.119999,56.570000,47.753716,111114000
2010-01-01,56.630001,58.930000,54.650002,58.480000,49.366055,147814700
2010-02-01,58.520000,59.419998,55.779999,56.610001,47.787476,147007200
2010-03-01,56.740002,60.389999,56.209999,59.840000,50.514103,148566600
2010-04-01,59.950001,61.259998,57.029999,57.310001,48.378403,127358100
2010-05-01,57.450001,57.950001,50.320000,51.779999,43.710228,149573800
2010-06-01,51.720001,58.320000,50.750000,52.599998,44.402420,206349700
2010-07-01,52.590000,55.060001,50.560001,54.529999,46.031639,128291300
2010-08-01,55.250000,56.130001,50.259998,51.040001,43.085548,109208600
2010-09-01,51.610001,56.840000,51.279999,55.110001,46.521252,110030600
2010-10-01,55.570000,58.740002,54.160000,57.189999,48.277088,128032300
2010-11-01,57.020000,57.950001,52.189999,52.689999,44.478397,122791300
2010-12-01,53.320000,57.980000,52.980000,54.900002,46.343990,159481100
2011-01-01,55.200001,58.189999,54.849998,55.080002,46.495930,120211100
2011-02-01,55.230000,55.880001,50.610001,51.330002,43.330357,122824700
2011-03-01,52.169998,54.700001,51.340000,53.450001,45.119961,144456600
2011-04-01,53.939999,57.290001,52.759998,56.849998,47.990082,162997100
2011-05-01,56.980000,61.529999,56.669998,60.540001,51.105000,127535000
2011-06-01,60.549999,60.790001,56.730000,58.349998,49.256313,113874400
2011-07-01,58.439999,58.439999,53.049999,54.700001,46.175152,109669200
2011-08-01,55.020000,55.610001,47.660000,55.400002,46.766064,204584100
2011-09-01,55.830002,57.840000,52.500000,54.959999,46.647762,125409800
2011-10-01,54.660000,59.049999,52.849998,57.270000,48.608395,118046700
2011-11-01,56.419998,58.610001,54.590000,57.910000,49.151596,177258600
2011-12-01,57.700001,65.000000,56.000000,64.209999,54.766254,219879200
2012-01-01,64.949997,69.629997,63.299999,67.930000,57.939133,139168700
2012-02-01,68.459999,70.000000,66.349998,68.010002,58.007370,115069400
2012-03-01,68.209999,68.930000,65.800003,67.970001,58.284748,90869500
2012-04-01,67.570000,72.000000,65.370003,71.110001,60.977306,80200200
2012-05-01,70.830002,71.250000,67.989998,69.519997,59.613880,92579700
2012-06-01,69.010002,73.750000,67.610001,72.910004,62.840450,108261500
2012-07-01,73.029999,84.389999,72.949997,82.599998,71.192162,104905000
2012-08-01,83.419998,85.279999,80.339996,83.919998,72.329857,81132400
2012-09-01,83.800003,85.279999,80.599998,84.290001,72.968208,91635700
2012-10-01,84.500000,89.949997,83.980003,86.489998,74.872704,83711200
2012-11-01,86.970001,89.080002,82.919998,88.800003,76.872452,89029600
2012-12-01,88.919998,90.809998,84.559998,86.199997,74.937103,73217900
2013-01-01,87.360001,89.580002,81.559998,85.459999,74.293808,146228200
2013-02-01,86.169998,93.419998,82.919998,91.550003,79.588089,113010700
2013-03-01,91.160004,102.620003,90.349998,102.510002,89.601395,85096100
2013-04-01,102.620003,114.949997,101.699997,104.209999,91.087303,101868500
2013-05-01,105.050003,109.559998,100.389999,100.529999,87.870728,70309000
2013-06-01,100.610001,102.290001,94.150002,98.660004,86.617058,74154400
2013-07-01,100.199997,111.300003,95.050003,108.290001,95.071571,67224200
2013-08-01,109.599998,116.250000,103.309998,108.940002,95.642220,74887900
2013-09-01,110.529999,117.910004,109.989998,111.919998,98.688507,62882800
2013-10-01,111.989998,118.959999,105.760002,116.139999,102.409615,68493200
2013-11-01,117.070000,119.699997,110.650002,114.080002,100.593132,63440000
2013-12-01,114.290001,115.949997,109.709999,114.080002,101.012665,58493700
2014-01-01,114.360001,124.459999,113.120003,118.949997,105.324821,75029900
2014-02-01,119.680000,126.949997,114.570000,124.019997,109.814064,63283800
2014-03-01,122.889999,128.960007,118.559998,123.339996,109.768555,74142800
2014-04-01,123.669998,127.250000,108.199997,111.750000,99.453857,100098000
2014-05-01,111.379997,116.570000,109.410004,115.989998,103.227303,66180100
2014-06-01,116.720001,121.000000,115.300003,118.370003,105.923729,54503800
2014-07-01,119.389999,131.240005,114.930000,127.389999,113.995300,70786600
2014-08-01,126.169998,139.729996,124.760002,139.380005,124.724609,67114400
2014-09-01,139.619995,144.460007,135.630005,140.460007,126.296143,62112600
2014-10-01,140.389999,164.649994,127.669998,162.179993,145.825897,124321900
2014-11-01,162.080002,167.350006,156.619995,165.309998,148.640244,63215800
2014-12-01,165.119995,173.139999,154.360001,159.289993,143.774582,77006400
2015-01-01,160.160004,162.759995,151.529999,152.259995,137.429352,73045800
2015-02-01,153.410004,159.399994,147.419998,157.720001,142.357529,68381600
2015-03-01,159.289993,172.360001,152.289993,159.850006,145.043915,73944500
2015-04-01,159.369995,173.600006,154.600006,157.910004,143.283615,71902800
2015-05-01,159.500000,165.589996,155.580002,156.259995,141.786407,63300000
2015-06-01,157.589996,163.500000,150.850006,153.520004,139.986938,69190300
2015-07-01,154.940002,181.809998,151.039993,176.589996,161.023209,78117700
2015-08-01,176.800003,177.520004,140.000000,151.779999,138.400284,81687300
2015-09-01,149.229996,156.759995,130.089996,138.320007,126.713509,89593100
2015-10-01,138.550003,165.000000,135.639999,158.179993,144.907074,97944700
2015-11-01,159.009995,165.000000,148.000000,161.100006,147.582016,58188200
2015-12-01,162.710007,165.229996,153.429993,162.330002,149.461578,67351500
2016-01-01,159.000000,160.210007,144.169998,152.729996,140.622574,89475700
2016-02-01,151.309998,153.720001,140.039993,142.279999,131.001022,79890300
2016-03-01,144.300003,151.910004,139.020004,149.929993,139.004456,83635200
2016-04-01,150.020004,164.699997,149.100006,158.300003,146.764542,60823500
2016-05-01,158.619995,159.419998,147.119995,157.949997,146.440079,57102200
2016-06-01,157.610001,160.750000,143.820007,152.149994,141.991364,65472900
2016-07-01,152.429993,172.259995,152.250000,172.029999,160.544037,57010000
2016-08-01,172.910004,176.639999,168.759995,170.059998,158.705566,64595100
2016-09-01,170.550003,176.850006,165.270004,166.809998,156.577530,60625000
2016-10-01,166.050003,168.690002,140.940002,141.160004,132.500946,74465200
2016-11-01,141.169998,152.850006,133.639999,144.070007,135.232452,98445000
2016-12-01,144.240005,151.210007,138.830002,146.210007,138.168228,70524400
2017-01-01,147.860001,161.000000,147.119995,156.679993,148.062332,74965500
2017-02-01,158.589996,178.250000,156.910004,176.529999,166.820572,69619700
2017-03-01,178.000000,184.210007,162.940002,164.070007,156.115250,109206700
2017-04-01,164.630005,165.610001,160.000000,163.320007,155.401611,54699400
2017-05-01,163.679993,164.820007,152.160004,155.240005,147.713348,69523600
2017-06-01,155.399994,175.449997,155.240005,172.229996,165.064377,90678500
2017-07-01,172.630005,182.600006,170.529999,174.509995,167.249496,55741500
2017-08-01,174.809998,178.639999,166.520004,177.770004,170.373886,46582600
2017-09-01,178.139999,191.100006,175.360001,186.449997,179.897873,54434900
2017-10-01,187.029999,190.000000,169.679993,175.220001,169.062515,63077000
2017-11-01,175.300003,177.309998,168.149994,175.660004,169.487061,53015500
2017-12-01,174.160004,180.740005,173.429993,173.899994,168.935883,54773500
2018-01-01,175.350006,201.229996,174.419998,186.050003,180.739059,66317600
2018-02-01,185.000000,192.600006,168.250000,183.770004,178.524124,97040100
2018-03-01,184.210007,192.619995,168.020004,170.479996,166.865417,155543900
2018-04-01,169.919998,178.740005,163.309998,174.479996,170.780624,69619400
2018-05-01,172.149994,181.779999,165.220001,179.619995,175.811630,71764100
2018-06-01,180.750000,188.089996,179.789993,184.589996,182.070786,65107700
2018-07-01,184.089996,197.490005,182.699997,196.550003,193.867569,52674200
2018-08-01,196.330002,200.899994,192.259995,199.809998,197.083069,47004200
2018-09-01,199.250000,210.190002,194.750000,207.289993,205.852600,52464800
