8.221699999999999564e-01 8.419544999999999391e-01 8.895846666666665792e-01 1.000000000000000000e+00
1.011225000000000041e+00 9.166974999999999429e-01 8.983780000000000099e-01 1.000000000000000000e+00
1.085966999999999905e+00 1.048595999999999862e+00 9.731206666666665228e-01 1.000000000000000000e+00
1.125537000000000010e+00 1.105751999999999846e+00 1.074242999999999837e+00 1.000000000000000000e+00
1.233254000000000072e+00 1.179395500000000041e+00 1.148252666666666588e+00 1.000000000000000000e+00
1.367350999999999983e+00 1.300302499999999917e+00 1.242047333333333503e+00 1.000000000000000000e+00
1.516836999999999991e+00 1.442093999999999987e+00 1.372480666666666460e+00 1.000000000000000000e+00
1.591579999999999995e+00 1.554208500000000104e+00 1.491922666666666730e+00 0.000000000000000000e+00
1.573992999999999975e+00 1.582786500000000096e+00 1.560803333333333320e+00 1.000000000000000000e+00
1.661926000000000014e+00 1.617959499999999995e+00 1.609166333333333476e+00 1.000000000000000000e+00
2.040036000000000183e+00 1.850980999999999987e+00 1.758651666666666502e+00 1.000000000000000000e+00
2.189521000000000051e+00 2.114778499999999894e+00 1.963827666666666749e+00 1.000000000000000000e+00
2.594011000000000067e+00 2.391766000000000059e+00 2.274522666666666471e+00 1.000000000000000000e+00
3.209538999999999920e+00 2.901774999999999771e+00 2.664357000000000308e+00 1.000000000000000000e+00
4.616460000000000008e+00 3.912999499999999742e+00 3.473336666666666517e+00 0.000000000000000000e+00
4.458181999999999867e+00 4.537321000000000382e+00 4.094726999999999784e+00 0.000000000000000000e+00
4.299902999999999587e+00 4.379042499999999727e+00 4.458181666666667375e+00 0.000000000000000000e+00
4.146020000000000039e+00 4.222961500000000257e+00 4.301368333333333460e+00 1.000000000000000000e+00
5.205607999999999791e+00 4.675813999999999915e+00 4.550510333333333435e+00 1.000000000000000000e+00
5.618890000000000384e+00 5.412249000000000088e+00 4.990172666666667034e+00 1.000000000000000000e+00
5.829928999999999917e+00 5.724409500000000151e+00 5.551475666666665809e+00 1.000000000000000000e+00
6.331146999999999636e+00 6.080537999999999776e+00 5.926655333333333608e+00 0.000000000000000000e+00
5.909068000000000431e+00 6.120107499999999590e+00 6.023381333333333032e+00 1.000000000000000000e+00
7.993070000000000341e+00 6.951069000000000386e+00 6.744428333333332581e+00 0.000000000000000000e+00
7.439095000000000013e+00 7.716082500000000621e+00 7.113744333333333891e+00 0.000000000000000000e+00
6.885119999999999685e+00 7.162107499999999405e+00 7.439095000000000901e+00 0.000000000000000000e+00
6.594943999999999917e+00 6.740031999999999357e+00 6.973053000000000168e+00 0.000000000000000000e+00
5.909068000000000431e+00 6.252005999999999730e+00 6.463044000000000011e+00 1.000000000000000000e+00
6.436665999999999777e+00 6.172867000000000104e+00 6.313559333333333079e+00 0.000000000000000000e+00
6.423474999999999824e+00 6.430070499999999356e+00 6.256402999999999714e+00 1.000000000000000000e+00
6.911501000000000339e+00 6.667488000000000525e+00 6.590547333333333313e+00 0.000000000000000000e+00
6.687272000000000105e+00 6.799386500000000666e+00 6.674082666666667052e+00 0.000000000000000000e+00
6.621323000000000292e+00 6.654297500000000198e+00 6.740032000000000245e+00 1.000000000000000000e+00
7.043398999999999965e+00 6.832361000000000573e+00 6.783998000000000417e+00 1.000000000000000000e+00
8.098591000000000761e+00 7.570994999999999919e+00 7.254437666666667894e+00 0.000000000000000000e+00
7.452283000000000435e+00 7.775437000000000154e+00 7.531424333333333720e+00 0.000000000000000000e+00
6.542182999999999637e+00 6.997232999999999592e+00 7.364352333333333611e+00 0.000000000000000000e+00
3.825067000000000217e+00 5.183625000000000149e+00 5.939844333333333282e+00 1.000000000000000000e+00
3.983346000000000053e+00 3.904206499999999913e+00 4.783532000000000117e+00 1.000000000000000000e+00
4.220761999999999681e+00 4.102053999999999867e+00 4.009724999999999540e+00 0.000000000000000000e+00
3.745927000000000007e+00 3.983344499999999844e+00 3.983344999999999914e+00 1.000000000000000000e+00
3.851446000000000147e+00 3.798686500000000077e+00 3.939378333333333426e+00 0.000000000000000000e+00
3.693168000000000006e+00 3.772307000000000077e+00 3.763513666666666868e+00 1.000000000000000000e+00
3.904205999999999843e+00 3.798687000000000147e+00 3.816273333333333184e+00 1.000000000000000000e+00
4.075675999999999632e+00 3.989940999999999960e+00 3.891016666666666790e+00 1.000000000000000000e+00
4.814307999999999588e+00 4.444991999999999166e+00 4.264730000000000132e+00 0.000000000000000000e+00
4.774738000000000149e+00 4.794522999999999868e+00 4.554907333333332531e+00 1.000000000000000000e+00
5.223194999999999588e+00 4.998966499999999868e+00 4.937413666666667034e+00 0.000000000000000000e+00
5.144054999999999822e+00 5.183624999999999261e+00 5.047329333333332890e+00 0.000000000000000000e+00
4.405421999999999727e+00 4.774738499999999775e+00 4.924223999999999712e+00 0.000000000000000000e+00
4.036107000000000333e+00 4.220764499999999586e+00 4.528528000000000553e+00 1.000000000000000000e+00
4.273522999999999961e+00 4.154815000000000147e+00 4.238350666666666378e+00 1.000000000000000000e+00
4.913231999999999822e+00 4.593377499999999891e+00 4.407620666666666409e+00 0.000000000000000000e+00
4.524130999999999680e+00 4.718681499999999751e+00 4.570295333333333154e+00 1.000000000000000000e+00
5.242980000000000196e+00 4.883555499999999938e+00 4.893447666666666862e+00 1.000000000000000000e+00
5.566131000000000384e+00 5.404555500000000734e+00 5.111080666666667049e+00 1.000000000000000000e+00
5.618890000000000384e+00 5.592510500000000384e+00 5.476000333333334247e+00 1.000000000000000000e+00
5.882689000000000057e+00 5.750789499999999776e+00 5.689236666666666942e+00 1.000000000000000000e+00
6.159677000000000291e+00 6.021183000000000618e+00 5.887085333333334169e+00 1.000000000000000000e+00
6.225626000000000104e+00 6.192651500000000198e+00 6.089330666666666225e+00 1.000000000000000000e+00
6.713651999999999731e+00 6.469638999999999918e+00 6.366318333333333079e+00 1.000000000000000000e+00
7.280818000000000012e+00 6.997234999999999872e+00 6.740031999999999357e+00 0.000000000000000000e+00
7.109348999999999918e+00 7.195083499999999965e+00 7.034606333333333517e+00 1.000000000000000000e+00
7.669919000000000153e+00 7.389634000000000036e+00 7.353361999999999732e+00 0.000000000000000000e+00
7.650134999999999685e+00 7.660026999999999475e+00 7.476467666666667178e+00 1.000000000000000000e+00
8.487693000000000154e+00 8.068913999999999476e+00 7.935915666666666368e+00 1.000000000000000000e+00
8.982314000000000576e+00 8.735003500000001253e+00 8.373380666666667693e+00 1.000000000000000000e+00
1.010345599999999955e+01 9.542885000000000062e+00 9.191154333333335202e+00 1.000000000000000000e+00
1.052552999999999983e+01 1.031449299999999880e+01 9.870433333333332726e+00 0.000000000000000000e+00
1.012983000000000011e+01 1.032768000000000086e+01 1.025293866666666531e+01 1.000000000000000000e+00
1.047276800000000030e+01 1.030129900000000021e+01 1.037604266666666852e+01 1.000000000000000000e+00
1.253039300000000011e+01 1.150158049999999932e+01 1.104433033333333469e+01 1.000000000000000000e+00
1.268867000000000012e+01 1.260953149999999923e+01 1.189727700000000077e+01 0.000000000000000000e+00
1.260953100000000049e+01 1.264910049999999941e+01 1.260953133333333120e+01 0.000000000000000000e+00
1.226659599999999983e+01 1.243806350000000016e+01 1.252159900000000015e+01 0.000000000000000000e+00
1.213469599999999993e+01 1.220064599999999899e+01 1.233694100000000127e+01 1.000000000000000000e+00
1.255677200000000049e+01 1.234573400000000021e+01 1.231935466666666734e+01 0.000000000000000000e+00
1.139606099999999955e+01 1.197641649999999913e+01 1.202917633333333391e+01 1.000000000000000000e+00
1.152796000000000021e+01 1.146201049999999988e+01 1.182693100000000008e+01 1.000000000000000000e+00
1.229297399999999918e+01 1.191046700000000058e+01 1.173899833333333298e+01 1.000000000000000000e+00
1.332178500000000021e+01 1.280737949999999969e+01 1.238090633333333379e+01 0.000000000000000000e+00
1.293927799999999984e+01 1.313053150000000002e+01 1.285134566666666700e+01 0.000000000000000000e+00
1.284694999999999965e+01 1.289311400000000063e+01 1.303600433333333264e+01 0.000000000000000000e+00
1.147520199999999946e+01 1.216107599999999955e+01 1.242047666666666750e+01 1.000000000000000000e+00
1.189727700000000077e+01 1.168623949999999923e+01 1.207314299999999996e+01 1.000000000000000000e+00
1.289970800000000040e+01 1.239849249999999969e+01 1.209072900000000139e+01 0.000000000000000000e+00
1.179175900000000077e+01 1.234573350000000147e+01 1.219624799999999887e+01 1.000000000000000000e+00
1.242487200000000058e+01 1.210831549999999979e+01 1.237211300000000058e+01 1.000000000000000000e+00
1.411317500000000003e+01 1.326902349999999942e+01 1.277660199999999868e+01 0.000000000000000000e+00
1.226659599999999983e+01 1.318988549999999904e+01 1.293488099999999896e+01 1.000000000000000000e+00
1.241168200000000077e+01 1.233913899999999941e+01 1.293048433333333236e+01 0.000000000000000000e+00
1.045957899999999974e+01 1.143563050000000025e+01 1.171261899999999834e+01 0.000000000000000000e+00
1.011664299999999983e+01 1.028811100000000067e+01 1.099596799999999952e+01 1.000000000000000000e+00
1.039362999999999992e+01 1.025513649999999899e+01 1.032328400000000101e+01 1.000000000000000000e+00
1.078932999999999964e+01 1.059148000000000067e+01 1.043320099999999861e+01 1.000000000000000000e+00
1.142244099999999918e+01 1.110588549999999941e+01 1.086846700000000077e+01 0.000000000000000000e+00
1.055190999999999946e+01 1.098717549999999932e+01 1.092122700000000002e+01 1.000000000000000000e+00
1.121139999999999937e+01 1.088165499999999852e+01 1.106191699999999933e+01 1.000000000000000000e+00
1.284694999999999965e+01 1.202917499999999862e+01 1.153675333333333164e+01 0.000000000000000000e+00
1.258315200000000011e+01 1.271505099999999899e+01 1.221383399999999853e+01 1.000000000000000000e+00
1.276781000000000077e+01 1.267548100000000133e+01 1.273263733333333469e+01 1.000000000000000000e+00
1.379662100000000002e+01 1.328221549999999951e+01 1.304919433333333423e+01 1.000000000000000000e+00
1.549811799999999984e+01 1.464736949999999993e+01 1.402084966666666510e+01 0.000000000000000000e+00
1.284694999999999965e+01 1.417253399999999885e+01 1.404722966666666650e+01 1.000000000000000000e+00
1.594656799999999919e+01 1.439675899999999942e+01 1.476387866666666504e+01 1.000000000000000000e+00
1.657968699999999984e+01 1.626312749999999951e+01 1.512440166666666563e+01 0.000000000000000000e+00
1.588062599999999946e+01 1.623015649999999965e+01 1.613562699999999950e+01 1.000000000000000000e+00
2.206668099999999910e+01 1.897365349999999751e+01 1.817566466666666614e+01 1.000000000000000000e+00
2.697332199999999958e+01 2.452000149999999934e+01 2.164020966666666368e+01 0.000000000000000000e+00
2.635339199999999948e+01 2.666335699999999775e+01 2.513113166666666487e+01 1.000000000000000000e+00
3.160295699999999997e+01 2.897817450000000150e+01 2.830989033333333182e+01 0.000000000000000000e+00
2.593131400000000042e+01 2.876713550000000197e+01 2.796255433333333329e+01 1.000000000000000000e+00
2.669633100000000070e+01 2.631382250000000056e+01 2.807686733333333606e+01 0.000000000000000000e+00
2.569389899999999827e+01 2.619511500000000126e+01 2.610718133333333313e+01 1.000000000000000000e+00
3.244712100000000277e+01 2.907050999999999874e+01 2.827911700000000295e+01 1.000000000000000000e+00
3.511148099999999772e+01 3.377930100000000380e+01 3.108416699999999722e+01 0.000000000000000000e+00
3.439922299999999922e+01 3.475535200000000202e+01 3.398594166666666894e+01 0.000000000000000000e+00
3.366058699999999959e+01 3.402990499999999940e+01 3.439043033333333454e+01 1.000000000000000000e+00
3.846171199999999857e+01 3.606114949999999908e+01 3.550717399999999913e+01 1.000000000000000000e+00
5.070192000000000121e+01 4.458181600000000344e+01 4.094140633333333312e+01 1.000000000000000000e+00
5.376197400000000215e+01 5.223194700000000523e+01 4.764186866666667441e+01 1.000000000000000000e+00
5.756066100000000318e+01 5.566131750000000267e+01 5.400818500000000455e+01 0.000000000000000000e+00
5.180987900000000224e+01 5.468527000000000271e+01 5.437750466666667393e+01 0.000000000000000000e+00
4.727254099999999681e+01 4.954120999999999952e+01 5.221436033333333171e+01 1.000000000000000000e+00
5.370921299999999832e+01 5.049087699999999757e+01 5.093054433333333009e+01 1.000000000000000000e+00
5.930171599999999899e+01 5.650546450000000220e+01 5.342782333333332900e+01 0.000000000000000000e+00
5.481715799999999916e+01 5.705943700000000263e+01 5.594269566666667259e+01 1.000000000000000000e+00
6.399735299999999683e+01 5.940725549999999799e+01 5.937207566666666736e+01 0.000000000000000000e+00
5.894557999999999964e+01 6.147146649999999823e+01 5.925336366666666521e+01 0.000000000000000000e+00
4.890809200000000345e+01 5.392683600000000155e+01 5.728367499999999524e+01 1.000000000000000000e+00
5.370921299999999832e+01 5.130865250000000088e+01 5.385429500000000047e+01 0.000000000000000000e+00
5.397301900000000074e+01 5.384111599999999953e+01 5.219677466666666987e+01 1.000000000000000000e+00
5.935448099999999982e+01 5.666375000000000028e+01 5.567890433333332822e+01 1.000000000000000000e+00
6.083176399999999973e+01 6.009312249999999977e+01 5.805308800000000247e+01 0.000000000000000000e+00
5.080743799999999766e+01 5.581960099999999869e+01 5.699789433333333477e+01 1.000000000000000000e+00
5.161149600000000248e+01 5.120946700000000362e+01 5.441689933333333329e+01 1.000000000000000000e+00
5.603484000000000265e+01 5.382316800000000256e+01 5.281792466666666996e+01 0.000000000000000000e+00
5.122318299999999880e+01 5.362901150000000428e+01 5.295650633333332991e+01 1.000000000000000000e+00
5.293681300000000078e+01 5.207999800000000334e+01 5.339827866666666978e+01 1.000000000000000000e+00
5.427902199999999766e+01 5.360791749999999922e+01 5.281300600000000145e+01 0.000000000000000000e+00
4.961085500000000081e+01 5.194493849999999924e+01 5.227556333333333072e+01 0.000000000000000000e+00
4.796475999999999829e+01 4.878780749999999955e+01 5.061821233333333225e+01 1.000000000000000000e+00
5.607707200000000114e+01 5.202091599999999971e+01 5.121756233333334052e+01 0.000000000000000000e+00
4.764397799999999705e+01 5.186052499999999554e+01 5.056193666666666786e+01 0.000000000000000000e+00
4.685047500000000298e+01 4.724722649999999646e+01 5.019050833333333372e+01 1.000000000000000000e+00
4.894398100000000085e+01 4.789722799999999836e+01 4.781281133333333599e+01 1.000000000000000000e+00
5.037902799999999814e+01 4.966150449999999950e+01 4.872449466666666495e+01 0.000000000000000000e+00
4.463879800000000131e+01 4.750891299999999973e+01 4.798726899999999773e+01 0.000000000000000000e+00
4.020699299999999710e+01 4.242289549999999565e+01 4.507493966666666552e+01 0.000000000000000000e+00
3.535311899999999952e+01 3.778005600000000186e+01 4.006630333333333027e+01 1.000000000000000000e+00
3.852712999999999965e+01 3.694012449999999603e+01 3.802908066666666542e+01 0.000000000000000000e+00
3.801219900000000251e+01 3.826966450000000464e+01 3.729748266666666723e+01 0.000000000000000000e+00
3.520116399999999857e+01 3.660668150000000054e+01 3.724683100000000735e+01 1.000000000000000000e+00
3.930375300000000038e+01 3.725245850000000303e+01 3.750570533333333145e+01 1.000000000000000000e+00
3.984400899999999979e+01 3.957388100000000009e+01 3.811630866666666861e+01 1.000000000000000000e+00
4.080633499999999714e+01 4.032517199999999491e+01 3.998469899999999910e+01 1.000000000000000000e+00
4.301801300000000339e+01 4.191217400000000026e+01 4.122278566666665967e+01 1.000000000000000000e+00
4.612451200000000284e+01 4.457126250000000312e+01 4.331628666666666305e+01 1.000000000000000000e+00
4.858099399999999690e+01 4.735275299999999987e+01 4.590783966666666771e+01 1.000000000000000000e+00
5.174655500000000075e+01 5.016377450000000238e+01 4.881735366666666920e+01 1.000000000000000000e+00
5.465043599999999913e+01 5.319849549999999994e+01 5.165932833333332752e+01 1.000000000000000000e+00
5.566343299999999772e+01 5.515693449999999842e+01 5.402014133333333490e+01 1.000000000000000000e+00
5.860952799999999741e+01 5.713648049999999756e+01 5.630779899999999571e+01 0.000000000000000000e+00
5.566343299999999772e+01 5.713648049999999756e+01 5.664546466666666902e+01 0.000000000000000000e+00
5.446474099999999652e+01 5.506408700000000067e+01 5.624590066666666388e+01 0.000000000000000000e+00
5.213486499999999779e+01 5.329980299999999716e+01 5.408767966666666638e+01 0.000000000000000000e+00
4.864007600000000053e+01 5.038747049999999916e+01 5.174656066666666021e+01 1.000000000000000000e+00
5.216019099999999753e+01 5.040013349999999548e+01 5.097837733333333432e+01 1.000000000000000000e+00
5.458292399999999844e+01 5.337155749999999443e+01 5.179439699999999647e+01 0.000000000000000000e+00
5.362902100000000161e+01 5.410597250000000003e+01 5.345737866666666349e+01 0.000000000000000000e+00
4.908746699999999663e+01 5.135824399999999912e+01 5.243313733333332749e+01 0.000000000000000000e+00
4.761865199999999732e+01 4.835305950000000053e+01 5.011171333333333422e+01 0.000000000000000000e+00
4.617515199999999709e+01 4.689690199999999720e+01 4.762709033333333508e+01 0.000000000000000000e+00
4.606541800000000109e+01 4.612028499999999553e+01 4.661974066666666516e+01 1.000000000000000000e+00
4.801540800000000075e+01 4.704041300000000092e+01 4.675199266666666631e+01 1.000000000000000000e+00
5.004980499999999921e+01 4.903260649999999998e+01 4.804354366666666465e+01 0.000000000000000000e+00
4.795631000000000199e+01 4.900305749999999705e+01 4.867384100000000302e+01 0.000000000000000000e+00
4.794787199999999672e+01 4.795209099999999580e+01 4.865132899999999694e+01 1.000000000000000000e+00
5.068292600000000192e+01 4.931539899999999932e+01 4.886236933333333354e+01 1.000000000000000000e+00
5.415238599999999991e+01 5.241765600000000092e+01 5.092772800000000188e+01 0.000000000000000000e+00
5.254007000000000005e+01 5.334622799999999643e+01 5.245846066666666729e+01 0.000000000000000000e+00
5.200824000000000069e+01 5.227415500000000037e+01 5.290023199999999548e+01 0.000000000000000000e+00
4.913812999999999676e+01 5.057318499999999517e+01 5.122881333333333487e+01 0.000000000000000000e+00
4.913812999999999676e+01 4.913812999999999676e+01 5.009483333333332666e+01 1.000000000000000000e+00
5.282708000000000226e+01 5.098260499999999951e+01 5.036778000000000333e+01 0.000000000000000000e+00
5.103746799999999695e+01 5.193227399999999960e+01 5.100089266666666532e+01 1.000000000000000000e+00
6.733805800000000374e+01 5.918776300000000390e+01 5.706753533333333195e+01 0.000000000000000000e+00
6.744778399999999863e+01 6.739292100000000119e+01 6.194110333333333074e+01 0.000000000000000000e+00
6.725364700000000084e+01 6.735071550000000684e+01 6.734649633333333441e+01 0.000000000000000000e+00
6.383481599999999645e+01 6.554423149999999509e+01 6.617874899999999627e+01 1.000000000000000000e+00
6.831729900000000555e+01 6.607605750000000455e+01 6.646858733333333191e+01 0.000000000000000000e+00
6.656987800000000277e+01 6.744358850000000416e+01 6.624066433333332782e+01 0.000000000000000000e+00
6.153029300000000035e+01 6.405008549999999445e+01 6.547249000000000763e+01 1.000000000000000000e+00
6.371664400000000228e+01 6.262346850000000131e+01 6.393893833333333276e+01 0.000000000000000000e+00
6.141208999999999918e+01 6.256436700000000428e+01 6.221967566666666727e+01 0.000000000000000000e+00
5.714912799999999748e+01 5.928060899999999833e+01 6.075928733333333298e+01 0.000000000000000000e+00
5.705628200000000305e+01 5.710270500000000027e+01 5.853916666666666657e+01 0.000000000000000000e+00
5.506409099999999768e+01 5.606018650000000036e+01 5.642316699999999940e+01 1.000000000000000000e+00
5.884587899999999649e+01 5.695498499999999353e+01 5.698875066666666811e+01 0.000000000000000000e+00
5.742770000000000152e+01 5.813678949999999901e+01 5.711255666666666997e+01 1.000000000000000000e+00
6.038223299999999938e+01 5.890496650000000045e+01 5.888527066666666343e+01 1.000000000000000000e+00
6.407964300000000435e+01 6.223093800000000186e+01 6.062985866666667079e+01 0.000000000000000000e+00
5.996862800000000249e+01 6.202413549999999987e+01 6.147683466666666874e+01 0.000000000000000000e+00
5.766405900000000173e+01 5.881634350000000211e+01 6.057077666666666715e+01 1.000000000000000000e+00
5.940302299999999747e+01 5.853354099999999960e+01 5.901190333333332916e+01 0.000000000000000000e+00
5.424525100000000322e+01 5.682413700000000034e+01 5.710411099999999607e+01 0.000000000000000000e+00
4.717125699999999711e+01 5.070825399999999661e+01 5.360651033333332549e+01 1.000000000000000000e+00
5.414394399999999763e+01 5.065760050000000092e+01 5.185348400000000169e+01 0.000000000000000000e+00
4.765241600000000233e+01 5.089817999999999643e+01 4.965587233333334183e+01 0.000000000000000000e+00
4.667319899999999677e+01 4.716280749999999955e+01 4.948985300000000365e+01 0.000000000000000000e+00
4.536476900000000256e+01 4.601898400000000322e+01 4.656346133333332915e+01 0.000000000000000000e+00
4.230049499999999796e+01 4.383263200000000381e+01 4.477948766666666103e+01 1.000000000000000000e+00
4.775371599999999717e+01 4.502710549999999756e+01 4.513965999999999923e+01 1.000000000000000000e+00
4.905370299999999872e+01 4.840370949999999794e+01 4.636930466666666462e+01 0.000000000000000000e+00
4.663943100000000186e+01 4.784656700000000029e+01 4.781561666666666355e+01 0.000000000000000000e+00
3.920244600000000190e+01 4.292093850000000543e+01 4.496519333333333179e+01 0.000000000000000000e+00
3.932906700000000200e+01 3.926575650000000195e+01 4.172364800000000429e+01 0.000000000000000000e+00
3.842582699999999818e+01 3.887744700000000364e+01 3.898577999999999832e+01 0.000000000000000000e+00
3.526870300000000213e+01 3.684726500000000016e+01 3.767453233333333884e+01 0.000000000000000000e+00
3.534467699999999724e+01 3.530669000000000324e+01 3.634640233333333725e+01 1.000000000000000000e+00
3.716803699999999822e+01 3.625635699999999417e+01 3.592713900000000393e+01 1.000000000000000000e+00
3.981022999999999712e+01 3.848913349999999411e+01 3.744098133333332612e+01 1.000000000000000000e+00
5.286927800000000133e+01 4.633975399999999922e+01 4.328251499999999652e+01 0.000000000000000000e+00
5.305499300000000318e+01 5.296213550000000225e+01 4.857816700000000054e+01 0.000000000000000000e+00
5.003292499999999876e+01 5.154395900000000097e+01 5.198573200000000583e+01 1.000000000000000000e+00
5.055629299999999660e+01 5.029460899999999413e+01 5.121473699999999241e+01 0.000000000000000000e+00
4.688424700000000200e+01 4.872026999999999930e+01 4.915782166666665631e+01 1.000000000000000000e+00
4.874982099999999718e+01 4.781703399999999959e+01 4.873012033333333193e+01 0.000000000000000000e+00
4.630178099999999830e+01 4.752580100000000130e+01 4.731194966666666346e+01 0.000000000000000000e+00
4.130439400000000205e+01 4.380308750000000373e+01 4.545199866666666821e+01 1.000000000000000000e+00
4.180244100000000174e+01 4.155341750000000189e+01 4.313620533333332929e+01 0.000000000000000000e+00
4.091608399999999790e+01 4.135926249999999982e+01 4.134097299999999819e+01 1.000000000000000000e+00
4.215698199999999929e+01 4.153653299999999859e+01 4.162516899999999964e+01 1.000000000000000000e+00
4.468944900000000331e+01 4.342321549999999775e+01 4.258750500000000017e+01 1.000000000000000000e+00
5.259915500000000321e+01 4.864430200000000326e+01 4.648186199999999957e+01 0.000000000000000000e+00
5.046344799999999964e+01 5.153130149999999787e+01 4.925068399999999968e+01 1.000000000000000000e+00
5.084333000000000169e+01 5.065338900000000422e+01 5.130197766666666581e+01 0.000000000000000000e+00
4.526346199999999698e+01 4.805339599999999933e+01 4.885674666666667321e+01 1.000000000000000000e+00
4.756800499999999943e+01 4.641573350000000175e+01 4.789159900000000647e+01 0.000000000000000000e+00
4.775371599999999717e+01 4.766086049999999830e+01 4.686172766666666689e+01 1.000000000000000000e+00
4.936605500000000291e+01 4.855988550000000004e+01 4.822925866666665939e+01 0.000000000000000000e+00
4.778747599999999807e+01 4.857676550000000049e+01 4.830241566666666131e+01 1.000000000000000000e+00
5.051410299999999864e+01 4.915078950000000191e+01 4.922254466666666417e+01 0.000000000000000000e+00
4.837840299999999871e+01 4.944625299999999868e+01 4.889332733333333181e+01 0.000000000000000000e+00
4.371022800000000075e+01 4.604431549999999618e+01 4.753424466666666603e+01 1.000000000000000000e+00
4.440241999999999933e+01 4.405632400000000359e+01 4.549701699999999960e+01 1.000000000000000000e+00
4.603163899999999842e+01 4.521702949999999532e+01 4.471476233333333994e+01 0.000000000000000000e+00
4.308554800000000284e+01 4.455859350000000063e+01 4.450653566666667160e+01 1.000000000000000000e+00
4.652125199999999694e+01 4.480339999999999634e+01 4.521281300000000414e+01 1.000000000000000000e+00
4.827708799999999911e+01 4.739916999999999803e+01 4.596129599999999726e+01 0.000000000000000000e+00
4.447839700000000107e+01 4.637774249999999654e+01 4.642557899999999904e+01 1.000000000000000000e+00
4.634398999999999802e+01 4.541119349999999599e+01 4.636649166666666133e+01 0.000000000000000000e+00
4.649593000000000131e+01 4.641996000000000322e+01 4.577277233333332873e+01 0.000000000000000000e+00
4.333035699999999935e+01 4.491314350000000388e+01 4.539009233333333526e+01 1.000000000000000000e+00
4.511996100000000354e+01 4.422515900000000499e+01 4.498208266666667754e+01 1.000000000000000000e+00
4.799008200000000102e+01 4.655502150000000228e+01 4.548013333333333463e+01 1.000000000000000000e+00
5.110499999999999687e+01 4.954754099999999539e+01 4.807168100000000521e+01 0.000000000000000000e+00
4.925631299999999868e+01 5.018065649999999778e+01 4.945046500000000123e+01 0.000000000000000000e+00
4.617515199999999709e+01 4.771573250000000144e+01 4.884548833333332851e+01 1.000000000000000000e+00
4.676606400000000008e+01 4.647060799999999858e+01 4.739917633333333669e+01 0.000000000000000000e+00
4.664776200000000017e+01 4.670691300000000012e+01 4.652965933333333481e+01 1.000000000000000000e+00
4.860839500000000157e+01 4.762807850000000087e+01 4.734074033333333631e+01 1.000000000000000000e+00
4.915159599999999784e+01 4.887999549999999971e+01 4.813591766666667127e+01 1.000000000000000000e+00
5.476625400000000354e+01 5.195892500000000069e+01 5.084208166666667239e+01 1.000000000000000000e+00
5.793913299999999822e+01 5.635269350000000088e+01 5.395232766666666890e+01 0.000000000000000000e+00
5.800737000000000165e+01 5.797325150000000349e+01 5.690425233333333921e+01 0.000000000000000000e+00
5.828474800000000045e+01 5.814605900000000105e+01 5.807708366666667388e+01 1.000000000000000000e+00
6.097730599999999868e+01 5.963102700000000311e+01 5.908980800000000499e+01 0.000000000000000000e+00
5.961388000000000176e+01 6.029559299999999666e+01 5.962531133333333599e+01 1.000000000000000000e+00
6.284044999999999703e+01 6.122716499999999940e+01 6.114387866666666582e+01 1.000000000000000000e+00
7.119216199999999617e+01 6.701630600000000015e+01 6.454883066666666025e+01 1.000000000000000000e+00
7.232985700000000406e+01 7.176100950000000012e+01 6.878748966666667286e+01 1.000000000000000000e+00
7.296820800000000418e+01 7.264903250000000412e+01 7.216340900000000147e+01 1.000000000000000000e+00
7.487270399999999881e+01 7.392045600000000150e+01 7.339025633333334042e+01 1.000000000000000000e+00
7.687245199999999556e+01 7.587257800000000429e+01 7.490445466666666618e+01 0.000000000000000000e+00
7.493710299999999336e+01 7.590477749999999446e+01 7.556075299999999118e+01 0.000000000000000000e+00
7.429380799999999851e+01 7.461545549999999594e+01 7.536778766666667195e+01 1.000000000000000000e+00
7.958808899999999653e+01 7.694094849999999042e+01 7.627299999999999613e+01 1.000000000000000000e+00
8.960139499999999657e+01 8.459474199999999655e+01 8.116109733333333054e+01 1.000000000000000000e+00
9.108730300000000568e+01 9.034434899999999402e+01 8.675892900000000907e+01 0.000000000000000000e+00
8.787072799999999972e+01 8.947901550000000270e+01 8.951980866666666259e+01 0.000000000000000000e+00
8.661705800000000011e+01 8.724389299999999992e+01 8.852502966666666850e+01 1.000000000000000000e+00
9.507157100000000582e+01 9.084431449999999586e+01 8.985311899999999241e+01 1.000000000000000000e+00
9.564221999999999468e+01 9.535689550000000736e+01 9.244361633333333828e+01 1.000000000000000000e+00
9.868850700000000131e+01 9.716536349999999800e+01 9.646743266666668148e+01 1.000000000000000000e+00
1.024096150000000023e+02 1.005490609999999947e+02 9.891344733333333750e+01 0.000000000000000000e+00
1.005931319999999971e+02 1.015013734999999997e+02 1.005637513333333146e+02 0.000000000000000000e+00
1.010126649999999984e+02 1.008028984999999977e+02 1.013384706666666517e+02 1.000000000000000000e+00
1.053248210000000000e+02 1.031687430000000063e+02 1.023102059999999938e+02 1.000000000000000000e+00
1.098140640000000019e+02 1.075694425000000081e+02 1.053838500000000096e+02 0.000000000000000000e+00
1.097685550000000063e+02 1.097913095000000112e+02 1.083024800000000027e+02 0.000000000000000000e+00
9.945385699999999929e+01 1.046112060000000099e+02 1.063454919999999930e+02 1.000000000000000000e+00
1.032273030000000063e+02 1.013405800000000028e+02 1.041499050000000040e+02 1.000000000000000000e+00
1.059237289999999945e+02 1.045755159999999933e+02 1.028682963333333333e+02 1.000000000000000000e+00
1.139953000000000003e+02 1.099595144999999974e+02 1.077154439999999909e+02 1.000000000000000000e+00
1.247246090000000009e+02 1.193599545000000006e+02 1.148812126666666700e+02 1.000000000000000000e+00
1.262961430000000007e+02 1.255103760000000079e+02 1.216720173333333292e+02 1.000000000000000000e+00
1.458258969999999977e+02 1.360610199999999850e+02 1.322822163333333378e+02 1.000000000000000000e+00
1.486402439999999956e+02 1.472330704999999966e+02 1.402540946666666457e+02 0.000000000000000000e+00
1.437745820000000094e+02 1.462074130000000025e+02 1.460802410000000009e+02 0.000000000000000000e+00
1.374293519999999944e+02 1.406019670000000019e+02 1.432813926666666760e+02 1.000000000000000000e+00
1.423575289999999995e+02 1.398934404999999970e+02 1.411871543333333250e+02 1.000000000000000000e+00
1.450439149999999984e+02 1.437007219999999847e+02 1.416102653333333308e+02 0.000000000000000000e+00
1.432836149999999975e+02 1.441637650000000122e+02 1.435616863333333129e+02 0.000000000000000000e+00
1.417864069999999970e+02 1.425350109999999972e+02 1.433713123333333499e+02 0.000000000000000000e+00
1.399869380000000092e+02 1.408866725000000031e+02 1.416856533333333346e+02 1.000000000000000000e+00
1.610232090000000085e+02 1.505050735000000088e+02 1.475988513333333287e+02 0.000000000000000000e+00
1.384002839999999992e+02 1.497117465000000038e+02 1.464701436666666723e+02 0.000000000000000000e+00
1.267135090000000019e+02 1.325568964999999935e+02 1.420456673333333413e+02 1.000000000000000000e+00
1.449070739999999944e+02 1.358102915000000053e+02 1.366736223333333271e+02 1.000000000000000000e+00
1.475820160000000101e+02 1.462445450000000164e+02 1.397341996666666830e+02 1.000000000000000000e+00
1.494615780000000029e+02 1.485217969999999923e+02 1.473168893333333642e+02 0.000000000000000000e+00
1.406225739999999860e+02 1.450420760000000087e+02 1.458887226666666663e+02 0.000000000000000000e+00
1.310010220000000061e+02 1.358117980000000102e+02 1.403617246666666745e+02 1.000000000000000000e+00
1.390044560000000047e+02 1.350027390000000196e+02 1.368760173333333512e+02 1.000000000000000000e+00
1.467645420000000058e+02 1.428844990000000053e+02 1.389233400000000245e+02 0.000000000000000000e+00
1.464400789999999972e+02 1.466023104999999873e+02 1.440696923333333359e+02 0.000000000000000000e+00
1.419913640000000044e+02 1.442157215000000008e+02 1.450653283333333263e+02 1.000000000000000000e+00
1.605440370000000030e+02 1.512677004999999895e+02 1.496584933333333254e+02 0.000000000000000000e+00
1.587055660000000046e+02 1.596248014999999896e+02 1.537469889999999850e+02 0.000000000000000000e+00
1.565775299999999959e+02 1.576415480000000002e+02 1.586090443333333440e+02 0.000000000000000000e+00
1.325009459999999990e+02 1.445392380000000117e+02 1.492613473333333332e+02 1.000000000000000000e+00
1.352324519999999950e+02 1.338666989999999828e+02 1.414369759999999872e+02 1.000000000000000000e+00
1.381682279999999992e+02 1.367003399999999829e+02 1.353005419999999788e+02 1.000000000000000000e+00
1.480623319999999978e+02 1.431152799999999843e+02 1.404876706666666450e+02 1.000000000000000000e+00
1.668205719999999985e+02 1.574414519999999982e+02 1.510170439999999701e+02 0.000000000000000000e+00
1.561152500000000032e+02 1.614679110000000151e+02 1.569993846666666570e+02 0.000000000000000000e+00
1.554016110000000026e+02 1.557584305000000029e+02 1.594458110000000204e+02 0.000000000000000000e+00
1.477133479999999963e+02 1.515574794999999995e+02 1.530767363333333435e+02 1.000000000000000000e+00
1.650643770000000075e+02 1.563888625000000161e+02 1.560597786666666877e+02 1.000000000000000000e+00
1.672494959999999935e+02 1.661569365000000005e+02 1.600090736666666942e+02 1.000000000000000000e+00
1.703738859999999988e+02 1.688116909999999962e+02 1.675625863333333427e+02 1.000000000000000000e+00
1.798978730000000041e+02 1.751358794999999873e+02 1.725070849999999893e+02 0.000000000000000000e+00
1.690625149999999906e+02 1.744801939999999831e+02 1.731114246666666361e+02 0.000000000000000000e+00
1.694870610000000113e+02 1.692747880000000009e+02 1.728158163333333448e+02 0.000000000000000000e+00
1.689358829999999898e+02 1.692114720000000148e+02 1.691618196666666734e+02 1.000000000000000000e+00
1.807390589999999975e+02 1.748374709999999936e+02 1.730540009999999995e+02 0.000000000000000000e+00
1.785241240000000005e+02 1.796315915000000132e+02 1.760663553333333482e+02 0.000000000000000000e+00
1.668654170000000079e+02 1.726947705000000042e+02 1.753762000000000114e+02 1.000000000000000000e+00
1.707806239999999889e+02 1.688230204999999842e+02 1.720567216666666752e+02 1.000000000000000000e+00
1.758116300000000081e+02 1.732961270000000127e+02 1.711525570000000016e+02 1.000000000000000000e+00
1.820707859999999982e+02 1.789412080000000174e+02 1.762210133333333317e+02 1.000000000000000000e+00
1.938675690000000031e+02 1.879691775000000007e+02 1.839166616666666698e+02 1.000000000000000000e+00
1.970830689999999947e+02 1.954753190000000131e+02 1.910071413333333510e+02 1.000000000000000000e+00
