1989-11-01,1.651786,1.687500,1.517857,1.580357,0.135998,631234800
1989-12-01,1.589286,1.633929,1.160714,1.258929,0.116345,1485296400
1990-01-01,1.258929,1.383929,1.147321,1.214286,0.112219,936874400
1990-02-01,1.232143,1.258929,1.151786,1.214286,0.112219,620972800
1990-03-01,1.196429,1.549107,1.187500,1.437500,0.145975,1139118400
1990-04-01,1.428571,1.580357,1.361607,1.406250,0.142802,910618800
1990-05-01,1.419643,1.526786,1.383929,1.473214,0.149602,1028907600
1990-06-01,1.477679,1.602679,1.339286,1.598214,0.175927,988013600
1990-07-01,1.589286,1.705357,1.428571,1.500000,0.165116,1040953200
1990-08-01,1.500000,1.562500,1.196429,1.321429,0.145459,782084800
1990-09-01,1.303571,1.339286,0.973214,1.035714,0.124516,551737200
1990-10-01,1.053571,1.142857,0.866071,1.098214,0.132029,1264029200
1990-11-01,1.089286,1.375000,1.062500,1.312500,0.157791,813652000
1990-12-01,1.330357,1.616071,1.321429,1.535714,0.203632,1023523200
1991-01-01,1.526786,2.000000,1.500000,1.982143,0.262828,1759326800
1991-02-01,1.982143,2.223214,1.955357,2.044643,0.271115,1386445200
1991-03-01,2.035714,2.508929,2.035714,2.428571,0.342147,1302649600
1991-04-01,2.428571,2.616071,1.946429,1.964286,0.276737,1810762800
1991-05-01,1.714286,1.919643,1.571429,1.678571,0.236484,1993210800
1991-06-01,1.678571,1.767857,1.437500,1.482143,0.224888,1022915600
1991-07-01,1.508929,1.723214,1.491071,1.651786,0.250628,945873600
1991-08-01,1.642857,1.982143,1.633929,1.892857,0.287206,1043162400
1991-09-01,1.883929,1.910714,1.660714,1.767857,0.286305,598267600
1991-10-01,1.758929,2.008929,1.660714,1.839286,0.297873,898497600
1991-11-01,1.830357,1.973214,1.696429,1.812500,0.293535,924008400
1991-12-01,1.812500,2.071429,1.732143,2.013393,0.349560,651792400
1992-01-01,1.991071,2.464286,1.982143,2.312500,0.401490,1175790000
1992-02-01,2.312500,2.500000,2.205357,2.410714,0.418542,633749200
1992-03-01,2.419643,2.446429,2.062500,2.080357,0.381117,746415600
1992-04-01,2.044643,2.187500,1.892857,2.147321,0.393385,982847600
1992-05-01,2.142857,2.258929,2.080357,2.133929,0.390931,675931200
1992-06-01,2.044643,2.125000,1.526786,1.714286,0.314053,1212920800
1992-07-01,1.714286,1.767857,1.553571,1.669643,0.324100,908202400
1992-08-01,1.669643,1.687500,1.482143,1.642857,0.318901,686632800
1992-09-01,1.651786,1.785714,1.562500,1.611607,0.338231,763915600
1992-10-01,1.598214,1.928571,1.482143,1.875000,0.393510,882856800
1992-11-01,1.875000,2.125000,1.839286,2.053571,0.430987,781636800
1992-12-01,2.044643,2.187500,1.946429,2.133929,0.476168,833579600
1993-01-01,2.125000,2.330357,2.044643,2.125000,0.474176,1385566000
1993-02-01,2.116071,2.196429,1.839286,1.892857,0.422375,1162820400
1993-03-01,1.892857,2.062500,1.794643,1.839286,0.437061,915381600
1993-04-01,1.830357,1.875000,1.669643,1.830357,0.434940,978602800
1993-05-01,1.830357,2.111607,1.821429,2.022321,0.480555,800136400
1993-06-01,2.017857,2.080357,1.375000,1.410714,0.356026,1918599200
1993-07-01,1.392857,1.419643,0.910714,0.991071,0.250120,1785728000
1993-08-01,1.008929,1.098214,0.924107,0.946429,0.238853,920791200
1993-09-01,0.946429,0.964286,0.821429,0.834821,0.240164,917005600
1993-10-01,0.812500,1.151786,0.785714,1.098214,0.315938,1476330800
1993-11-01,1.098214,1.250000,1.062500,1.125000,0.323643,863027200
1993-12-01,1.142857,1.160714,0.946429,1.044643,0.334029,989242800
1994-01-01,1.053571,1.258929,1.026786,1.169643,0.373998,1833008800
1994-02-01,1.178571,1.366071,1.151786,1.303571,0.416822,1071114800
1994-03-01,1.312500,1.375000,1.125000,1.187500,0.422037,1314496400
1994-04-01,1.151786,1.223214,0.964286,1.071429,0.380786,1010534000
1994-05-01,1.071429,1.205357,1.017857,1.044643,0.371266,840414400
1994-06-01,1.017857,1.022321,0.879464,0.946429,0.378003,1167947200
1994-07-01,0.941964,1.214286,0.906250,1.203125,0.480527,1212016400
1994-08-01,1.200893,1.334821,1.147321,1.292411,0.516188,1143724400
1994-09-01,1.263393,1.330357,1.191964,1.203125,0.531963,808161200
1994-10-01,1.200893,1.562500,1.160714,1.542411,0.681979,1928371200
1994-11-01,1.531250,1.553011,1.299107,1.330357,0.588219,1012236400
1994-12-01,1.321429,1.424107,1.241071,1.392857,0.672329,946948800
1995-01-01,1.388393,1.716518,1.352679,1.441964,0.696033,2040525200
1995-02-01,1.455357,1.589286,1.357143,1.410714,0.680949,1324836800
1995-03-01,1.419643,1.455357,1.209821,1.258929,0.658234,1749286000
1995-04-01,1.267857,1.415179,1.200893,1.366071,0.714254,1418575200
1995-05-01,1.366071,1.584821,1.339286,1.484375,0.776110,1596168000
1995-06-01,1.495536,1.790179,1.482143,1.658482,0.939955,1380486800
1995-07-01,1.660714,1.781250,1.535714,1.607143,0.910858,1424894800
1995-08-01,1.602679,1.651786,1.495536,1.535714,0.870375,1323229600
1995-09-01,1.535714,1.625000,1.241071,1.330357,0.816230,1827870800
1995-10-01,1.348214,1.412946,1.200893,1.296875,0.795687,1624627200
1995-11-01,1.308036,1.517857,1.267857,1.361607,0.835403,1216073600
1995-12-01,1.357143,1.433036,1.129464,1.138393,0.764999,1640060800
1996-01-01,1.151786,1.267857,0.959261,0.986607,0.662999,2575053600
1996-02-01,0.982143,1.080357,0.973214,0.982143,0.659999,1163024800
1996-03-01,0.986607,0.986607,0.821429,0.877232,0.589500,836687600
1996-04-01,0.897321,0.946429,0.848214,0.870536,0.585000,716769200
1996-05-01,0.870536,1.031250,0.839286,0.933036,0.626999,900975600
1996-06-01,0.924107,0.928571,0.700893,0.750000,0.504000,1168484800
1996-07-01,0.754464,0.812500,0.571429,0.785714,0.527999,1200872400
1996-08-01,0.785714,0.892857,0.741071,0.866071,0.581999,796843600
1996-09-01,0.861607,0.879464,0.723214,0.792411,0.532500,803387200
1996-10-01,0.785714,0.991071,0.785714,0.821429,0.552000,1454244400
1996-11-01,0.834821,0.941964,0.825893,0.861607,0.578999,645341200
1996-12-01,0.861607,0.910714,0.741071,0.745536,0.501000,1036870800
1997-01-01,0.754464,0.794643,0.589286,0.593750,0.399000,2268184800
1997-02-01,0.602679,0.638393,0.540179,0.580357,0.390000,1143542400
1997-03-01,0.589286,0.691964,0.566964,0.651786,0.438000,1125560800
1997-04-01,0.629464,0.709821,0.598214,0.607143,0.408000,952431200
1997-05-01,0.602679,0.642857,0.584821,0.593750,0.399000,573176800
1997-06-01,0.607143,0.611607,0.500000,0.508929,0.342000,643076000
1997-07-01,0.497768,0.647321,0.455357,0.625000,0.420000,1695593200
1997-08-01,0.629464,1.055804,0.627232,0.776786,0.522000,4418926400
1997-09-01,0.785714,0.830357,0.750000,0.774554,0.520500,901518800
1997-10-01,0.774554,0.883929,0.566964,0.608257,0.408748,1607510800
1997-11-01,0.627232,0.767857,0.602679,0.633929,0.426000,1386870800
1997-12-01,0.631696,0.640625,0.455357,0.468750,0.315000,1274448000
1998-01-01,0.486607,0.714286,0.482143,0.654018,0.439500,2552894400
1998-02-01,0.660714,0.852679,0.620536,0.843750,0.566999,1838541600
1998-03-01,0.841518,1.000000,0.772321,0.982143,0.659999,2656494400
1998-04-01,0.979911,1.058036,0.881696,0.977679,0.656999,2020471600
1998-05-01,0.982143,1.129464,0.915179,0.950893,0.638999,1700834800
1998-06-01,0.946429,1.035714,0.915179,1.024554,0.688499,977460400
1998-07-01,1.031250,1.361607,1.017857,1.236607,0.830999,2731915200
1998-08-01,1.223214,1.562500,1.107143,1.113839,0.748499,3305218000
1998-09-01,1.120536,1.435268,1.093750,1.361607,0.914999,2020079600
1998-10-01,1.312500,1.475446,1.017857,1.325893,0.890999,3232731600
1998-11-01,1.339286,1.406250,1.133929,1.140625,0.766499,2530880800
1998-12-01,1.142857,1.482143,1.129464,1.462054,0.982499,3231026400
1999-01-01,1.504464,1.689732,1.323661,1.470982,0.988499,3781850800
1999-02-01,1.488839,1.497768,1.232143,1.243304,0.835499,2029129200
1999-03-01,1.243304,1.325893,1.142857,1.283482,0.862499,2487998800
1999-04-01,1.287946,1.683036,1.196429,1.642857,1.103999,3972242400
1999-05-01,1.645089,1.785714,1.462054,1.573661,1.057499,2227226400
1999-06-01,1.607143,1.750000,1.502232,1.654018,1.111499,1729655200
1999-07-01,1.654018,2.022321,1.613839,1.988839,1.336499,2866645600
1999-08-01,1.986607,2.352679,1.861607,2.330357,1.565998,2311150800
1999-09-01,2.392857,2.861607,2.051339,2.261161,1.519498,4741867200
1999-10-01,2.218750,2.895089,2.125000,2.861607,1.922999,3617124000
1999-11-01,2.857143,3.705357,2.761161,3.495536,2.348998,2156232400
1999-12-01,3.607143,4.214286,3.252232,3.671875,2.467498,2354553600
2000-01-01,3.745536,4.339286,3.089286,3.705357,2.489997,3138794400
2000-02-01,3.714286,4.283482,3.464286,4.093750,2.750997,1829945600
2000-03-01,4.234375,5.370536,4.071429,4.850446,3.259497,2174589200
2000-04-01,4.839286,4.982143,3.745536,4.430804,2.977497,2165601200
2000-05-01,4.459821,4.508929,2.919643,3.000000,2.015998,2451937600
2000-06-01,2.919643,4.116071,2.870536,3.741071,2.513997,2026301200
2000-07-01,3.723214,4.330357,3.348214,3.629464,2.438998,1436692600
2000-08-01,3.593750,4.392857,3.160714,4.352679,2.924998,1409021600
2000-09-01,4.379464,4.580357,1.812500,1.839286,1.235999,3629232600
2000-10-01,1.906250,1.910714,1.250000,1.397321,0.938999,5476447200
2000-11-01,1.388393,1.642857,1.151786,1.178571,0.791999,2122093400
2000-12-01,1.214286,1.250000,0.973214,1.062500,0.713999,2214742600
2001-01-01,1.062500,1.607143,1.031250,1.544643,1.037999,3427365200
2001-02-01,1.477679,1.566964,1.285714,1.303571,0.875999,1755941600
2001-03-01,1.272321,1.696429,1.227679,1.576429,1.059359,2699765600
2001-04-01,1.577857,1.937143,1.339286,1.820714,1.223519,2789747800
2001-05-01,1.815000,1.907143,1.378571,1.425000,0.957599,1867108600
2001-06-01,1.437857,1.792857,1.382143,1.660714,1.115999,1909566400
2001-07-01,1.688571,1.801429,1.275000,1.342143,0.901919,2163775600
2001-08-01,1.357857,1.421429,1.234286,1.325000,0.890399,1282339800
2001-09-01,1.321429,1.362857,1.048571,1.107857,0.744479,1382880800
2001-10-01,1.106429,1.387143,1.059286,1.254286,0.842879,1886061800
2001-11-01,1.260714,1.539286,1.232143,1.521429,1.022399,1342436200
2001-12-01,1.504286,1.716429,1.435000,1.564286,1.051199,1157459800
2002-01-01,1.575000,1.766429,1.446429,1.765714,1.186559,2128844200
2002-02-01,1.738571,1.855714,1.495714,1.550000,1.041599,1959356000
2002-03-01,1.566429,1.807143,1.558571,1.690714,1.136159,1329645800
2002-04-01,1.670000,1.869286,1.642857,1.733571,1.164959,1605709000
2002-05-01,1.735000,1.855714,1.581429,1.664286,1.118399,1494039400
2002-06-01,1.670714,1.675000,1.141429,1.265714,0.850559,2177004200
2002-07-01,1.265000,1.342143,0.985714,1.090000,0.732479,2029603800
2002-08-01,1.079286,1.160714,0.997857,1.053571,0.707999,1287921600
2002-09-01,1.035000,1.085000,1.003571,1.035714,0.695999,1322959400
2002-10-01,1.042143,1.174286,0.954286,1.147857,0.771359,1652858200
2002-11-01,1.138571,1.241429,1.072143,1.107143,0.743999,1132930400
2002-12-01,1.135714,1.150000,0.984286,1.023571,0.687839,1132609800
2003-01-01,1.025714,1.098571,0.968571,1.025714,0.689279,1511458200
2003-02-01,1.029286,1.092857,0.985714,1.072143,0.720479,1028575800
2003-03-01,1.072143,1.082857,1.002857,1.010000,0.678720,1007101200
2003-04-01,1.014286,1.067857,0.908571,1.015714,0.682559,1943835600
2003-05-01,1.017857,1.357857,1.000000,1.282143,0.861599,2702886200
2003-06-01,1.292857,1.406429,1.187857,1.361429,0.914879,1528333800
2003-07-01,1.347857,1.540714,1.322143,1.505714,1.011839,1304567600
2003-08-01,1.500000,1.632143,1.387143,1.615000,1.085279,1076891200
2003-09-01,1.618571,1.665714,1.439286,1.480000,0.994559,1336871200
2003-10-01,1.479286,1.786429,1.442143,1.635000,1.098719,1760047800
2003-11-01,1.630714,1.664286,1.417857,1.493571,1.003679,1243526200
2003-12-01,1.502857,1.564286,1.375000,1.526429,1.025759,1363468400
2004-01-01,1.539286,1.774286,1.512857,1.611429,1.082879,1981950600
2004-02-01,1.604286,1.721429,1.550000,1.708571,1.148159,1230507600
2004-03-01,1.721429,2.010000,1.685714,1.931429,1.297919,2906528800
2004-04-01,1.920714,2.112857,1.820714,1.841429,1.237439,2232543600
2004-05-01,1.857143,2.055714,1.821429,2.004286,1.346879,1326068800
2004-06-01,1.985000,2.442143,1.972143,2.324286,1.561918,2056808600
2004-07-01,2.292857,2.402143,2.052857,2.310000,1.552318,2424144800
2004-08-01,2.227143,2.512857,2.121428,2.463571,1.655519,2002841400
2004-09-01,2.450000,2.805000,2.442143,2.767857,1.859998,1918376600
2004-10-01,2.794286,3.800000,2.689286,3.742857,2.515198,4023591600
2004-11-01,3.750000,4.969285,3.717143,4.789286,3.218397,4359901000
2004-12-01,4.842143,4.853571,4.400000,4.600000,3.091198,3987153800
2005-01-01,4.627143,5.563571,4.471428,5.492857,3.691196,6427061200
2005-02-01,5.503572,6.491428,5.470000,6.408571,4.306555,5362236600
2005-03-01,6.427143,6.444286,5.547143,5.952857,4.000317,3668980000
2005-04-01,6.012857,6.350000,4.857143,5.151429,3.461757,4843879600
2005-05-01,5.172857,5.848571,4.730000,5.680000,3.816956,3214573600
2005-06-01,5.698571,5.822857,5.074286,5.258572,3.533756,2831798900
2005-07-01,5.261428,6.340000,5.184286,6.092857,4.094397,2523561600
2005-08-01,6.081429,6.904286,6.002857,6.698571,4.501435,2350201700
2005-09-01,6.714286,7.794286,6.584286,7.658571,5.146554,3086942600
2005-10-01,7.737143,8.282857,6.838572,8.227143,5.528636,4660861800
2005-11-01,8.177143,10.152857,8.124286,9.688571,6.510715,3364106900
2005-12-01,9.850000,10.780000,9.830000,10.270000,6.901434,3266041100
2006-01-01,10.340000,12.342857,10.124286,10.787143,7.248953,5469592800
2006-02-01,10.707143,10.922857,8.985714,9.784286,6.575033,4690174300
2006-03-01,9.834286,9.998571,8.238571,8.960000,6.021114,5798158100
2006-04-01,9.095715,10.292857,8.721429,10.055715,6.757433,5029820600
2006-05-01,10.110000,10.542857,8.384286,8.538571,5.737915,3902194800
2006-06-01,8.550000,9.014286,7.915714,8.181429,5.497917,4484155900
2006-07-01,8.217143,9.804286,7.165714,9.708571,6.524154,4369935500
2006-08-01,9.602858,10.000000,8.940000,9.692857,6.513592,4471911500
2006-09-01,9.782857,11.111428,9.688571,10.997143,7.390072,4430389600
2006-10-01,10.728572,11.800000,10.371428,11.582857,7.783673,3596989200
2006-11-01,11.585714,13.308572,11.112857,13.094286,8.799353,3458721000
2006-12-01,13.114285,13.190000,10.967143,12.120000,8.144631,4222698200
2007-01-01,12.327143,13.971429,11.700000,12.247143,8.230075,6802445300
2007-02-01,12.318571,12.972857,11.837143,12.087143,8.122551,3430588700
2007-03-01,12.004286,13.832857,11.964286,13.272857,8.919352,3979661000
2007-04-01,13.448571,14.642858,12.800000,14.257143,9.580791,3364935000
2007-05-01,14.227143,17.452858,14.078571,17.312857,11.634230,4341267000
2007-06-01,17.299999,18.230000,16.485714,17.434286,11.715828,5819885400
2007-07-01,17.292856,21.274286,17.042856,18.822857,12.648948,6004643400
2007-08-01,19.091429,19.950001,15.945714,19.782858,13.294068,6090199500
2007-09-01,19.991428,22.142857,18.571428,21.924286,14.733106,5232805900
2007-10-01,22.090000,27.160000,21.847143,27.135714,18.235186,5819447900
2007-11-01,26.942858,27.525715,21.518572,26.031429,17.493103,6549947600
2007-12-01,25.980000,28.994286,25.284286,28.297142,19.015663,4313169700
2008-01-01,28.467142,28.608572,18.020000,19.337143,12.994547,8793472100
2008-02-01,19.462856,19.512857,16.491428,17.860001,12.001910,6216488600
2008-03-01,17.777143,20.820000,16.857143,20.500000,13.775989,5731818400
2008-04-01,20.900000,25.714285,20.515715,24.850000,16.699181,5696745600
2008-05-01,24.994286,27.462856,24.571428,26.964285,18.119980,4647053600
2008-06-01,26.942858,27.135714,23.450001,23.920000,16.074228,4868948700
2008-07-01,23.461428,25.844286,20.932858,22.707144,15.259187,4937440200
2008-08-01,22.842857,25.778572,21.844286,24.218571,16.274868,3271438800
2008-09-01,24.628571,24.785715,14.370000,16.237143,10.911348,6016890600
2008-10-01,15.988571,16.628571,12.142858,15.370000,10.328629,10356677800
2008-11-01,15.132857,15.970000,11.305715,13.238571,8.896312,5904865400
2008-12-01,13.042857,14.800000,12.078571,12.192857,8.193592,5053461700
2009-01-01,12.268572,13.881429,11.171429,12.875714,8.652472,4526435200
2009-02-01,12.728572,14.714286,12.358571,12.758572,8.573751,3466862700
2009-03-01,12.588572,15.711429,11.761429,15.017143,10.091509,3856149500
2009-04-01,14.870000,18.171429,14.841429,17.975714,12.079669,2955420300
2009-05-01,17.971428,19.414286,17.054285,19.401428,13.037748,2364285700
2009-06-01,19.495714,20.914286,18.982857,20.347143,13.673266,3168893000
2009-07-01,20.500000,23.571428,19.202858,23.341429,15.685423,2735534200
2009-08-01,23.601429,24.641428,22.774286,24.030001,16.148148,2041281200
2009-09-01,23.998571,26.985714,23.444286,26.478571,17.793587,2497329800
2009-10-01,26.478571,29.815714,25.814285,26.928572,18.095984,3239044200
2009-11-01,27.114286,29.714285,26.510000,28.558571,19.191339,2113696200
2009-12-01,28.891428,30.564285,26.954287,30.104286,20.230061,2848489700
2010-01-01,30.490000,30.798571,27.178572,27.437143,18.437742,3792248600
2010-02-01,27.481428,29.309999,27.264286,29.231428,19.643499,2694020000
2010-03-01,29.392857,33.925713,29.350000,33.571430,22.559982,3038543200
2010-04-01,33.915714,38.922855,33.250000,37.298573,25.064619,3091782400
2010-05-01,37.691429,38.268570,28.464285,36.697144,24.660456,4520663700
2010-06-01,37.098572,39.858570,34.599998,35.932858,24.146856,4162813200
2010-07-01,36.328571,37.998573,34.228573,36.750000,24.695980,3917426100
2010-08-01,37.205715,37.754284,33.651428,34.728573,23.337580,2397280200
2010-09-01,35.352856,42.104286,35.182858,40.535713,27.239973,2962479800
2010-10-01,40.878571,45.571430,39.681427,42.997143,28.894049,3058644400
2010-11-01,43.174286,45.900002,42.537144,44.450001,29.870371,2377021500
2010-12-01,45.038570,46.665714,44.984287,46.080002,30.965734,1743308700
2011-01-01,46.520000,49.799999,46.405716,48.474285,32.574692,2710383900
2011-02-01,48.757141,52.128571,48.245716,50.458572,33.908138,2323987400
2011-03-01,50.781429,51.667141,46.608570,49.787144,33.456932,2826614700
2011-04-01,50.158573,50.732857,45.737144,50.018570,33.612450,2313457300
2011-05-01,49.962856,50.261429,47.060001,49.689999,33.391644,1728015100
2011-06-01,49.838570,50.304287,44.357143,47.952858,32.224289,2315962600
2011-07-01,47.992859,57.785713,47.742859,55.782856,37.486042,2663486700
2011-08-01,56.825714,57.071430,50.431427,54.975716,36.943653,4035649800
2011-09-01,55.117142,60.408573,52.354286,54.474285,36.606682,2994362000
2011-10-01,54.338570,60.957142,50.605713,57.825714,38.858845,3285356900
2011-11-01,56.772858,58.285713,51.902859,54.599998,36.691170,2240925400
2011-12-01,54.648571,58.441429,53.954285,57.857143,38.879959,1576633100
2012-01-01,58.485714,65.462860,58.428570,65.211426,43.822041,1714963600
2012-02-01,65.487144,78.230003,64.854286,77.491432,52.074196,2842138600
2012-03-01,78.309998,88.778572,73.745712,85.650002,57.556755,3896084500
2012-04-01,85.975716,92.000000,79.285713,83.425713,56.062031,3899747600
2012-05-01,83.557144,85.251427,74.597145,82.532860,55.462040,2776586400
2012-06-01,81.308571,84.285713,78.357140,83.428574,56.063938,1963956400
2012-07-01,83.532860,88.552856,81.428574,87.251427,58.632900,2227412600
2012-08-01,87.987144,97.267143,85.750000,95.034286,63.862984,2069051600
2012-09-01,95.108574,100.724289,93.714287,95.300003,66.017181,2299751300
2012-10-01,95.879997,96.678574,83.957146,85.045715,58.913731,3035707500
2012-11-01,85.459999,86.142860,72.250000,83.611427,57.920139,3232462800
2012-12-01,84.807144,84.941429,71.604286,76.024284,54.395519,3033188200
2013-01-01,79.117142,79.285713,62.142857,65.070000,46.557709,3280855900
2013-02-01,65.587143,69.277145,62.522858,63.057144,45.117504,2336008500
2013-03-01,62.571430,67.135712,59.857143,63.237144,47.159058,2294219200
2013-04-01,63.128571,63.607143,55.014286,63.254284,47.171841,2740872400
2013-05-01,63.494286,66.535713,59.842857,64.247147,47.912270,2361882600
2013-06-01,64.389999,64.918571,55.552856,56.647144,44.282856,1754634000
2013-07-01,57.527142,65.334282,57.317142,64.647141,50.536705,1634528700
2013-08-01,65.107140,73.391426,64.751427,69.602859,54.410748,2014584600
2013-09-01,70.442856,72.559998,63.888573,68.107140,55.803791,2157735300
2013-10-01,68.349998,77.035713,68.325714,74.671425,61.182240,1959433000
2013-11-01,74.860001,79.761429,73.197144,79.438568,65.088203,1306288900
2013-12-01,79.714287,82.162857,76.971428,80.145714,68.448830,1764349300
2014-01-01,79.382858,80.028572,70.507141,71.514282,61.077103,2191488600
2014-02-01,71.801430,78.741432,71.328575,75.177139,64.205406,1470091700
2014-03-01,74.774284,78.428574,74.687141,76.677139,68.332603,1250424700
2014-04-01,76.822861,85.632858,73.047142,84.298569,75.124626,1608765200
2014-05-01,84.571426,92.024284,82.904289,90.428574,80.587517,1433917100
2014-06-01,90.565712,95.050003,88.928574,92.930000,86.166939,1206934800
2014-07-01,93.519997,99.440002,92.570000,95.599998,88.642609,1035086000
2014-08-01,94.900002,102.900002,93.279999,102.500000,95.040451,937077000
2014-09-01,103.059998,103.739998,96.139999,100.750000,93.882469,1526420000
2014-10-01,100.589996,108.040001,95.180000,108.000000,100.638283,1360280200
2014-11-01,108.220001,119.750000,107.720001,118.930000,110.823257,820408200
2014-12-01,118.809998,119.250000,106.260002,110.379997,103.302063,1073594600
2015-01-01,111.389999,120.000000,104.629997,117.160004,109.647324,1304643800
2015-02-01,118.050003,133.600006,116.080002,128.460007,120.222733,1136535200
2015-03-01,129.250000,130.279999,121.629997,124.430000,116.910706,1138642100
2015-04-01,124.820000,134.539993,123.099998,125.150002,117.587212,996135500
2015-05-01,126.099998,132.970001,123.360001,130.279999,122.407204,954152100
2015-06-01,130.279999,131.389999,124.480003,125.430000,118.342560,878512600
2015-07-01,126.900002,132.970001,119.220001,121.300003,114.445923,1057507200
2015-08-01,121.500000,122.570000,92.000000,112.919998,106.539444,1786018000
2015-09-01,110.150002,116.889999,107.360001,110.300003,104.538551,1206547300
2015-10-01,109.070000,121.220001,107.309998,119.500000,113.257980,1112323100
2015-11-01,120.800003,123.820000,111.000000,118.300003,112.120659,750640600
2015-12-01,118.750000,119.860001,104.820000,105.260002,100.188835,921529700
2016-01-01,102.610001,105.849998,92.389999,97.339996,92.650391,1271024100
2016-02-01,96.470001,98.889999,92.589996,96.690002,92.031723,810862600
2016-03-01,97.650002,110.419998,97.419998,108.989998,104.302032,746049600
2016-04-01,108.779999,112.389999,92.510002,93.739998,89.707985,872396200
2016-05-01,93.970001,100.730003,89.470001,99.860001,95.564751,900318100
2016-06-01,99.019997,101.889999,91.500000,95.599998,92.045006,779055700
2016-07-01,95.489998,104.550003,94.370003,104.209999,100.334824,685779600
2016-08-01,104.410004,110.230003,104.000000,106.099998,102.154556,630128500
2016-09-01,106.139999,116.180000,102.529999,113.050003,109.435753,968015600
2016-10-01,112.709999,118.690002,112.279999,113.540001,109.910080,686914300
2016-11-01,113.459999,113.769997,104.080002,110.519997,106.986641,721305500
2016-12-01,110.370003,118.019997,108.250000,115.820000,112.692825,608771700
2017-01-01,115.800003,122.440002,114.760002,121.349998,118.073517,563122000
2017-02-01,127.029999,137.479996,127.010002,136.990005,133.291245,574968600
2017-03-01,137.889999,144.500000,137.050003,143.660004,140.387177,561628400
2017-04-01,143.710007,145.460007,140.059998,143.649994,140.377380,373304100
2017-05-01,145.100006,156.649994,144.270004,152.759995,149.279861,653981800
2017-06-01,153.169998,155.979996,142.199997,144.020004,141.319901,684178100
2017-07-01,144.880005,153.990005,142.410004,148.729996,145.941574,422011900
2017-08-01,149.100006,164.520004,148.410004,164.000000,160.925293,661069000
2017-09-01,164.800003,164.940002,149.160004,154.119995,151.824387,680374100
2017-10-01,154.259995,169.649994,152.460007,169.039993,166.522171,504291300
2017-11-01,169.869995,176.240005,165.279999,171.850006,169.290329,600663400
2017-12-01,169.949997,177.199997,166.460007,169.229996,167.308640,530833500
2018-01-01,170.160004,180.100006,164.699997,167.429993,165.529068,659487300
2018-02-01,167.169998,180.619995,150.240005,178.119995,176.097702,927894300
2018-03-01,178.539993,183.500000,164.940002,167.779999,166.551392,713010900
2018-04-01,166.639999,178.940002,160.630005,165.259995,164.049835,666057900
2018-05-01,166.410004,190.369995,165.270004,186.869995,185.501602,620976300
2018-06-01,187.990005,194.199997,180.729996,185.110001,184.463074,527624500
2018-07-01,183.820007,195.960007,183.419998,190.289993,189.624954,393691400
2018-08-01,199.130005,228.869995,197.309998,227.630005,226.834473,700318900
2018-09-01,228.410004,229.669998,215.300003,225.740005,225.740005,678972000
