-3.546349219992268181e-02 1.142819999999999947e-01 1.215206666666666657e-01 9.368744000000000000e+08
0.000000000000000000e+00 1.122189999999999993e-01 1.135943333333333388e-01 6.209728000000000000e+08
3.008046765699212699e-01 1.290969999999999895e-01 1.234709999999999974e-01 1.139118400000000000e+09
-2.173659873265957471e-02 1.443885000000000030e-01 1.336653333333333304e-01 9.106188000000000000e+08
4.761838069494824660e-02 1.462019999999999986e-01 1.461263333333333303e-01 1.028907600000000000e+09
1.759668988382507293e-01 1.627645000000000064e-01 1.561103333333333232e-01 9.880136000000000000e+08
-6.145162482165891088e-02 1.705214999999999925e-01 1.635483333333333233e-01 1.040953200000000000e+09
-1.190496378303738390e-01 1.552875000000000227e-01 1.621673333333333300e-01 7.820848000000000000e+08
-1.439787156518331779e-01 1.349875000000000103e-01 1.450303333333333444e-01 5.517372000000000000e+08
6.033762729287806686e-02 1.282725000000000115e-01 1.340013333333333334e-01 1.264029200000000000e+09
1.951237985594072299e-01 1.449099999999999833e-01 1.381120000000000125e-01 8.136520000000000000e+08
2.905172031357937112e-01 1.807114999999999971e-01 1.644839999999999913e-01 1.023523200000000000e+09
2.907008721615462754e-01 2.332299999999999929e-01 2.080836666666666668e-01 1.759326800000000000e+09
3.153012616616186065e-02 2.669715000000000282e-01 2.458583333333333176e-01 1.386445200000000000e+09
2.619995204986813042e-01 3.066309999999999869e-01 2.920300000000000118e-01 1.302649600000000000e+09
-1.911751381716045306e-01 3.094419999999999948e-01 2.966663333333333097e-01 1.810762800000000000e+09
-1.454557937680903135e-01 2.566105000000000191e-01 2.851226666666666909e-01 1.993210800000000000e+09
-4.903502985402816150e-02 2.306860000000000022e-01 2.460363333333333291e-01 1.022915600000000000e+09
1.144569741382377576e-01 2.377580000000000249e-01 2.373333333333333128e-01 9.458736000000000000e+08
1.459453851923966927e-01 2.689170000000000171e-01 2.542406666666667259e-01 1.043162400000000000e+09
-3.137121090785152926e-03 2.867554999999999965e-01 2.747129999999999850e-01 5.982676000000000000e+08
4.040446377115322618e-02 2.920889999999999875e-01 2.904613333333332936e-01 8.984976000000000000e+08
-1.456325346708163722e-02 2.957039999999999669e-01 2.925709999999999700e-01 9.240084000000000000e+08
1.908630998007051771e-01 3.215474999999999861e-01 3.136559999999999904e-01 6.517924000000000000e+08
1.485581874356334542e-01 3.755249999999999977e-01 3.481950000000000323e-01 1.175790000000000000e+09
4.247179257266684577e-02 4.100160000000000471e-01 3.898639999999999883e-01 6.337492000000000000e+08
-8.941754949324091928e-02 3.998295000000000043e-01 4.003829999999999889e-01 7.464156000000000000e+08
3.218959007338954154e-02 3.872510000000000119e-01 3.976813333333333311e-01 9.828476000000000000e+08
-6.238163631048494404e-03 3.921580000000000066e-01 3.884776666666666656e-01 6.759312000000000000e+08
-1.966536294128630180e-01 3.524920000000000275e-01 3.661229999999999762e-01 1.212920800000000000e+09
3.199141546172133699e-02 3.190764999999999851e-01 3.430280000000000551e-01 9.082024000000000000e+08
-1.604134526380749520e-02 3.215004999999999669e-01 3.190179999999999683e-01 6.866328000000000000e+08
6.061442265781547684e-02 3.285660000000000247e-01 3.270773333333332755e-01 7.639156000000000000e+08
1.634356401394314040e-01 3.658704999999999874e-01 3.502140000000000253e-01 8.828568000000000000e+08
9.523773220502650128e-02 4.122485000000000177e-01 3.875759999999999761e-01 7.816368000000000000e+08
1.048314682345406479e-01 4.535774999999999668e-01 4.335549999999999682e-01 8.335796000000000000e+08
-4.183397456359927435e-03 4.751719999999999833e-01 4.604436666666666400e-01 1.385566000000000000e+09
-1.092442468619246598e-01 4.482754999999999934e-01 4.575730000000000075e-01 1.162820400000000000e+09
3.477005031074276858e-02 4.297179999999999889e-01 4.445373333333333399e-01 9.153816000000000000e+08
-4.852869507917622997e-03 4.360005000000000130e-01 4.314586666666666570e-01 9.786028000000000000e+08
1.048765346944406512e-01 4.577474999999999739e-01 4.508520000000000305e-01 8.001364000000000000e+08
-2.591357909084288091e-01 4.182905000000000095e-01 4.238403333333333189e-01 1.918599200000000000e+09
-2.974670389241235169e-01 3.030730000000000368e-01 3.622336666666667315e-01 1.785728000000000000e+09
-4.504637773868542389e-02 2.444864999999999955e-01 2.816663333333333519e-01 9.207912000000000000e+08
5.488731562927736708e-03 2.395085000000000131e-01 2.430456666666666321e-01 9.170056000000000000e+08
3.155094019086957524e-01 2.780509999999999926e-01 2.649850000000000261e-01 1.476330800000000000e+09
2.438769632016413863e-02 3.197904999999999776e-01 2.932483333333333331e-01 8.630272000000000000e+08
3.209091498966455680e-02 3.288360000000000172e-01 3.245366666666666400e-01 9.892428000000000000e+08
1.196572752665187034e-01 3.540134999999999810e-01 3.438900000000000290e-01 1.833008800000000000e+09
1.145032861138295666e-01 3.954100000000000392e-01 3.749496666666666811e-01 1.071114800000000000e+09
1.251133577402336987e-02 4.194295000000000107e-01 4.042856666666667098e-01 1.314496400000000000e+09
-9.774261498399425263e-02 4.014115000000000322e-01 4.065483333333333449e-01 1.010534000000000000e+09
-2.500091915143946505e-02 3.760259999999999714e-01 3.913629999999999609e-01 8.404144000000000000e+08
1.814601929613806133e-02 3.746344999999999814e-01 3.766849999999999921e-01 1.167947200000000000e+09
2.712253606452859067e-01 4.292650000000000077e-01 4.099319999999999631e-01 1.212016400000000000e+09
7.421227111067640880e-02 4.983575000000000088e-01 4.582393333333333874e-01 1.143724400000000000e+09
3.056057095476838806e-02 5.240754999999999164e-01 5.095593333333333641e-01 8.081612000000000000e+08
2.820045755061912907e-01 6.069709999999999273e-01 5.767099999999999449e-01 1.928371200000000000e+09
-1.374822391891831752e-01 6.350990000000000801e-01 6.007203333333333006e-01 1.012236400000000000e+09
1.429909608496153783e-01 6.302740000000000009e-01 6.475090000000000012e-01 9.469488000000000000e+08
3.525654850527057405e-02 6.841809999999999281e-01 6.521936666666666715e-01 2.040525200000000000e+09
-2.167138627047853622e-02 6.884909999999999641e-01 6.831036666666666646e-01 1.324836800000000000e+09
-3.335785793062335386e-02 6.695915000000000061e-01 6.784053333333334157e-01 1.749286000000000000e+09
8.510651227375061467e-02 6.862439999999999651e-01 6.844789999999999486e-01 1.418575200000000000e+09
8.660224513968424465e-02 7.451820000000000110e-01 7.161993333333332989e-01 1.596168000000000000e+09
2.111105384546005381e-01 8.580324999999999758e-01 8.101063333333332617e-01 1.380486800000000000e+09
-3.095573724274038735e-02 9.254065000000000207e-01 8.756409999999998917e-01 1.424894800000000000e+09
-4.444490798785314528e-02 8.906164999999999221e-01 9.070626666666666837e-01 1.323229600000000000e+09
-6.220881803820191985e-02 8.433025000000000659e-01 8.658209999999999518e-01 1.827870800000000000e+09
-2.516815113387155245e-02 8.059585000000000221e-01 8.274306666666667587e-01 1.624627200000000000e+09
4.991409938832728349e-02 8.155449999999999644e-01 8.157733333333333503e-01 1.216073600000000000e+09
-8.427549338462995976e-02 8.002009999999999401e-01 7.986963333333333415e-01 1.640060800000000000e+09
-1.333335076255001417e-01 7.139990000000000503e-01 7.544669999999999987e-01 2.575053600000000000e+09
-4.524893702705437559e-03 6.614990000000000592e-01 6.959990000000000343e-01 1.163024800000000000e+09
-1.068168285103461984e-01 6.247495000000000687e-01 6.374993333333334178e-01 8.366876000000000000e+08
-7.633587786259642301e-03 5.872500000000000497e-01 6.114996666666666636e-01 7.167692000000000000e+08
7.179316239316241299e-02 6.059995000000000243e-01 6.004996666666667648e-01 9.009756000000000000e+08
-1.961709667798512968e-01 5.654995000000000438e-01 5.719996666666666840e-01 1.168484800000000000e+09
4.761706349206347444e-02 5.159994999999999443e-01 5.529993333333332872e-01 1.200872400000000000e+09
1.022729209714413195e-01 5.549990000000000201e-01 5.379993333333333849e-01 7.968436000000000000e+08
-8.504997431267075081e-02 5.572494999999999532e-01 5.474993333333333378e-01 8.033872000000000000e+08
3.661971830985929349e-02 5.422500000000000098e-01 5.554996666666666139e-01 1.454244400000000000e+09
4.891123188405795824e-02 5.654995000000000438e-01 5.544996666666667240e-01 6.453412000000000000e+08
-1.347135314568765063e-01 5.399994999999999656e-01 5.439996666666666592e-01 1.036870800000000000e+09
-2.035928143712574523e-01 4.500000000000000111e-01 4.929996666666666694e-01 2.268184800000000000e+09
-2.255639097744362859e-02 3.945000000000000173e-01 4.299999999999999933e-01 1.143542400000000000e+09
1.230769230769230421e-01 4.140000000000000346e-01 4.090000000000000302e-01 1.125560800000000000e+09
-6.849315068493157244e-02 4.229999999999999871e-01 4.119999999999999774e-01 9.524312000000000000e+08
-2.205882352941164817e-02 4.034999999999999698e-01 4.150000000000000355e-01 5.731768000000000000e+08
-1.428571428571428492e-01 3.705000000000000515e-01 3.830000000000000071e-01 6.430760000000000000e+08
2.280701754385963398e-01 3.810000000000000053e-01 3.870000000000000107e-01 1.695593200000000000e+09
2.428571428571429380e-01 4.709999999999999742e-01 4.279999999999999916e-01 4.418926400000000000e+09
-2.873563218390913412e-03 5.212499999999999911e-01 4.874999999999999889e-01 9.015188000000000000e+08
-2.147012487992314422e-01 4.646239999999999815e-01 4.837493333333333645e-01 1.607510800000000000e+09
4.220693434585610221e-02 4.173740000000000228e-01 4.517493333333333361e-01 1.386870800000000000e+09
-2.605633802816901268e-01 3.704999999999999960e-01 3.832493333333333307e-01 1.274448000000000000e+09
3.952380952380952217e-01 3.772499999999999742e-01 3.934999999999999609e-01 2.552894400000000000e+09
2.901001137656428197e-01 5.032495000000000163e-01 4.404996666666666782e-01 1.838541600000000000e+09
1.640214533006230380e-01 6.134990000000000165e-01 5.554993333333333450e-01 2.656494400000000000e+09
-4.545461432517326414e-03 6.584989999999999455e-01 6.279989999999999739e-01 2.020471600000000000e+09
-2.739730197458446065e-02 6.479989999999999917e-01 6.519989999999999952e-01 1.700834800000000000e+09
7.746490996073544799e-02 6.637489999999999224e-01 6.614989999999999482e-01 9.774604000000000000e+08
2.069719781728079078e-01 7.597490000000000077e-01 7.194989999999998886e-01 2.731915200000000000e+09
-9.927809780757861080e-02 7.897490000000000343e-01 7.559990000000000876e-01 3.305218000000000000e+09
2.224451869675176385e-01 8.317490000000000716e-01 8.314989999999999881e-01 2.020079600000000000e+09
-2.622953686288184011e-02 9.029989999999999961e-01 8.514990000000000059e-01 3.232731600000000000e+09
-1.397307965553271636e-01 8.287489999999999579e-01 8.574990000000001222e-01 2.530880800000000000e+09
2.818007590355629532e-01 8.744990000000000263e-01 8.799990000000000867e-01 3.231026400000000000e+09
6.106876444657963893e-03 9.854990000000000139e-01 9.124990000000000601e-01 3.781850800000000000e+09
-1.547801262317918536e-01 9.119990000000000041e-01 9.354990000000000805e-01 2.029129200000000000e+09
3.231601713467045084e-02 8.489990000000000592e-01 8.954990000000000450e-01 2.487998800000000000e+09
2.800003246380574629e-01 9.832490000000000396e-01 9.339990000000000236e-01 3.972242400000000000e+09
-4.211960336920594211e-02 1.080748999999999960e+00 1.007999000000000089e+00 2.227226400000000000e+09
5.106387807458924455e-02 1.084499000000000102e+00 1.090999000000000052e+00 1.729655200000000000e+09
2.024293319202267183e-01 1.223999000000000059e+00 1.168498999999999954e+00 2.866645600000000000e+09
1.717165519764697890e-01 1.451248500000000163e+00 1.337998666666666781e+00 2.311150800000000000e+09
-2.969352451280268812e-02 1.542748000000000008e+00 1.473998333333333521e+00 4.741867200000000000e+09
2.655488852239357156e-01 1.721248499999999959e+00 1.669498333333333306e+00 3.617124000000000000e+09
2.215284563330506273e-01 2.135998499999999911e+00 1.930498333333333205e+00 2.156232400000000000e+09
5.044704167479072132e-02 2.408247999999999944e+00 2.246498333333333264e+00 2.354553600000000000e+09
9.118143155536427916e-03 2.478747499999999881e+00 2.435497666666666561e+00 3.138794400000000000e+09
1.048194033968716243e-01 2.620496999999999854e+00 2.569497333333333078e+00 1.829945600000000000e+09
1.848420772541737311e-01 3.005246999999999780e+00 2.833496999999999932e+00 2.174589200000000000e+09
-8.651641649002898837e-02 3.118497000000000074e+00 2.995996999999999577e+00 2.165601200000000000e+09
-3.229219038675772979e-01 2.496747500000000120e+00 2.750997333333333739e+00 2.451937600000000000e+09
2.470235585551174007e-01 2.264997499999999775e+00 2.502497333333333351e+00 2.026301200000000000e+09
-2.983257338811446530e-02 2.476497499999999796e+00 2.322997666666666294e+00 1.436692600000000000e+09
1.992621560165279970e-01 2.681998000000000104e+00 2.625997666666666674e+00 1.409021600000000000e+09
-5.774359503835557739e-01 2.080498500000000028e+00 2.199998333333333278e+00 3.629232600000000000e+09
-2.402914565464858987e-01 1.087498999999999993e+00 1.699998666666666658e+00 5.476447200000000000e+09
-1.565496874863551713e-01 8.654990000000000183e-01 9.889990000000000725e-01 2.122093400000000000e+09
-9.848497283456160434e-02 7.529989999999999739e-01 8.149989999999999180e-01 2.214742600000000000e+09
4.537821481542688717e-01 8.759989999999999721e-01 8.479990000000000583e-01 3.427365200000000000e+09
-1.560695145178366550e-01 9.569989999999999331e-01 8.759989999999998611e-01 1.755941600000000000e+09
2.093153074375655454e-01 9.676789999999999559e-01 9.911189999999999722e-01 2.699765600000000000e+09
1.549616324588738159e-01 1.141439000000000092e+00 1.052958999999999978e+00 2.789747800000000000e+09
-2.173403110209159439e-01 1.090559000000000056e+00 1.080159000000000091e+00 1.867108600000000000e+09
1.654137065723752797e-01 1.036799000000000026e+00 1.099039000000000099e+00 1.909566400000000000e+09
-1.918281288782516247e-01 1.008958999999999939e+00 9.918390000000000262e-01 2.163775600000000000e+09
-1.277276562529448302e-02 8.961590000000000389e-01 9.694389999999999397e-01 1.282339800000000000e+09
-1.638815856711429708e-01 8.174390000000000267e-01 8.455989999999999895e-01 1.382880800000000000e+09
1.321729692845601267e-01 7.936790000000000234e-01 8.259189999999999587e-01 1.886061800000000000e+09
2.129843073560973854e-01 9.326389999999999958e-01 8.699189999999999978e-01 1.342436200000000000e+09
2.816904163638651523e-02 1.036799000000000026e+00 9.721589999999999954e-01 1.157459800000000000e+09
1.287672457831484929e-01 1.118878999999999957e+00 1.086718999999999991e+00 2.128844200000000000e+09
-1.221683877497874021e-01 1.114078999999999819e+00 1.093118999999999952e+00 1.959356000000000000e+09
9.078349729598432505e-02 1.088878999999999930e+00 1.121438999999999853e+00 1.329645800000000000e+09
2.534856476954384236e-02 1.150558999999999887e+00 1.114238999999999979e+00 1.605709000000000000e+09
-3.996707180252708630e-02 1.141678999999999888e+00 1.139839000000000047e+00 1.494039400000000000e+09
-2.394851926727402103e-01 9.844789999999998820e-01 1.044638999999999873e+00 2.177004200000000000e+09
-1.388263483191641834e-01 7.915189999999999726e-01 9.004789999999999184e-01 2.029603800000000000e+09
-3.342075335948190701e-02 7.202390000000000736e-01 7.636790000000001077e-01 1.287921600000000000e+09
-1.694917648188769971e-02 7.019990000000000396e-01 7.121590000000000975e-01 1.322959400000000000e+09
1.082760176379563427e-01 7.336789999999999701e-01 7.251189999999999580e-01 1.652858200000000000e+09
-3.546986552305742002e-02 7.576789999999999914e-01 7.371189999999999687e-01 1.132930400000000000e+09
-7.548397242469410962e-02 7.159189999999999721e-01 7.343989999999999130e-01 1.132609800000000000e+09
2.093513162237088752e-03 6.885589999999999211e-01 7.070389999999999731e-01 1.511458200000000000e+09
4.526468962495594495e-02 7.048790000000000333e-01 6.991990000000000149e-01 1.028575800000000000e+09
-5.796005157679820496e-02 6.995994999999999298e-01 6.961593333333334632e-01 1.007101200000000000e+09
5.656235266383835905e-03 6.806395000000000639e-01 6.939193333333332214e-01 1.943835600000000000e+09
2.623069947066846708e-01 7.720789999999999598e-01 7.409593333333334142e-01 2.702886200000000000e+09
6.183851188313820718e-02 8.882390000000000008e-01 8.196789999999999354e-01 1.528333800000000000e+09
1.059812281186910399e-01 9.633589999999999653e-01 9.294390000000000152e-01 1.304567600000000000e+09
7.258071689270741145e-02 1.048559000000000019e+00 1.003999000000000086e+00 1.076891200000000000e+09
-8.359140829224570579e-02 1.039919000000000038e+00 1.030559000000000003e+00 1.336871200000000000e+09
1.047298350324113864e-01 1.046638999999999875e+00 1.059519000000000100e+00 1.760047800000000000e+09
-8.650073403663721683e-02 1.051198999999999995e+00 1.032318999999999987e+00 1.243526200000000000e+09
2.199906543825276908e-02 1.014718999999999927e+00 1.042718999999999951e+00 1.363468400000000000e+09
5.568559476446205414e-02 1.054319000000000006e+00 1.037439000000000000e+00 1.981950600000000000e+09
6.028374361309066926e-02 1.115518999999999927e+00 1.085598999999999981e+00 1.230507600000000000e+09
1.304348962121101019e-01 1.223038999999999987e+00 1.176319000000000115e+00 2.906528800000000000e+09
-4.659766903789842873e-02 1.267679000000000000e+00 1.227839000000000125e+00 2.232543600000000000e+09
8.844072313867591684e-02 1.292158999999999835e+00 1.294078999999999979e+00 1.326068800000000000e+09
1.596572520619892188e-01 1.454398499999999927e+00 1.382078666666666678e+00 2.056808600000000000e+09
-6.146289369864378800e-03 1.557118000000000002e+00 1.487038333333333240e+00 2.424144800000000000e+09
6.648186776163123035e-02 1.603918500000000025e+00 1.589918333333333322e+00 2.002841400000000000e+09
1.235135326142436790e-01 1.757758500000000002e+00 1.689278333333333437e+00 1.918376600000000000e+09
3.522584432886485817e-01 2.187597999999999931e+00 2.010238333333333127e+00 4.023591600000000000e+09
2.795799774013815742e-01 2.866797499999999665e+00 2.531197666666666901e+00 4.359901000000000000e+09
-3.952247034781602997e-02 3.154797499999999921e+00 2.941597666666666555e+00 3.987153800000000000e+09
1.940988574656169752e-01 3.391197000000000017e+00 3.333596999999999699e+00 6.427061200000000000e+09
1.667099227459067912e-01 3.998875500000000471e+00 3.696316333333333315e+00 5.362236600000000000e+09
-7.110973852650213922e-02 4.153436000000000128e+00 3.999356000000000133e+00 3.668980000000000000e+09
-1.346293306255479105e-01 3.731036999999999715e+00 3.922876333333333410e+00 4.843879600000000000e+09
1.026065665498762103e-01 3.639356499999999883e+00 3.759676666666666112e+00 3.214573600000000000e+09
-7.419524877939381868e-02 3.675355999999999845e+00 3.604156333333333517e+00 2.831798900000000000e+09
1.586530026408161653e-01 3.814076499999999648e+00 3.815036333333333030e+00 2.523561600000000000e+09
9.941341789767822734e-02 4.297915999999999848e+00 4.043195999999999124e+00 2.350201700000000000e+09
1.433140765111570458e-01 4.823994499999999519e+00 4.580795333333333552e+00 3.086942600000000000e+09
7.424035577980908629e-02 5.337595000000000312e+00 5.058874999999999567e+00 4.660861800000000000e+09
1.776349537209540863e-01 6.019675499999999957e+00 5.728635000000000588e+00 3.364106900000000000e+09
6.001168842438960732e-02 6.706074499999999716e+00 6.313594999999999402e+00 3.266041100000000000e+09
5.035460746273891924e-02 7.075193500000000135e+00 6.887033999999999878e+00 5.469592800000000000e+09
-9.296790860693948666e-02 6.911993000000000720e+00 6.908473333333333244e+00 4.690174300000000000e+09
-8.424581291074896561e-02 6.298073500000000102e+00 6.615033333333333765e+00 5.798158100000000000e+09
1.222894965948161661e-01 6.389273499999999828e+00 6.451193333333333335e+00 5.029820600000000000e+09
-1.508735639702235565e-01 6.247673999999999950e+00 6.172153999999999918e+00 3.902194800000000000e+09
-4.182669140271334102e-02 5.617916000000000132e+00 5.997755000000000614e+00 4.484155900000000000e+09
1.866592383988336101e-01 6.011035500000000198e+00 5.919995333333333498e+00 4.369935500000000000e+09
-1.618907217702123848e-03 6.518873000000000140e+00 6.178554333333333481e+00 4.471911500000000000e+09
1.345616980615303993e-01 6.951831999999999567e+00 6.809272666666667639e+00 4.430389600000000000e+09
5.326078013854267101e-02 7.586872500000000130e+00 7.229112333333333140e+00 3.596989200000000000e+09
1.304885238627059019e-01 8.291513000000000133e+00 7.991032666666666451e+00 3.458721000000000000e+09
-7.440569778255283484e-02 8.471992000000000189e+00 8.242552333333334147e+00 4.222698200000000000e+09
1.049083746089896074e-02 8.187352999999999881e+00 8.391353000000000506e+00 6.802445300000000000e+09
-1.306476550942728236e-02 8.176313000000000386e+00 8.165752333333331947e+00 3.430588700000000000e+09
9.809738344517632269e-02 8.520951499999998902e+00 8.423992666666666906e+00 3.979661000000000000e+09
7.415774150409129573e-02 9.250071500000000668e+00 8.874231333333332472e+00 3.364935000000000000e+09
2.143287542750907382e-01 1.060751050000000006e+01 1.004479100000000180e+01 4.341267000000000000e+09
7.013614136904600983e-03 1.167502900000000032e+01 1.097694966666666794e+01 5.819885400000000000e+09
7.964609927697817449e-02 1.218238799999999955e+01 1.199966866666666654e+01 6.004643400000000000e+09
5.100186987882301265e-02 1.297150800000000004e+01 1.255294800000000066e+01 6.090199500000000000e+09
1.082466254873978434e-01 1.401358699999999935e+01 1.355870733333333256e+01 5.232805900000000000e+09
2.377014052569769997e-01 1.648414599999999908e+01 1.542078666666666642e+01 5.819447900000000000e+09
-4.069511547620065228e-02 1.786414450000000187e+01 1.682046499999999867e+01 6.549947600000000000e+09
8.703773138476338100e-02 1.825438300000000069e+01 1.824798400000000242e+01 4.313169700000000000e+09
-3.166398142415544070e-01 1.600510500000000036e+01 1.650110433333333404e+01 8.793472100000000000e+09
-7.638873444376323429e-02 1.249822849999999974e+01 1.467070666666666767e+01 6.216488600000000000e+09
1.478163892247149336e-01 1.288894949999999895e+01 1.292414866666666740e+01 5.731818400000000000e+09
2.121947106665082461e-01 1.523758499999999927e+01 1.415902666666666754e+01 5.696745600000000000e+09
8.508195701334109184e-02 1.740958050000000057e+01 1.619838333333333580e+01 4.647053600000000000e+09
-1.129003453646196115e-01 1.709710400000000163e+01 1.696446299999999852e+01 4.868948700000000000e+09
-5.070483011688031033e-02 1.566670750000000112e+01 1.648446500000000015e+01 4.937440200000000000e+09
6.656193413187745656e-02 1.576702750000000108e+01 1.586942766666666671e+01 3.271438800000000000e+09
-3.295584332849889053e-01 1.359310800000000086e+01 1.414846766666666689e+01 6.016890600000000000e+09
-5.340485886803361670e-02 1.061998849999999983e+01 1.250494833333333311e+01 1.035667780000000000e+10
-1.386744552447376488e-01 9.612470500000000584e+00 1.004542966666666537e+01 5.904865400000000000e+09
-7.899003542141949663e-02 8.544952000000000325e+00 9.139511000000000607e+00 5.053461700000000000e+09
5.600474126610146403e-02 8.423031999999999186e+00 8.580792000000000641e+00 4.526435200000000000e+09
-9.098093585278268364e-03 8.613111499999998699e+00 8.473271666666667201e+00 3.466862700000000000e+09
1.770238020674965440e-01 9.332629999999999981e+00 9.105910666666666486e+00 3.856149500000000000e+09
1.970131523442134047e-01 1.108558900000000058e+01 1.024830966666666576e+01 2.955420300000000000e+09
7.931334873496943827e-02 1.255870850000000161e+01 1.173630866666666783e+01 2.364285700000000000e+09
4.874446108330973693e-02 1.335550699999999935e+01 1.293022766666666712e+01 3.168893000000000000e+09
1.471599396954612060e-01 1.467934449999999913e+01 1.413214566666666627e+01 2.735534200000000000e+09
2.950032013800322345e-02 1.591678549999999959e+01 1.516894566666666577e+01 2.041281200000000000e+09
1.018964527696922112e-01 1.697086749999999711e+01 1.654238599999999693e+01 2.497329800000000000e+09
1.699471837803151822e-02 1.794478550000000183e+01 1.734590633333333187e+01 3.239044200000000000e+09
6.053028119388245004e-02 1.864366150000000033e+01 1.836030333333333431e+01 2.113696200000000000e+09
5.412451939908934778e-02 1.971069999999999922e+01 1.917246133333333447e+01 2.848489700000000000e+09
-8.859681639121104457e-02 1.933390149999999963e+01 1.928638066666666617e+01 3.792248600000000000e+09
6.539613147857251119e-02 1.904062049999999928e+01 1.943710066666666592e+01 2.694020000000000000e+09
1.484706467009774267e-01 2.110174049999999824e+01 2.021374099999999885e+01 3.038543200000000000e+09
1.110212321977915861e-01 2.381230049999999920e+01 2.242270000000000252e+01 3.091782400000000000e+09
-1.612484115557473452e-02 2.486253750000000196e+01 2.409501899999999708e+01 4.520663700000000000e+09
-2.082686548861871489e-02 2.440365599999999802e+01 2.462397700000000000e+01 4.162813200000000000e+09
2.274101439955574649e-02 2.442141799999999918e+01 2.450109733333333040e+01 3.917426100000000000e+09
-5.500490363208909717e-02 2.401677999999999713e+01 2.406013866666666345e+01 2.397280200000000000e+09
1.672149811591433222e-01 2.528877649999999733e+01 2.509117766666666327e+01 2.962479800000000000e+09
6.072238030485566096e-02 2.806701100000000082e+01 2.649053399999999669e+01 3.058644400000000000e+09
3.378972604358772280e-02 2.938221000000000060e+01 2.866813099999999892e+01 2.377021500000000000e+09
3.667055223385081580e-02 3.041805250000000171e+01 2.991005133333333177e+01 1.743308700000000000e+09
5.195930443631652934e-02 3.177021299999999826e+01 3.113693233333333410e+01 2.710383900000000000e+09
4.093503017618715240e-02 3.324141500000000349e+01 3.248285466666666821e+01 2.323987400000000000e+09
-1.330671710726195195e-02 3.368253500000000145e+01 3.331325400000000059e+01 2.826614700000000000e+09
4.648304273685366708e-03 3.353469100000000225e+01 3.365917333333333517e+01 2.313457300000000000e+09
-6.569173029636434132e-03 3.350204700000000457e+01 3.348700866666666798e+01 1.728015100000000000e+09
-3.495949465680697060e-02 3.280796649999999914e+01 3.307612766666667170e+01 2.315962600000000000e+09
1.632853094136537397e-01 3.485516549999999825e+01 3.436732500000000101e+01 2.663486700000000000e+09
-1.446909225572547836e-02 3.721484749999999764e+01 3.555132799999999804e+01 4.035649800000000000e+09
-9.121214948613728252e-03 3.677516749999999490e+01 3.701212566666666248e+01 2.994362000000000000e+09
6.152327599644247941e-02 3.773276350000000434e+01 3.746972666666666640e+01 3.285356900000000000e+09
-5.578331008036915839e-02 3.777500750000000096e+01 3.738556566666667180e+01 2.240925400000000000e+09
5.965438005928946907e-02 3.778556449999999955e+01 3.814332466666666477e+01 1.576633100000000000e+09
1.271112965937026551e-01 4.135099999999999909e+01 3.979772333333333023e+01 1.714963600000000000e+09
1.883106037895405649e-01 4.794811849999999964e+01 4.492539866666666626e+01 2.842138600000000000e+09
1.052836034184762432e-01 5.481547550000000513e+01 5.115099733333332921e+01 3.896084500000000000e+09
-2.596956690834993989e-02 5.680939300000000003e+01 5.523099400000000259e+01 3.899747600000000000e+09
-1.070227013359533429e-02 5.576203549999999609e+01 5.636027533333333395e+01 2.776586400000000000e+09
1.085243168120030369e-02 5.576298900000000458e+01 5.586266966666666889e+01 1.963956400000000000e+09
4.582200415532707016e-02 5.734841899999999981e+01 5.671962600000000521e+01 2.227412600000000000e+09
8.920050006054618119e-02 6.124794199999999478e+01 5.951994066666666328e+01 2.069051600000000000e+09
3.373154314242498425e-02 6.494008249999998839e+01 6.283768833333332537e+01 2.299751300000000000e+09
-1.076000200614442431e-01 6.246545599999999610e+01 6.293129866666665606e+01 3.035707500000000000e+09
-1.686520244321310438e-02 5.841693499999999517e+01 6.095035033333332564e+01 3.232462800000000000e+09
-6.085309981731913676e-02 5.615782899999999955e+01 5.707646299999999684e+01 3.033188200000000000e+09
-1.440892585288136851e-01 5.047661399999999787e+01 5.295778899999999823e+01 3.280855900000000000e+09
-3.093376007827201846e-02 4.583760649999999970e+01 4.869024399999999986e+01 2.336008500000000000e+09
4.524971062228985708e-02 4.613828099999999921e+01 4.627809033333333133e+01 2.294219200000000000e+09
2.710613939743851375e-04 4.716544950000000114e+01 4.648280099999999493e+01 2.740872400000000000e+09
1.569641939563051758e-02 4.754205550000000358e+01 4.741438966666666488e+01 2.361882600000000000e+09
-7.575124284447380674e-02 4.609756300000000095e+01 4.645565566666667223e+01 1.754634000000000000e+09
1.412250601000078765e-01 4.740978049999999655e+01 4.757727700000000226e+01 1.634528700000000000e+09
7.665800530525289369e-02 5.247372649999999794e+01 4.974343633333332804e+01 2.014584600000000000e+09
2.560234974163558275e-02 5.510726950000000102e+01 5.358374799999999283e+01 2.157735300000000000e+09
9.638142684607223232e-02 5.849301549999999850e+01 5.713225966666666977e+01 1.959433000000000000e+09
6.384145137543170700e-02 6.313522150000000011e+01 6.069141133333332760e+01 1.306288900000000000e+09
5.163189095879645862e-02 6.676851650000000404e+01 6.490642433333333372e+01 1.764349300000000000e+09
-1.076969029273400213e-01 6.476296650000000454e+01 6.487137866666667207e+01 2.191488600000000000e+09
5.121891586770242755e-02 6.264125450000000228e+01 6.457711299999999710e+01 1.470091700000000000e+09
6.428114479955177041e-02 6.626900449999999410e+01 6.453837066666666544e+01 1.250424700000000000e+09
9.939652086720594804e-02 7.172861450000000616e+01 6.922087833333333151e+01 1.608765200000000000e+09
7.271771309716734688e-02 7.785607150000001297e+01 7.468158200000000591e+01 1.433917100000000000e+09
6.923432074473759301e-02 8.337722800000000234e+01 8.062636066666668455e+01 1.206934800000000000e+09
2.873108907814392668e-02 8.740477400000000330e+01 8.513235500000000400e+01 1.035086000000000000e+09
7.217569600190819334e-02 9.184153000000000588e+01 8.994999966666667035e+01 9.370770000000000000e+08
-1.218409622235487946e-02 9.446146000000000242e+01 9.252184300000000405e+01 1.526420000000000000e+09
7.196033585354472129e-02 9.726037600000000793e+01 9.652040099999999256e+01 1.360280200000000000e+09
1.012037735182743231e-01 1.057307700000000068e+02 1.017813363333333427e+02 8.204082000000000000e+08
-6.786656703294682846e-02 1.070626599999999939e+02 1.049212009999999964e+02 1.073594600000000000e+09
6.142433960878393440e-02 1.064746935000000008e+02 1.079242146666666713e+02 1.304643800000000000e+09
9.644931234254296160e-02 1.149350285000000014e+02 1.110573733333333308e+02 1.136535200000000000e+09
-2.754909090279955911e-02 1.185667195000000049e+02 1.155935876666666644e+02 1.138642100000000000e+09
5.786518815479474789e-03 1.172489589999999993e+02 1.182402169999999870e+02 9.961355000000000000e+08
4.099078392980351482e-02 1.199972080000000005e+02 1.189683739999999972e+02 9.541521000000000000e+08
-3.320592144233591725e-02 1.203748819999999995e+02 1.194456586666666595e+02 8.785126000000000000e+08
-3.292675940084456576e-02 1.163942414999999926e+02 1.183985623333333450e+02 1.057507200000000000e+09
-6.908484629898078988e-02 1.104926834999999983e+02 1.131093089999999961e+02 1.786018000000000000e+09
-1.878077193644829557e-02 1.055389974999999936e+02 1.085079726666666602e+02 1.206547300000000000e+09
8.340874171864123832e-02 1.088982655000000079e+02 1.081119916666666541e+02 1.112323100000000000e+09
-1.004186195091948466e-02 1.126893195000000105e+02 1.099723966666666684e+02 7.506406000000000000e+08
-1.064194958040694805e-01 1.061547470000000004e+02 1.085224913333333348e+02 9.215297000000000000e+08
-7.524235609686447113e-02 9.641961299999999824e+01 1.016532950000000000e+02 1.271024100000000000e+09
-6.677446185845017403e-03 9.234105700000000638e+01 9.495698299999999392e+01 8.108626000000000000e+08
1.333269507515359442e-01 9.816687749999999824e+01 9.632804866666667465e+01 7.460496000000000000e+08
-1.399210228234096520e-01 9.700500850000000241e+01 9.534724666666666337e+01 8.723962000000000000e+08
6.528700873172001151e-02 9.263636800000000449e+01 9.652492266666666865e+01 9.003181000000000000e+08
-3.683099639949880683e-02 9.380487850000000094e+01 9.243924733333334132e+01 7.790557000000000000e+08
9.006265913003468071e-02 9.618991499999999917e+01 9.598152699999998561e+01 6.857796000000000000e+08
1.813659432940254237e-02 1.012446899999999914e+02 9.817812866666666594e+01 6.301285000000000000e+08
7.127628257715697135e-02 1.057951544999999953e+02 1.039750443333333152e+02 9.680156000000000000e+08
4.334296489009292763e-03 1.096729164999999995e+02 1.071667963333333233e+02 6.869143000000000000e+08
-2.659846121484023967e-02 1.084483605000000068e+02 1.087774913333333302e+02 7.213055000000000000e+08
5.333548138968109698e-02 1.098397329999999954e+02 1.098631820000000090e+02 6.087717000000000000e+08
4.774653577102176694e-02 1.153831710000000044e+02 1.125843276666666526e+02 5.631220000000000000e+08
1.288834989136472264e-01 1.256823809999999924e+02 1.213525290000000041e+02 5.749686000000000000e+08
5.323629470187636603e-02 1.368392110000000059e+02 1.305839796666666643e+02 5.616284000000000000e+08
-6.978557592920513447e-05 1.403822784999999840e+02 1.380186006666666572e+02 3.733041000000000000e+08
6.341820170742624996e-02 1.448286204999999995e+02 1.433481393333333074e+02 6.539818000000000000e+08
-5.332239691729095954e-02 1.452998809999999992e+02 1.436590473333333193e+02 6.841781000000000000e+08
3.270362466500748716e-02 1.436307375000000093e+02 1.455137786666666670e+02 4.220119000000000000e+08
1.026692983316735142e-01 1.534334335000000067e+02 1.493955893333333336e+02 6.610690000000000000e+08
-5.655360838771322785e-02 1.563748400000000061e+02 1.528970846666666716e+02 6.803741000000000000e+08
9.680779412598572442e-02 1.591732789999999795e+02 1.597572836666666660e+02 5.042913000000000000e+08
1.662336002093095511e-02 1.679062500000000000e+02 1.625456289999999910e+02 6.006634000000000000e+08
-1.170586064606216753e-02 1.682994845000000055e+02 1.677070466666666562e+02 5.308335000000000000e+08
-1.063646205001727262e-02 1.664188540000000103e+02 1.673760123333333354e+02 6.594873000000000000e+08
6.384760167924102836e-02 1.708133849999999825e+02 1.696451366666666729e+02 9.278943000000000000e+08
-5.421030423213589466e-02 1.713245469999999955e+02 1.693927206666666336e+02 7.130109000000000000e+08
-1.501973036646845477e-02 1.653006134999999972e+02 1.688996429999999975e+02 6.660579000000000000e+08
1.307637218897537423e-01 1.747757184999999822e+02 1.720342763333333096e+02 6.209763000000000000e+08
-5.598485343538894647e-03 1.849823379999999986e+02 1.780048369999999807e+02 5.276245000000000000e+08
2.798326997413041334e-02 1.870440140000000042e+02 1.865298766666666381e+02 3.936914000000000000e+08
1.962269111479916228e-01 2.082297135000000026e+02 2.003075003333333370e+02 7.003189000000000000e+08
-4.824963267377821094e-03 2.262872389999999996e+02 2.140664773333333244e+02 6.789720000000000000e+08
