1989-11-01	13.875	14.125	13.25	14.125	1.995302	31812400
1989-12-01	14.1875	16.09375	14.15625	15.96875	2.255752	30180800
1990-01-01	15.8125	16.1875	12.6875	13.21875	1.867286	43649600
1990-02-01	13.28125	13.8125	12.90625	13.6875	2.01588	28772000
1990-03-01	13.625	14.5	13.5	14.125	2.080314	25851600
1990-04-01	14.03125	14.875	13.3125	13.65625	2.011277	27112800
1990-05-01	13.75	14.71875	13.4375	14.59375	2.256984	24131600
1990-06-01	14.625	14.71875	13.15625	13.46875	2.082998	29976800
1990-07-01	13.46875	13.625	12.84375	13.59375	2.10233	32832400
1990-08-01	13.59375	13.8125	11.8125	12.25	1.99656	37256400
1990-09-01	12.09375	13.125	11.8125	13.09375	2.134079	28614800
1990-10-01	13.15625	14.0625	12.90625	13.625	2.220663	41310800
1990-11-01	13.59375	14.0625	13.03125	13.78125	2.363675	34626800
1990-12-01	13.78125	14.375	13.6875	14	2.401194	18913200
1991-01-01	13.96875	14.125	12.5	13.0625	2.240399	40076400
1991-02-01	13.0625	14.3125	13	13.4375	2.426192	27744000
1991-03-01	13.40625	14.09375	13.25	14.03125	2.533394	27680800
1991-04-01	14	14.03125	13.0625	13.34375	2.409265	37812800
1991-05-01	13.25	13.4375	12.25	12.9375	2.461001	36891600
1991-06-01	12.9375	13.40625	12.375	13.375	2.544223	23579600
1991-07-01	13.40625	13.71875	12.96875	13.5	2.568001	29518400
1991-08-01	13.46875	13.84375	12.875	13.75	2.760398	25622000
1991-09-01	13.84375	14.4375	13.65625	13.96875	2.804313	24073200
1991-10-01	14	15.03125	13.4375	15.03125	3.017617	26052000
1991-11-01	15.09375	15.3125	14.09375	14.4375	3.05182	30708000
1991-12-01	14.3125	16.46875	14.0625	16.15625	3.415132	36027200
1992-01-01	16.0625	16.5	15.0625	15.09375	3.190539	38601600
1992-02-01	15.0625	15.4375	14.25	15.09375	3.335148	25854400
1992-03-01	15.125	15.15625	14.25	14.375	3.17633	26892000
1992-04-01	14.34375	15.875	14.15625	15.59375	3.445626	38638400
1992-05-01	15.5625	15.96875	15	15.0625	3.505489	22944800
1992-06-01	15.0625	15.5625	14.84375	15.25	3.549126	23981600
1992-07-01	15.25	16.59375	15.21875	16.46875	3.832764	29116000
1992-08-01	16.4375	17.25	16.21875	16.625	4.057567	26763600
1992-09-01	16.625	17.125	16.0625	17.125	4.179597	26370000
1992-10-01	17.09375	17.625	16.21875	16.6875	4.072821	35670000
1992-11-01	16.6875	17.71875	15.875	17.34375	4.423278	29908400
1992-12-01	17.25	18.6875	17.1875	18.5	4.718166	28031600
1993-01-01	18.3125	18.90625	17.1875	17.21875	4.391399	36466000
1993-02-01	17.3125	18.65625	17.09375	18.625	4.945177	27637600
1993-03-01	18.625	19.53125	17.875	19.53125	5.185799	28875600
1993-04-01	19.5	20.375	18.8125	19.3125	5.127718	22084000
1993-05-01	19.28125	19.4375	18.5	19.1875	5.300125	27091000
1993-06-01	19.25	19.75	18.5625	19.375	5.351917	28313800
1993-07-01	19.5	20.375	19.3125	20.25	5.593615	27952800
1993-08-01	20.25	22.8125	19.8125	22.75	6.406672	25798600
1993-09-01	22.8125	23.5	20.875	21.5	6.05466	28021000
1993-10-01	21.375	22.125	19.8125	22.125	6.230665	25303200
1993-11-01	22.0625	22.125	19.9375	21.25	6.089368	21024200
1993-12-01	21.0625	22.625	20.1875	20.75	5.946089	24781800
1994-01-01	20.75	21	19	20.9375	5.999821	43219600
1994-02-01	20.8125	20.875	18.375	19.5625	5.709703	28731000
1994-03-01	19.5625	20.875	19.25	20.1875	5.89212	43029200
1994-04-01	19.375	22.1875	19.3125	20.75	6.056298	34633400
1994-05-01	20.6875	20.8125	19.25	20.5625	6.121346	26878000
1994-06-01	20.5	21.875	20.3125	21.75	6.474861	26730800
1994-07-01	21.6875	22.125	20.9375	21	6.251591	23682200
1994-08-01	20.9375	21.875	20.375	20.6875	6.272472	27043200
1994-09-01	20.5625	21.75	20.125	21.25	6.443022	26190800
1994-10-01	21.125	21.1875	19.625	20.9375	6.348274	26638000
1994-11-01	20.8125	21.5625	20	20.6875	6.393822	32909600
1994-12-01	20.6875	21.25	20.1875	20.1875	6.23929	31467400
1995-01-01	20.1875	21.6875	19.875	21.3125	6.586991	26366600
1995-02-01	21.3125	21.9375	20.3125	20.8125	6.560024	24591400
1995-03-01	20.875	21.9375	19.8125	21	6.619118	34468200
1995-04-01	20.9375	22.1875	20.8125	22.0625	6.954018	19773800
1995-05-01	22.1875	23.125	21.3125	22.5	7.235496	29274400
1995-06-01	22.375	23.9375	22.1875	23.8125	7.657566	28117200
1995-07-01	23.75	24.5	22.75	24.0625	7.737959	22853600
1995-08-01	24	25.4375	23.6875	25.3125	8.287545	26290200
1995-09-01	25	27.5625	24.75	27.5	9.003751	27717000
1995-10-01	27.3125	28.5	26.625	27.9375	9.146993	26854800
1995-11-01	27.875	28.625	26.5625	27.0625	8.995922	22645400
1995-12-01	27.125	29.25	27.0625	28.625	9.515312	25826800
1996-01-01	28.75	30.125	27.3125	28.3125	9.411437	34903800
1996-02-01	28.5625	30.125	27.125	27.4375	9.249952	36394400
1996-03-01	27.625	28.125	24.875	26.3125	8.870677	37779600
1996-04-01	25.125	25.375	23.125	25.0625	8.449269	63524000
1996-05-01	25	25.3125	24.1875	24.6875	8.469249	37278800
1996-06-01	24.5625	25.125	24	24.625	8.447806	41688000
1996-07-01	24.6875	24.9375	23.625	24.4375	8.383489	38833000
1996-08-01	24.3125	25.5	23.1875	23.3125	8.14042	34850800
1996-09-01	23.1875	24.625	23	24.0625	8.402308	36177600
1996-10-01	24	25.1875	23.5	24.3125	8.489604	38753000
1996-11-01	24.375	26.3125	23.8125	26.3125	9.514907	43464400
1996-12-01	26.1875	27.625	24.25	25.9375	9.379305	37515000
1997-01-01	25.9375	27.625	24.8125	27.5	9.944324	53849200
1997-02-01	27.4375	28.8125	26.4375	28.75	10.571597	41501200
1997-03-01	28.5625	29.125	25.5625	26.25	9.652325	46459400
1997-04-01	26.125	27.8125	24.625	27.75	10.368836	56009600
1997-05-01	27.5	29.4375	27.3125	29.25	10.929305	57328800
1997-06-01	29.25	30.9375	28.0625	30.9375	11.559841	54784600
1997-07-01	30.78125	31.125	27.78125	29.59375	11.057751	53575400
1997-08-01	29.5625	29.6875	26.78125	27.1875	10.307261	46009800
1997-09-01	27.125	30.75	27.0625	30.71875	11.646018	53749000
1997-10-01	30.96875	33.125	30	31.8125	12.060675	66417000
1997-11-01	31.96875	36.625	31.34375	36.3125	13.959618	53827800
1997-12-01	36.5	38.0625	34.78125	36.625	14.079753	57328400
1998-01-01	37	39.5	35.375	38.875	14.944725	67596400
1998-02-01	38.96875	39.5	37.15625	37.8125	14.717917	40336600
1998-03-01	37.6875	46.5625	37.28125	43.359299	16.876923	52986600
1998-04-01	43.125	44.9375	39.375	41.4375	16.128881	47181800
1998-05-01	41.6875	43.6875	37.125	38.875	15.212311	76069600
1998-06-01	38.625	41.25	38.375	40	15.652534	62031900
1998-07-01	39.25	43.0625	38.9375	40.9375	16.019392	56972300
1998-08-01	40.4375	41.8125	37.875	38.0625	14.982354	50727800
1998-09-01	38	44.875	35	44.375	17.467108	54172700
1998-10-01	44.125	49.125	41.125	46.3125	18.229753	92820700
1998-11-01	46.5	51	45.625	47.9375	18.963112	53245100
1998-12-01	48.25	54.875	47.25	53.625	21.212971	48839300
1999-01-01	52.875	59.9375	51.125	54	21.361313	70232700
1999-02-01	54.0625	55	50.0625	52.875	21.009617	53629600
1999-03-01	52.75	54.0625	46.0625	47.1875	18.74972	65038400
1999-04-01	48.375	57	48	55.75	22.151995	73987200
1999-05-01	55.75	55.8125	50	51.125	20.412571	49919800
1999-06-01	51.375	58	50	58	23.157536	66016100
1999-07-01	57.5	59.5	54.6875	57.125	22.808176	64792900
1999-08-01	57.25	59.875	47.5	48.0625	19.274101	67061800
1999-09-01	48	53.75	45.375	51.0625	20.477165	68294600
1999-10-01	51.125	54	44.0625	52.75	21.260763	113088100
1999-11-01	52	53.875	49.5	52.640598	21.216669	108723700
1999-12-01	52.0625	55.5	47.375	48.75	19.648563	103638200
2000-01-01	48.5625	49	38.5625	42.875	17.280664	182223700
2000-02-01	43	43.1875	34.8125	37.75	15.298043	178455900
2000-03-01	40.0625	46.8125	39.75	42.125	17.070995	171545100
2000-04-01	42.5	49	40.4375	43.8125	17.754854	131165700
2000-05-01	44.125	46.9375	40.8125	43.6875	17.801752	106498200
2000-06-01	44.125	50.3125	43.234299	44	17.929087	125756800
2000-07-01	44.125	46.8125	42.1875	42.5625	17.343334	88630400
2000-08-01	42.625	44.75	38.4375	41.765598	17.11355	128492800
2000-09-01	42.8125	50.1875	41.75	49.875	20.436407	116833000
2000-10-01	49.9375	59	48.5	57.6875	23.637598	174553600
2000-11-01	57.375	58.875	53.5	54.9375	22.621675	132799300
2000-12-01	54.6875	55	42.625	47.75	19.662075	156475800
2001-01-01	47.5625	53.0625	45.25	48.349998	19.909126	132327900
2001-02-01	48.799999	51.240002	46	47.700001	19.741695	107433000
2001-03-01	48.25	48.25	39.5	44.630001	18.471106	173434500
2001-04-01	44.630001	45.049999	38.380001	41.25	17.07221	145914300
2001-05-01	41.849998	45.68	40.860001	43.049999	17.920542	124200000
2001-06-01	42.700001	42.75	38.200001	40.060001	16.675884	129489000
2001-07-01	40.060001	45.25	39.740002	45.029999	18.744751	135401300
2001-08-01	45.290001	45.5	40.599998	40.91	17.136057	107079000
2001-09-01	40.919998	47.5	40.709999	47.119999	19.737255	151359900
2001-10-01	46.650002	47.25	37.75	38.110001	15.963219	184394900
2001-11-01	38.110001	40.099998	36.5	37.380001	15.745707	136770100
2001-12-01	37.599998	40.290001	37.200001	39.169998	16.499716	141082800
2002-01-01	39.25	40.990002	35.119999	37.450001	15.775185	144649000
2002-02-01	37.549999	38.68	34.290001	37.84	16.042498	135052000
2002-03-01	38.349998	39.560001	37.25	37.439999	15.872913	115109100
2002-04-01	37.689999	38.400002	30.139999	31.059999	13.168078	196395900
2002-05-01	31	36.360001	30.17	34.290001	14.643339	150057200
2002-06-01	34.540001	34.669998	27.85	30.5	13.024841	172640700
2002-07-01	30.549999	31.959999	22.200001	27.66	11.812038	236513200
2002-08-01	27.450001	29.99	23.99	24.74	10.655828	173413100
2002-09-01	24.25	26.190001	19.57	20.1	8.657324	169664200
2002-10-01	20.049999	27.15	19.799999	25.66	11.052088	228495600
2002-11-01	25.67	28.9	23.950001	28.5	12.434952	162896800
2002-12-01	28.75	29.1	24.85	27.110001	11.828477	141878300
2003-01-01	27.9	31.65	23.4	24.440001	10.663526	194081600
2003-02-01	25.049999	26.299999	20.120001	20.799999	9.156989	226491800
2003-03-01	21.200001	23.08	18.85	20.059999	8.83121	199859900
2003-04-01	20.5	23.700001	19.65	23.360001	10.284001	230524800
2003-05-01	23.360001	25.93	22.59	25.459999	11.354914	183861200
2003-06-01	25.799999	27.35	25.190001	25.549999	11.395047	182106600
2003-07-01	25.549999	26.879999	22.469999	23.360001	10.418331	200751300
2003-08-01	23.6	24.309999	22.290001	22.459999	10.125495	160325000
2003-09-01	22.440001	24.059999	21.65	22.25	10.030826	212661100
2003-10-01	22.370001	24	21.16	23.98	10.810751	296000200
2003-11-01	23.98	24.25	22.83	23.280001	10.626204	177983000
2003-12-01	23.299999	26.15	22.950001	26.07	11.8997	200707900
2004-01-01	26.07	27.73	25.09	25.5	11.639527	230381100
2004-02-01	25.6	26.76	23.200001	24.01	11.087172	238682000
2004-03-01	24.18	25.75	23.66	24.540001	11.331913	218585300
2004-04-01	24.719999	25.68	23.969999	24.9	11.498145	194629800
2004-05-01	25.25	25.59	23.5	23.700001	11.08067	153431500
2004-06-01	23.73	25.17	23.549999	24.25	11.337817	164496500
2004-07-01	24.4	25.790001	22.98	25.34	11.847431	174622300
2004-08-01	25.379999	26.01	24.77	25.790001	12.216033	141458800
2004-09-01	25.870001	26.879999	25.57	25.950001	12.291819	147801800
2004-10-01	26.25	27.290001	24.549999	25.26	11.964989	166480200
2004-11-01	25.35	26.700001	25.059999	25.17	12.060921	173450300
2004-12-01	25.4	26.559999	24.950001	25.77	12.348428	177412500
2005-01-01	25.98	25.98	23.299999	23.76	11.385281	262757300
2005-02-01	24	24.799999	23.76	24.059999	11.677066	215743000
2005-03-01	24.209999	24.620001	22.99	23.690001	11.497488	175532500
2005-04-01	23.780001	24.33	22.780001	23.799999	11.550876	225416900
2005-05-01	23.950001	24.030001	23.030001	23.379999	11.500296	177612600
2005-06-01	23.24	24.190001	23.1	23.75	11.682294	193232500
2005-07-01	23.879999	24.780001	23.200001	24.450001	12.026613	219659300
2005-08-01	24.59	24.969999	23.559999	24.08	12.005271	197751300
2005-09-01	24.030001	24.360001	23.5	23.969999	11.950423	226207400
2005-10-01	23.92	24.139999	21.790001	23.85	11.890601	302855400
2005-11-01	23.860001	25.5	23.35	24.91	12.588512	316870300
2005-12-01	25.15	25.6	24.280001	24.49	12.376261	253849600
2006-01-01	24.49	26.209999	24.24	25.950001	13.11408	260139800
2006-02-01	26	28.82	25.889999	27.59	14.131198	285579400
2006-03-01	27.6	28.389999	26.110001	27.040001	13.849494	485230300
2006-04-01	27.23	27.25	25.15	26.209999	13.424376	297722200
2006-05-01	26.389999	26.459999	24.719999	26.059999	13.513412	293944700
2006-06-01	26.35	28.030001	26.15	27.889999	14.46236	384925600
2006-07-01	28.1	30.4	26.35	29.99	15.551316	376891600
2006-08-01	30.200001	31.41	29.42	31.129999	16.337166	293753600
2006-09-01	31.33	33.759998	31.09	32.560001	17.087633	390514100
2006-10-01	32.560001	35	31.57	34.25	17.974548	550229600
2006-11-01	34.490002	34.560001	31.75	33.91	17.978825	537504200
2006-12-01	33.950001	36.209999	33.740002	35.75	18.95437	478148000
2007-01-01	35.669998	37.880001	31.940001	37.630001	19.951139	550602000
2007-02-01	37.700001	38.18	35.189999	36.799999	19.717188	383506600
2007-03-01	36.169998	39.860001	35.279999	39.43	21.12632	511488000
2007-04-01	39.720001	40.139999	38.380001	38.720001	20.745907	401818500
2007-05-01	38.93	41.5	38.439999	41.34	22.351961	455428500
2007-06-01	41.400002	41.540001	38.700001	41.5	22.438463	503835500
2007-07-01	41.439999	41.93	38.830002	39.16	21.173254	533659200
2007-08-01	39.139999	40.880001	36.529999	39.869999	21.745615	530098300
2007-09-01	39.91	42.970001	38.52	42.310001	23.076416	457954700
2007-10-01	42.419998	42.720001	40.34	41.790001	22.792818	458626200
2007-11-01	41.650002	41.860001	36.25	38.209999	21.017921	568935500
2007-12-01	38.490002	42.790001	37.709999	41.560001	22.860634	520263900
2008-01-01	41.509998	41.939999	33.32	38.490002	21.171942	777731000
2008-02-01	38.580002	38.82	32.950001	34.830002	19.34549	712167400
2008-03-01	34.75	38.740002	34.25	38.299999	21.27282	517361400
2008-04-01	38.700001	39.610001	37.02	38.709999	21.500536	465053300
2008-05-01	39.290001	40.700001	38.299999	39.900002	22.391085	430305600
2008-06-01	39.669998	39.91	32.630001	33.689999	18.90616	607146600
2008-07-01	33.41	33.59	30.530001	30.809999	17.289965	623483900
2008-08-01	31.01	32.810001	29.719999	31.99	18.174612	502823900
2008-09-01	32.529999	33.150002	27.51	27.92	15.862306	707934300
2008-10-01	28.15	29.370001	20.9	26.77	15.208949	1082593800
2008-11-01	26.870001	29.91	23.32	28.559999	16.48204	709710900
2008-12-01	28	30.65	26.57	28.5	16.447416	733617400
2009-01-01	28.74	29.459999	23.9	24.620001	14.208263	689965600
2009-02-01	24.969999	26.379999	22.299999	23.77	13.91938	656411400
2009-03-01	22.799999	26.959999	21.440001	25.200001	14.756766	828007500
2009-04-01	24.77	27.09	24.77	25.620001	15.002711	628424300
2009-05-01	25.879999	26.780001	23.379999	24.790001	14.74402	580943800
2009-06-01	24.969999	25.27	23.809999	24.84	14.773756	679887400
2009-07-01	24.940001	26.6	23.190001	26.23	15.600467	611519000
2009-08-01	26.700001	26.9	24.91	26.049999	15.758978	475688300
2009-09-01	25.950001	27.690001	25.01	27.01	16.339733	601060700
2009-10-01	27	27.190001	25.25	25.67	15.529096	732565500
2009-11-01	25.9	27.33	25	26.940001	16.547274	505314300
2009-12-01	27.18	28.610001	26.940001	28.030001	17.216772	499562400
2010-01-01	28.41	28.73	25.059999	25.360001	15.576793	729998800
2010-02-01	25.67	25.84	24.610001	24.809999	15.467384	578886600
2010-03-01	24.91	26.57	24.709999	25.84	16.109528	590401700
2010-04-01	26.049999	26.75	25.48	26.059999	16.246681	640885700
2010-05-01	26.24	26.43	23.780001	24.299999	15.395198	746316700
2010-06-01	24.27	25.66	24.030001	24.190001	15.3255	674250300
2010-07-01	24.26	26.41	23.879999	25.940001	16.434217	617312000
2010-08-01	26.5	27.389999	26.200001	27.030001	17.424591	609417100
2010-09-01	27.24	29.15	27.059999	28.6	18.436674	514857600
2010-10-01	28.85	29.43	27.860001	28.52	18.385107	522207600
2010-11-01	28.83	29.49	27.49	27.790001	18.174511	435126100
2010-12-01	28.120001	29.559999	28.030001	29.379999	19.214355	459726000
2011-01-01	29.68	30.1	27.200001	27.52	17.997929	693889800
2011-02-01	27.92	28.59	27.559999	28.379999	18.830444	442158800
2011-03-01	28.450001	30.969999	27.27	30.610001	20.310068	820979500
2011-04-01	30.870001	31.82	29.91	31.120001	20.648468	592424500
2011-05-01	31.6	31.940001	30.9	31.559999	21.237883	465616200
2011-06-01	31.43	31.58	30.110001	31.41	21.136936	483674000
2011-07-01	31.42	31.780001	28.77	29.26	19.690125	482818300
2011-08-01	30.059999	30.08	27.33	28.48	19.429369	942937600
2011-09-01	28.59	29.18	27.290001	28.52	19.456661	790385600
2011-10-01	28.639999	29.799999	27.549999	29.309999	19.995607	559009100
2011-11-01	29.030001	29.549999	27.41	28.98	20.075401	495011600
2011-12-01	28.93	30.299999	28.51	30.24	20.948244	507085200
2012-01-01	30.459999	30.68	29.02	29.41	20.373278	598734600
2012-02-01	29.91	30.639999	29.58	30.59	21.501911	475436400
2012-03-01	30.540001	31.969999	30.440001	31.23	21.951775	684160200
2012-04-01	31.280001	32.950001	29.950001	32.91	23.132654	493379500
2012-05-01	32.93	34.41	32.470001	34.169998	24.357798	592937500
2012-06-01	34.099998	36	33.779999	35.66	25.419935	696778300
2012-07-01	35.700001	38.110001	34.240002	37.919998	27.030956	549411700
2012-08-01	38.139999	38.279999	36.43	36.639999	26.443794	480850300
2012-09-01	36.580002	38.580002	36.540001	37.700001	27.208826	503306500
2012-10-01	37.630001	38.43	33	34.59	24.964272	555546200
2012-11-01	34.84	35.380001	32.709999	34.130001	24.918253	579795500
2012-12-01	34.23	34.689999	33.099998	33.709999	24.61161	489829700
2013-01-01	34.389999	35.5	32.759998	34.790001	25.400122	587300900
2013-02-01	35.16	36.25	35	35.91	26.555496	462409500
2013-03-01	35.689999	36.869999	35.630001	36.689999	27.132303	463199400
2013-04-01	36.709999	39	36.630001	37.459999	27.701721	675237900
2013-05-01	37.459999	37.970001	34.98	34.990002	26.185083	453516300
2013-06-01	34.990002	36.389999	34.099998	35.400002	26.491901	646004600
2013-07-01	35.400002	36.310001	34.93	35.27	26.394615	416285700
2013-08-01	35.650002	35.849998	33.189999	33.830002	25.63899	413327000
2013-09-01	34.009998	35.009998	33.209999	33.82	25.631409	417438100
2013-10-01	33.790001	36.490002	33.09	36.200001	27.435154	669464500
2013-11-01	36.5	36.799999	34.560001	35.209999	27.042774	394306900
2013-12-01	35.18	35.299999	33.599998	35.16	27.004374	434511200
2014-01-01	35.240002	35.290001	32.009998	33.32	25.591177	621799500
2014-02-01	33.32	33.5	31.74	31.93	24.850672	609197800
2014-03-01	31.799999	35.5	31.76	35.07	27.294491	653901300
2014-04-01	35.009998	36.41	34.32	35.700001	27.784811	607424800
2014-05-01	35.75	36.860001	35	35.470001	27.968311	538690500
2014-06-01	35.5	35.75	34.619999	35.360001	27.881578	402529100
2014-07-01	35.23	37.48	35.029999	35.59	28.062933	518705600
2014-08-01	35.779999	35.82	34.169998	34.959999	27.922764	379738900
2014-09-01	34.93	35.549999	34.360001	35.240002	28.146402	343246700
2014-10-01	35.09	36.16	33.099998	34.84	27.826929	606451800
2014-11-01	34.970001	36.150002	34.220001	35.380001	28.631002	364250300
2014-12-01	35.279999	35.369999	32.07	33.59	27.182459	576080000
2015-01-01	33.59	34.23	32.41	32.919998	26.640265	594026800
2015-02-01	33.310001	35.07	32.799999	34.560001	28.36418	443389400
2015-03-01	34.560001	34.650002	32.52	32.650002	26.796602	576229800
2015-04-01	32.619999	35.23	32.369999	34.639999	28.42984	607713200
2015-05-01	34.560001	35.220001	33.029999	34.540001	28.755337	637755000
2015-06-01	34.529999	36.450001	34.240002	35.52	29.571213	739352900
2015-07-01	35.59	35.93	33.860001	34.740002	28.921844	757505600
2015-08-01	34.950001	35.02	30.969999	33.439999	28.210226	822676200
2015-09-01	32.599998	33.5	31.85	32.580002	27.48473	557125900
2015-10-01	32.48	34.740002	32.169998	33.509998	28.269281	560204800
2015-11-01	33.689999	33.779999	32.220001	33.669998	28.810776	379371300
2015-12-01	33.779999	34.990002	33.009998	34.41	29.443977	539900700
2016-01-01	34.080002	36.060001	33.41	36.060001	30.855854	676645300
2016-02-01	36.040001	37.5	35.790001	36.950001	32.06234	576355700
2016-03-01	37.099998	39.720001	37.060001	39.169998	33.988674	507389300
2016-04-01	38.669998	39.360001	37.73	38.82	33.684975	451828000
2016-05-01	38.869999	39.669998	37.77	39.150002	34.392563	385614600
2016-06-01	39.099998	43.419998	38.580002	43.209999	37.959202	521922600
2016-07-01	43.209999	43.889999	41.700001	43.290001	38.029484	411456000
2016-08-01	43.25	43.5	40.549999	40.880001	36.314438	413176400
2016-09-01	40.849998	41.700001	39.549999	40.610001	36.074589	446830200
2016-10-01	40.619999	41.040001	36.27	36.790001	32.681221	623692000
2016-11-01	36.970001	39.669998	36.099998	38.630001	34.733562	500059800
2016-12-01	38.630001	42.84	38.16	40.380001	36.307049	463518700
2017-01-01	42.689999	43.029999	40.240002	42.16	37.907509	460517200
2017-02-01	42.279999	42.459999	40.41	41.790001	38.011539	372470500
2017-03-01	41.779999	42.700001	41.259998	41.549999	37.793236	380077200
2017-04-01	41.599998	41.77	39.52	39.630001	36.046837	410612000
2017-05-01	39.68	39.700001	37.450001	38.529999	35.464939	467181000
2017-06-01	38.68	39.369999	37.540001	37.73	34.728577	436895300
2017-07-01	37.84	39.669998	35.810001	39	35.897549	567280000
2017-08-01	39.25	39.27	37.200001	37.459999	34.929039	407609400
2017-09-01	37.59	39.310001	35.099998	39.169998	36.523502	563552300
2017-10-01	39.200001	39.799999	33.330002	33.650002	31.376463	821503000
2017-11-01	33.860001	36.900002	32.549999	36.380001	34.347992	879382500
2017-12-01	36.349998	39.330002	35.810001	38.880001	36.708355	588631100
2018-01-01	39.060001	39.060001	36.32	37.450001	35.358227	632206900
2018-02-01	38.509998	39.290001	35.029999	36.299999	34.726395	618451700
2018-03-01	36.310001	37.810001	34.439999	35.650002	34.104576	506953300
2018-04-01	35.580002	36.389999	32.470001	32.700001	31.282457	656698300
2018-05-01	32.75	32.91	31.17	32.32	31.358995	636455600
2018-06-01	32.48	34.529999	31.4	32.110001	31.155241	1228524000
2018-07-01	32.16	32.799999	30.129999	31.969999	31.019403	956891800
2018-08-01	32.200001	33.580002	31.719999	31.940001	31.471809	580715400
2018-09-01	31.780001	34.279999	31.48	33.580002	33.087772	665314100
2018-10-01	33.66	34.299999	28.85	30.68	30.23028	993990200
