1.867286000000000001e+00 2.061519000000000101e+00 2.039446666666666630e+00 4.364960000000000000e+07 1.000000000000000000e+00
2.015880000000000116e+00 1.941583000000000059e+00 2.046305999999999958e+00 2.877200000000000000e+07 1.000000000000000000e+00
2.080313999999999997e+00 2.048097000000000278e+00 1.987826666666666853e+00 2.585160000000000000e+07 0.000000000000000000e+00
2.011277000000000204e+00 2.045795500000000100e+00 2.035823666666666920e+00 2.711280000000000000e+07 1.000000000000000000e+00
2.256984000000000101e+00 2.134130500000000374e+00 2.116191666666666915e+00 2.413160000000000000e+07 0.000000000000000000e+00
2.082997999999999905e+00 2.169991000000000003e+00 2.117086333333333403e+00 2.997680000000000000e+07 1.000000000000000000e+00
2.102329999999999810e+00 2.092664000000000080e+00 2.147437333333332976e+00 3.283240000000000000e+07 0.000000000000000000e+00
1.996559999999999890e+00 2.049444999999999961e+00 2.060629333333333424e+00 3.725640000000000000e+07 1.000000000000000000e+00
2.134078999999999837e+00 2.065319499999999753e+00 2.077656333333333105e+00 2.861480000000000000e+07 1.000000000000000000e+00
2.220663000000000054e+00 2.177370999999999945e+00 2.117100666666666520e+00 4.131080000000000000e+07 1.000000000000000000e+00
2.363675000000000193e+00 2.292169000000000345e+00 2.239472333333333509e+00 3.462680000000000000e+07 1.000000000000000000e+00
2.401193999999999829e+00 2.382434500000000011e+00 2.328510666666666840e+00 1.891320000000000000e+07 0.000000000000000000e+00
2.240399000000000029e+00 2.320796500000000151e+00 2.335089333333333350e+00 4.007640000000000000e+07 1.000000000000000000e+00
2.426191999999999904e+00 2.333295500000000189e+00 2.355928333333333402e+00 2.774400000000000000e+07 1.000000000000000000e+00
2.533393999999999924e+00 2.479792999999999914e+00 2.399995000000000100e+00 2.768080000000000000e+07 0.000000000000000000e+00
2.409264999999999990e+00 2.471329499999999957e+00 2.456283666666666310e+00 3.781280000000000000e+07 1.000000000000000000e+00
2.461000999999999994e+00 2.435132999999999992e+00 2.467886666666666784e+00 3.689160000000000000e+07 1.000000000000000000e+00
2.544223000000000123e+00 2.502612000000000059e+00 2.471496333333333073e+00 2.357960000000000000e+07 1.000000000000000000e+00
2.568001000000000200e+00 2.556112000000000162e+00 2.524408333333333587e+00 2.951840000000000000e+07 1.000000000000000000e+00
2.760397999999999907e+00 2.664199500000000054e+00 2.624207333333333114e+00 2.562200000000000000e+07 1.000000000000000000e+00
2.804313000000000056e+00 2.782355499999999981e+00 2.710903999999999758e+00 2.407320000000000000e+07 1.000000000000000000e+00
3.017616999999999994e+00 2.910965000000000025e+00 2.860775999999999986e+00 2.605200000000000000e+07 1.000000000000000000e+00
3.051820000000000199e+00 3.034718500000000319e+00 2.957916666666667194e+00 3.070800000000000000e+07 1.000000000000000000e+00
3.415131999999999834e+00 3.233476000000000017e+00 3.161523000000000305e+00 3.602720000000000000e+07 0.000000000000000000e+00
3.190538999999999792e+00 3.302835499999999591e+00 3.219163666666666757e+00 3.860160000000000000e+07 1.000000000000000000e+00
3.335147999999999779e+00 3.262843499999999786e+00 3.313606333333332987e+00 2.585440000000000000e+07 0.000000000000000000e+00
3.176330000000000098e+00 3.255739000000000161e+00 3.234005666666666556e+00 2.689200000000000000e+07 1.000000000000000000e+00
3.445625999999999856e+00 3.310977999999999977e+00 3.319034666666667022e+00 3.863840000000000000e+07 1.000000000000000000e+00
3.505488999999999855e+00 3.475557499999999855e+00 3.375814999999999788e+00 2.294480000000000000e+07 1.000000000000000000e+00
3.549125999999999781e+00 3.527307500000000040e+00 3.500080333333333016e+00 2.398160000000000000e+07 1.000000000000000000e+00
3.832764000000000060e+00 3.690945000000000142e+00 3.629126333333333232e+00 2.911600000000000000e+07 1.000000000000000000e+00
4.057566999999999702e+00 3.945165499999999881e+00 3.813152333333333477e+00 2.676360000000000000e+07 1.000000000000000000e+00
4.179597000000000229e+00 4.118581999999999965e+00 4.023309333333333626e+00 2.637000000000000000e+07 0.000000000000000000e+00
4.072821000000000247e+00 4.126209000000000238e+00 4.103328333333333688e+00 3.567000000000000000e+07 1.000000000000000000e+00
4.423277999999999821e+00 4.248049500000000478e+00 4.225232000000000099e+00 2.990840000000000000e+07 1.000000000000000000e+00
4.718166000000000082e+00 4.570721999999999952e+00 4.404755000000000642e+00 2.803160000000000000e+07 0.000000000000000000e+00
4.391398999999999830e+00 4.554782499999999956e+00 4.510947666666666578e+00 3.646600000000000000e+07 1.000000000000000000e+00
4.945177000000000156e+00 4.668288000000000437e+00 4.684914000000000023e+00 2.763760000000000000e+07 1.000000000000000000e+00
5.185799000000000269e+00 5.065488000000000213e+00 4.840791666666667048e+00 2.887560000000000000e+07 0.000000000000000000e+00
5.127717999999999776e+00 5.156758500000000467e+00 5.086231333333333104e+00 2.208400000000000000e+07 1.000000000000000000e+00
5.300125000000000419e+00 5.213921499999999654e+00 5.204547333333334080e+00 2.709100000000000000e+07 1.000000000000000000e+00
5.351917000000000257e+00 5.326021000000000782e+00 5.259920000000000151e+00 2.831380000000000000e+07 1.000000000000000000e+00
5.593614999999999782e+00 5.472766000000000020e+00 5.415219000000000449e+00 2.795280000000000000e+07 1.000000000000000000e+00
6.406672000000000367e+00 6.000143500000000074e+00 5.784068000000000431e+00 2.579860000000000000e+07 0.000000000000000000e+00
6.054660000000000153e+00 6.230666000000000260e+00 6.018315666666666175e+00 2.802100000000000000e+07 1.000000000000000000e+00
6.230665000000000120e+00 6.142662500000000136e+00 6.230665666666666880e+00 2.530320000000000000e+07 0.000000000000000000e+00
6.089368000000000336e+00 6.160016500000000228e+00 6.124897666666666574e+00 2.102420000000000000e+07 0.000000000000000000e+00
5.946088999999999736e+00 6.017728500000000480e+00 6.088707333333332805e+00 2.478180000000000000e+07 1.000000000000000000e+00
5.999820999999999849e+00 5.972954999999999792e+00 6.011759333333333899e+00 4.321960000000000000e+07 0.000000000000000000e+00
5.709703000000000195e+00 5.854762000000000022e+00 5.885204333333333260e+00 2.873100000000000000e+07 1.000000000000000000e+00
5.892120000000000246e+00 5.800911499999999776e+00 5.867214666666666467e+00 4.302920000000000000e+07 1.000000000000000000e+00
6.056297999999999959e+00 5.974209000000000103e+00 5.886040333333333763e+00 3.463340000000000000e+07 1.000000000000000000e+00
6.121345999999999954e+00 6.088822000000000401e+00 6.023254666666666424e+00 2.687800000000000000e+07 1.000000000000000000e+00
6.474860999999999756e+00 6.298103499999999855e+00 6.217501666666667148e+00 2.673080000000000000e+07 0.000000000000000000e+00
6.251591000000000342e+00 6.363226000000000049e+00 6.282599333333333647e+00 2.368220000000000000e+07 1.000000000000000000e+00
6.272471999999999603e+00 6.262031499999999973e+00 6.332974666666665975e+00 2.704320000000000000e+07 1.000000000000000000e+00
6.443022000000000027e+00 6.357746999999999815e+00 6.322361666666666657e+00 2.619080000000000000e+07 0.000000000000000000e+00
6.348273999999999972e+00 6.395647999999999556e+00 6.354589333333333201e+00 2.663800000000000000e+07 1.000000000000000000e+00
6.393822000000000116e+00 6.371048000000000044e+00 6.395039333333333076e+00 3.290960000000000000e+07 0.000000000000000000e+00
6.239289999999999559e+00 6.316556000000000282e+00 6.327128666666666845e+00 3.146740000000000000e+07 1.000000000000000000e+00
6.586991000000000263e+00 6.413140499999999911e+00 6.406701000000000867e+00 2.636660000000000000e+07 0.000000000000000000e+00
6.560024000000000299e+00 6.573507499999999837e+00 6.462101666666666411e+00 2.459140000000000000e+07 1.000000000000000000e+00
6.619118000000000279e+00 6.589571000000000289e+00 6.588710999999999984e+00 3.446820000000000000e+07 1.000000000000000000e+00
6.954017999999999589e+00 6.786567999999999934e+00 6.711053333333333093e+00 1.977380000000000000e+07 1.000000000000000000e+00
7.235496000000000372e+00 7.094756999999999536e+00 6.936210666666666746e+00 2.927440000000000000e+07 1.000000000000000000e+00
7.657566000000000095e+00 7.446531000000000233e+00 7.282359999999999722e+00 2.811720000000000000e+07 1.000000000000000000e+00
7.737959000000000032e+00 7.697762499999999619e+00 7.543673666666666833e+00 2.285360000000000000e+07 1.000000000000000000e+00
8.287544999999999717e+00 8.012751999999998986e+00 7.894356666666666911e+00 2.629020000000000000e+07 1.000000000000000000e+00
9.003750999999999394e+00 8.645647999999999556e+00 8.343085000000000306e+00 2.771700000000000000e+07 1.000000000000000000e+00
9.146993000000000151e+00 9.075371999999999773e+00 8.812762999999998570e+00 2.685480000000000000e+07 0.000000000000000000e+00
8.995922000000000196e+00 9.071457500000001062e+00 9.048888666666666580e+00 2.264540000000000000e+07 1.000000000000000000e+00
9.515311999999999770e+00 9.255617000000000871e+00 9.219409000000000631e+00 2.582680000000000000e+07 0.000000000000000000e+00
9.411436999999999387e+00 9.463374500000000467e+00 9.307557000000000968e+00 3.490380000000000000e+07 0.000000000000000000e+00
9.249952000000000396e+00 9.330694499999999891e+00 9.392233666666667702e+00 3.639440000000000000e+07 0.000000000000000000e+00
8.870677000000000589e+00 9.060314500000000493e+00 9.177355333333332865e+00 3.777960000000000000e+07 0.000000000000000000e+00
8.449268999999999252e+00 8.659973000000000809e+00 8.856632666666667930e+00 6.352400000000000000e+07 1.000000000000000000e+00
8.469248999999999583e+00 8.459258999999999418e+00 8.596398333333333142e+00 3.727880000000000000e+07 0.000000000000000000e+00
8.447805999999999926e+00 8.458527499999998867e+00 8.455441333333332921e+00 4.168800000000000000e+07 0.000000000000000000e+00
8.383489000000000857e+00 8.415647500000000392e+00 8.433514666666665605e+00 3.883300000000000000e+07 0.000000000000000000e+00
8.140420000000000655e+00 8.261954500000001644e+00 8.323905000000001664e+00 3.485080000000000000e+07 1.000000000000000000e+00
8.402307999999999666e+00 8.271364000000000161e+00 8.308739000000000985e+00 3.617760000000000000e+07 1.000000000000000000e+00
8.489603999999999928e+00 8.445955999999998909e+00 8.344110666666667342e+00 3.875300000000000000e+07 1.000000000000000000e+00
9.514906999999999115e+00 9.002255500000000410e+00 8.802272999999999570e+00 4.346440000000000000e+07 0.000000000000000000e+00
9.379305000000000447e+00 9.447105999999999781e+00 9.127938666666667089e+00 3.751500000000000000e+07 1.000000000000000000e+00
9.944323999999999941e+00 9.661814500000000194e+00 9.612845333333332576e+00 5.384920000000000000e+07 1.000000000000000000e+00
1.057159700000000058e+01 1.025796049999999937e+01 9.965075333333333063e+00 4.150120000000000000e+07 0.000000000000000000e+00
9.652324999999999378e+00 1.011196100000000087e+01 1.005608199999999819e+01 4.645940000000000000e+07 1.000000000000000000e+00
1.036883599999999994e+01 1.001058049999999966e+01 1.019758600000000115e+01 5.600960000000000000e+07 1.000000000000000000e+00
1.092930499999999938e+01 1.064907050000000055e+01 1.031682200000000016e+01 5.732880000000000000e+07 1.000000000000000000e+00
1.155984100000000048e+01 1.124457299999999904e+01 1.095266066666666660e+01 5.478460000000000000e+07 0.000000000000000000e+00
1.105775099999999966e+01 1.130879600000000096e+01 1.118229900000000043e+01 5.357540000000000000e+07 0.000000000000000000e+00
1.030726100000000045e+01 1.068250600000000006e+01 1.097495099999999901e+01 4.600980000000000000e+07 1.000000000000000000e+00
1.164601799999999976e+01 1.097663950000000099e+01 1.100367666666666544e+01 5.374900000000000000e+07 1.000000000000000000e+00
1.206067499999999981e+01 1.185334650000000067e+01 1.133798466666666549e+01 6.641700000000000000e+07 1.000000000000000000e+00
1.395961800000000075e+01 1.301014650000000117e+01 1.255543699999999951e+01 5.382780000000000000e+07 1.000000000000000000e+00
1.407975300000000018e+01 1.401968550000000135e+01 1.336668200000000262e+01 5.732840000000000000e+07 1.000000000000000000e+00
1.494472500000000004e+01 1.451223900000000100e+01 1.432803200000000032e+01 6.759640000000000000e+07 0.000000000000000000e+00
1.471791699999999992e+01 1.483132099999999909e+01 1.458079833333333397e+01 4.033660000000000000e+07 1.000000000000000000e+00
1.687692300000000145e+01 1.579742000000000068e+01 1.551318833333333203e+01 5.298660000000000000e+07 0.000000000000000000e+00
1.612888099999999980e+01 1.650290199999999885e+01 1.590790699999999980e+01 4.718180000000000000e+07 0.000000000000000000e+00
1.521231099999999969e+01 1.567059599999999975e+01 1.607270499999999913e+01 7.606960000000000000e+07 1.000000000000000000e+00
1.565253399999999928e+01 1.543242249999999949e+01 1.566457533333333174e+01 6.203190000000000000e+07 1.000000000000000000e+00
1.601939199999999985e+01 1.583596299999999957e+01 1.562807899999999961e+01 5.697230000000000000e+07 0.000000000000000000e+00
1.498235400000000084e+01 1.550087300000000035e+01 1.555142666666666607e+01 5.072780000000000000e+07 1.000000000000000000e+00
1.746710799999999963e+01 1.622473099999999846e+01 1.615628466666666796e+01 5.417270000000000000e+07 1.000000000000000000e+00
1.822975299999999876e+01 1.784843049999999920e+01 1.689307166666666760e+01 9.282070000000000000e+07 1.000000000000000000e+00
1.896311199999999886e+01 1.859643249999999881e+01 1.821999099999999672e+01 5.324510000000000000e+07 1.000000000000000000e+00
2.121297099999999958e+01 2.008804149999999922e+01 1.946861199999999670e+01 4.883930000000000000e+07 1.000000000000000000e+00
2.136131299999999911e+01 2.128714199999999934e+01 2.051246533333333488e+01 7.023270000000000000e+07 0.000000000000000000e+00
2.100961699999999865e+01 2.118546500000000066e+01 2.119463366666666460e+01 5.362960000000000000e+07 0.000000000000000000e+00
1.874971999999999994e+01 1.987966850000000107e+01 2.037354999999999805e+01 6.503840000000000000e+07 1.000000000000000000e+00
2.215199499999999944e+01 2.045085749999999791e+01 2.063711066666666838e+01 7.398720000000000000e+07 0.000000000000000000e+00
2.041257099999999980e+01 2.128228299999999962e+01 2.043809533333333306e+01 4.991980000000000000e+07 1.000000000000000000e+00
2.315753600000000034e+01 2.178505350000000007e+01 2.190736733333333675e+01 6.601610000000000000e+07 0.000000000000000000e+00
2.280817599999999956e+01 2.298285599999999818e+01 2.212609433333333087e+01 6.479290000000000000e+07 0.000000000000000000e+00
1.927410100000000170e+01 2.104113850000000241e+01 2.174660433333333387e+01 6.706180000000000000e+07 1.000000000000000000e+00
2.047716499999999940e+01 1.987563300000000055e+01 2.085314733333333592e+01 6.829460000000000000e+07 1.000000000000000000e+00
2.126076300000000074e+01 2.086896399999999829e+01 2.033734300000000061e+01 1.130881000000000000e+08 0.000000000000000000e+00
2.121666899999999956e+01 2.123871600000000015e+01 2.098486566666666420e+01 1.087237000000000000e+08 0.000000000000000000e+00
1.964856299999999933e+01 2.043261599999999945e+01 2.070866499999999988e+01 1.036382000000000000e+08 0.000000000000000000e+00
1.728066400000000158e+01 1.846461349999999868e+01 1.938196533333333349e+01 1.822237000000000000e+08 0.000000000000000000e+00
1.529804299999999984e+01 1.628935350000000071e+01 1.740908999999999907e+01 1.784559000000000000e+08 1.000000000000000000e+00
1.707099499999999992e+01 1.618451900000000165e+01 1.654990066666666948e+01 1.715451000000000000e+08 1.000000000000000000e+00
1.775485400000000169e+01 1.741292450000000258e+01 1.670796400000000048e+01 1.311657000000000000e+08 1.000000000000000000e+00
1.780175200000000046e+01 1.777830300000000108e+01 1.754253366666666736e+01 1.064982000000000000e+08 1.000000000000000000e+00
1.792908699999999911e+01 1.786541950000000156e+01 1.782856433333333257e+01 1.257568000000000000e+08 0.000000000000000000e+00
1.734333399999999870e+01 1.763621049999999713e+01 1.769139099999999942e+01 8.863040000000000000e+07 0.000000000000000000e+00
1.711355000000000004e+01 1.722844200000000114e+01 1.746199033333333261e+01 1.284928000000000000e+08 1.000000000000000000e+00
2.043640699999999910e+01 1.877497849999999957e+01 1.829776366666666831e+01 1.168330000000000000e+08 1.000000000000000000e+00
2.363759800000000055e+01 2.203700249999999983e+01 2.039585166666666893e+01 1.745536000000000000e+08 0.000000000000000000e+00
2.262167499999999976e+01 2.312963650000000015e+01 2.223189333333333195e+01 1.327993000000000000e+08 0.000000000000000000e+00
1.966207500000000152e+01 2.114187499999999886e+01 2.197378266666666491e+01 1.564758000000000000e+08 1.000000000000000000e+00
1.990912600000000054e+01 1.978560050000000103e+01 2.073095866666666609e+01 1.323279000000000000e+08 0.000000000000000000e+00
1.974169499999999999e+01 1.982541050000000027e+01 1.977096533333333284e+01 1.074330000000000000e+08 0.000000000000000000e+00
1.847110599999999891e+01 1.910640049999999945e+01 1.937397566666666648e+01 1.734345000000000000e+08 0.000000000000000000e+00
1.707220999999999833e+01 1.777165799999999862e+01 1.842833699999999908e+01 1.459143000000000000e+08 1.000000000000000000e+00
1.792054200000000108e+01 1.749637599999999793e+01 1.782128600000000063e+01 1.242000000000000000e+08 0.000000000000000000e+00
1.667588399999999993e+01 1.729821300000000051e+01 1.722287866666666289e+01 1.294890000000000000e+08 1.000000000000000000e+00
1.874475100000000083e+01 1.771031750000000216e+01 1.778039233333333513e+01 1.354013000000000000e+08 0.000000000000000000e+00
1.713605700000000098e+01 1.794040400000000091e+01 1.751889733333333510e+01 1.070790000000000000e+08 1.000000000000000000e+00
1.973725500000000110e+01 1.843665599999999927e+01 1.853935433333333549e+01 1.513599000000000000e+08 0.000000000000000000e+00
1.596321900000000049e+01 1.785023699999999991e+01 1.761217699999999908e+01 1.843949000000000000e+08 0.000000000000000000e+00
1.574570699999999945e+01 1.585446299999999908e+01 1.714872699999999739e+01 1.367701000000000000e+08 1.000000000000000000e+00
1.649971599999999938e+01 1.612271150000000119e+01 1.606954733333333252e+01 1.410828000000000000e+08 0.000000000000000000e+00
1.577518500000000046e+01 1.613745049999999992e+01 1.600686933333333428e+01 1.446490000000000000e+08 1.000000000000000000e+00
1.604249799999999837e+01 1.590884149999999941e+01 1.610579966666666607e+01 1.350520000000000000e+08 0.000000000000000000e+00
1.587291300000000049e+01 1.595770549999999943e+01 1.589686533333333252e+01 1.151091000000000000e+08 0.000000000000000000e+00
1.316807799999999951e+01 1.452049549999999911e+01 1.502782966666666731e+01 1.963959000000000000e+08 1.000000000000000000e+00
1.464333899999999922e+01 1.390570849999999936e+01 1.456144333333333130e+01 1.500572000000000000e+08 0.000000000000000000e+00
1.302484100000000034e+01 1.383408999999999978e+01 1.361208599999999969e+01 1.726407000000000000e+08 0.000000000000000000e+00
1.181203799999999937e+01 1.241843949999999985e+01 1.316007266666666631e+01 2.365132000000000000e+08 0.000000000000000000e+00
1.065582799999999963e+01 1.123393300000000039e+01 1.183090233333333252e+01 1.734131000000000000e+08 0.000000000000000000e+00
8.657323999999999131e+00 9.656575999999999382e+00 1.037506333333333330e+01 1.696642000000000000e+08 1.000000000000000000e+00
1.105208799999999947e+01 9.854706000000000188e+00 1.012174666666666667e+01 2.284956000000000000e+08 1.000000000000000000e+00
1.243495199999999912e+01 1.174352000000000018e+01 1.071478799999999865e+01 1.628968000000000000e+08 0.000000000000000000e+00
1.182847699999999946e+01 1.213171449999999929e+01 1.177183899999999994e+01 1.418783000000000000e+08 0.000000000000000000e+00
1.066352599999999917e+01 1.124600149999999843e+01 1.164231833333333377e+01 1.940816000000000000e+08 0.000000000000000000e+00
9.156988999999999379e+00 9.910257500000000164e+00 1.054966399999999815e+01 2.264918000000000000e+08 0.000000000000000000e+00
8.831210000000000448e+00 8.994099500000000802e+00 9.550575000000000259e+00 1.998599000000000000e+08 1.000000000000000000e+00
1.028400099999999995e+01 9.557605500000001086e+00 9.424066666666666592e+00 2.305248000000000000e+08 1.000000000000000000e+00
1.135491400000000084e+01 1.081945750000000039e+01 1.015670833333333434e+01 1.838612000000000000e+08 1.000000000000000000e+00
1.139504699999999993e+01 1.137498049999999949e+01 1.101132066666666809e+01 1.821066000000000000e+08 0.000000000000000000e+00
1.041833100000000023e+01 1.090668900000000008e+01 1.105609733333333367e+01 2.007513000000000000e+08 0.000000000000000000e+00
1.012549500000000080e+01 1.027191300000000140e+01 1.064629099999999973e+01 1.603250000000000000e+08 0.000000000000000000e+00
1.003082599999999935e+01 1.007816049999999919e+01 1.019155066666666620e+01 2.126611000000000000e+08 1.000000000000000000e+00
1.081075099999999978e+01 1.042078850000000045e+01 1.032235733333333272e+01 2.960002000000000000e+08 0.000000000000000000e+00
1.062620399999999954e+01 1.071847749999999877e+01 1.048926033333333407e+01 1.779830000000000000e+08 1.000000000000000000e+00
1.189969999999999928e+01 1.126295199999999852e+01 1.111221833333333109e+01 2.007079000000000000e+08 0.000000000000000000e+00
1.163952699999999929e+01 1.176961349999999840e+01 1.138847699999999996e+01 2.303811000000000000e+08 0.000000000000000000e+00
1.108717200000000069e+01 1.136334949999999999e+01 1.154213299999999975e+01 2.386820000000000000e+08 1.000000000000000000e+00
1.133191300000000012e+01 1.120954250000000130e+01 1.135287066666666611e+01 2.185853000000000000e+08 1.000000000000000000e+00
1.149814499999999917e+01 1.141502900000000054e+01 1.130574333333333392e+01 1.946298000000000000e+08 0.000000000000000000e+00
1.108066999999999958e+01 1.128940749999999937e+01 1.130357599999999962e+01 1.534315000000000000e+08 1.000000000000000000e+00
1.133781699999999937e+01 1.120924349999999947e+01 1.130554399999999937e+01 1.644965000000000000e+08 1.000000000000000000e+00
1.184743100000000027e+01 1.159262400000000071e+01 1.142197266666666700e+01 1.746223000000000000e+08 1.000000000000000000e+00
1.221603299999999948e+01 1.203173199999999987e+01 1.180042699999999911e+01 1.414588000000000000e+08 1.000000000000000000e+00
1.229181900000000027e+01 1.225392599999999987e+01 1.211842766666666726e+01 1.478018000000000000e+08 0.000000000000000000e+00
1.196498899999999921e+01 1.212840399999999974e+01 1.215761366666666810e+01 1.664802000000000000e+08 1.000000000000000000e+00
1.206092100000000045e+01 1.201295499999999983e+01 1.210590966666666723e+01 1.734503000000000000e+08 1.000000000000000000e+00
1.234842800000000018e+01 1.220467449999999943e+01 1.212477933333333446e+01 1.774125000000000000e+08 0.000000000000000000e+00
1.138528100000000087e+01 1.186685450000000053e+01 1.193154333333333206e+01 2.627573000000000000e+08 1.000000000000000000e+00
1.167706599999999995e+01 1.153117350000000130e+01 1.180359166666666759e+01 2.157430000000000000e+08 0.000000000000000000e+00
1.149748800000000060e+01 1.158727700000000027e+01 1.151994500000000166e+01 1.755325000000000000e+08 1.000000000000000000e+00
1.155087600000000059e+01 1.152418199999999970e+01 1.157514333333333489e+01 2.254169000000000000e+08 0.000000000000000000e+00
1.150029600000000052e+01 1.152558600000000055e+01 1.151621999999999879e+01 1.776126000000000000e+08 1.000000000000000000e+00
1.168229400000000062e+01 1.159129500000000057e+01 1.157782199999999939e+01 1.932325000000000000e+08 1.000000000000000000e+00
1.202661299999999933e+01 1.185445349999999998e+01 1.173640100000000075e+01 2.196593000000000000e+08 0.000000000000000000e+00
1.200527100000000047e+01 1.201594199999999901e+01 1.190472600000000192e+01 1.977513000000000000e+08 0.000000000000000000e+00
1.195042300000000068e+01 1.197784700000000058e+01 1.199410233333333231e+01 2.262074000000000000e+08 0.000000000000000000e+00
1.189060100000000020e+01 1.192051200000000044e+01 1.194876499999999986e+01 3.028554000000000000e+08 1.000000000000000000e+00
1.258851199999999970e+01 1.223955649999999906e+01 1.214317866666666568e+01 3.168703000000000000e+08 0.000000000000000000e+00
1.237626099999999951e+01 1.248238650000000050e+01 1.228512466666666647e+01 2.538496000000000000e+08 1.000000000000000000e+00
1.311407999999999952e+01 1.274517050000000040e+01 1.269295100000000076e+01 2.601398000000000000e+08 1.000000000000000000e+00
1.413119799999999948e+01 1.362263899999999950e+01 1.320717966666666676e+01 2.855794000000000000e+08 0.000000000000000000e+00
1.384949399999999997e+01 1.399034599999999884e+01 1.369825733333333240e+01 4.852303000000000000e+08 0.000000000000000000e+00
1.342437600000000053e+01 1.363693500000000114e+01 1.380168933333333392e+01 2.977222000000000000e+08 1.000000000000000000e+00
1.351341200000000065e+01 1.346889400000000059e+01 1.359576066666666883e+01 2.939447000000000000e+08 1.000000000000000000e+00
1.446236000000000033e+01 1.398788599999999960e+01 1.380004933333333383e+01 3.849256000000000000e+08 1.000000000000000000e+00
1.555131599999999992e+01 1.500683800000000012e+01 1.450902933333333245e+01 3.768916000000000000e+08 1.000000000000000000e+00
1.633716599999999985e+01 1.594424099999999989e+01 1.545028066666666611e+01 2.937536000000000000e+08 1.000000000000000000e+00
1.708763300000000029e+01 1.671239950000000007e+01 1.632537166666666550e+01 3.905141000000000000e+08 1.000000000000000000e+00
1.797454799999999864e+01 1.753109049999999769e+01 1.713311566666666508e+01 5.502296000000000000e+08 1.000000000000000000e+00
1.797882500000000050e+01 1.797668649999999957e+01 1.768033533333333196e+01 5.375042000000000000e+08 1.000000000000000000e+00
1.895437000000000083e+01 1.846659749999999889e+01 1.830258099999999999e+01 4.781480000000000000e+08 1.000000000000000000e+00
1.995113900000000129e+01 1.945275450000000106e+01 1.896144466666666517e+01 5.506020000000000000e+08 0.000000000000000000e+00
1.971718800000000016e+01 1.983416350000000250e+01 1.954089899999999957e+01 3.835066000000000000e+08 1.000000000000000000e+00
2.112631999999999977e+01 2.042175399999999996e+01 2.026488233333333611e+01 5.114880000000000000e+08 0.000000000000000000e+00
2.074590699999999899e+01 2.093611349999999760e+01 2.052980499999999964e+01 4.018185000000000000e+08 1.000000000000000000e+00
2.235196099999999930e+01 2.154893399999999914e+01 2.140806266666666602e+01 4.554285000000000000e+08 1.000000000000000000e+00
2.243846299999999871e+01 2.239521200000000078e+01 2.184544366666666448e+01 5.038355000000000000e+08 0.000000000000000000e+00
2.117325400000000002e+01 2.180585849999999937e+01 2.198789266666666720e+01 5.336592000000000000e+08 1.000000000000000000e+00
2.174561500000000080e+01 2.145943450000000041e+01 2.178577733333333200e+01 5.300983000000000000e+08 1.000000000000000000e+00
2.307641599999999826e+01 2.241101549999999776e+01 2.199842833333333303e+01 4.579547000000000000e+08 0.000000000000000000e+00
2.279281800000000047e+01 2.293461699999999936e+01 2.253828299999999629e+01 4.586262000000000000e+08 0.000000000000000000e+00
2.101792100000000119e+01 2.190536949999999905e+01 2.229571833333333686e+01 5.689355000000000000e+08 1.000000000000000000e+00
2.286063400000000101e+01 2.193927750000000287e+01 2.222379100000000207e+01 5.202639000000000000e+08 0.000000000000000000e+00
2.117194200000000137e+01 2.201628800000000297e+01 2.168349900000000119e+01 7.777310000000000000e+08 0.000000000000000000e+00
1.934549000000000163e+01 2.025871599999999972e+01 2.112602200000000252e+01 7.121674000000000000e+08 1.000000000000000000e+00
2.127281999999999940e+01 2.030915500000000051e+01 2.059675066666666510e+01 5.173614000000000000e+08 1.000000000000000000e+00
2.150053600000000031e+01 2.138667799999999986e+01 2.070628200000000163e+01 4.650533000000000000e+08 1.000000000000000000e+00
2.239108500000000035e+01 2.194581050000000033e+01 2.172148033333333217e+01 4.303056000000000000e+08 0.000000000000000000e+00
1.890615999999999985e+01 2.064862250000000188e+01 2.093259366666666565e+01 6.071466000000000000e+08 0.000000000000000000e+00
1.728996499999999870e+01 1.809806249999999750e+01 1.952907000000000082e+01 6.234839000000000000e+08 1.000000000000000000e+00
1.817461199999999977e+01 1.773228849999999923e+01 1.812357899999999589e+01 5.028239000000000000e+08 0.000000000000000000e+00
1.586230600000000024e+01 1.701845900000000000e+01 1.710896099999999720e+01 7.079343000000000000e+08 0.000000000000000000e+00
1.520894900000000050e+01 1.553562750000000037e+01 1.641528900000000135e+01 1.082593800000000000e+09 1.000000000000000000e+00
1.648204000000000136e+01 1.584549450000000093e+01 1.585109833333333462e+01 7.097109000000000000e+08 0.000000000000000000e+00
1.644741600000000048e+01 1.646472800000000092e+01 1.604613500000000315e+01 7.336174000000000000e+08 0.000000000000000000e+00
1.420826300000000053e+01 1.532783949999999962e+01 1.571257300000000079e+01 6.899656000000000000e+08 0.000000000000000000e+00
1.391938000000000031e+01 1.406382149999999953e+01 1.485835299999999926e+01 6.564114000000000000e+08 1.000000000000000000e+00
1.475676600000000072e+01 1.433807300000000140e+01 1.429480299999999993e+01 8.280075000000000000e+08 1.000000000000000000e+00
1.500271099999999969e+01 1.487973850000000020e+01 1.455961899999999964e+01 6.284243000000000000e+08 0.000000000000000000e+00
1.474402000000000079e+01 1.487336550000000024e+01 1.483449900000000099e+01 5.809438000000000000e+08 1.000000000000000000e+00
1.477375600000000055e+01 1.475888800000000067e+01 1.484016233333333368e+01 6.798874000000000000e+08 1.000000000000000000e+00
1.560046700000000008e+01 1.518711150000000032e+01 1.503941433333333322e+01 6.115190000000000000e+08 1.000000000000000000e+00
1.575897800000000082e+01 1.567972250000000045e+01 1.537773366666666597e+01 4.756883000000000000e+08 1.000000000000000000e+00
1.633973299999999895e+01 1.604935550000000077e+01 1.589972600000000114e+01 6.010607000000000000e+08 0.000000000000000000e+00
1.552909599999999912e+01 1.593441449999999904e+01 1.587593566666666867e+01 7.325655000000000000e+08 1.000000000000000000e+00
1.654727400000000159e+01 1.603818499999999858e+01 1.613870100000000107e+01 5.053143000000000000e+08 1.000000000000000000e+00
1.721677199999999885e+01 1.688202300000000022e+01 1.643104733333333201e+01 4.995624000000000000e+08 0.000000000000000000e+00
1.557679300000000033e+01 1.639678250000000048e+01 1.644694633333333300e+01 7.299988000000000000e+08 0.000000000000000000e+00
1.546738399999999913e+01 1.552208849999999885e+01 1.608698300000000003e+01 5.788866000000000000e+08 1.000000000000000000e+00
1.610952800000000096e+01 1.578845600000000005e+01 1.571790166666666799e+01 5.904017000000000000e+08 1.000000000000000000e+00
1.624668099999999882e+01 1.617810449999999989e+01 1.594119766666666749e+01 6.408857000000000000e+08 0.000000000000000000e+00
1.539519800000000060e+01 1.582093949999999971e+01 1.591713566666666679e+01 7.463167000000000000e+08 0.000000000000000000e+00
1.532549999999999990e+01 1.536034899999999936e+01 1.565579300000000096e+01 6.742503000000000000e+08 1.000000000000000000e+00
1.643421700000000030e+01 1.587985850000000099e+01 1.571830500000000086e+01 6.173120000000000000e+08 1.000000000000000000e+00
1.742459099999999950e+01 1.692940399999999812e+01 1.639476933333333264e+01 6.094171000000000000e+08 1.000000000000000000e+00
1.843667400000000001e+01 1.793063250000000153e+01 1.743182733333333090e+01 5.148576000000000000e+08 0.000000000000000000e+00
1.838510700000000142e+01 1.841089050000000071e+01 1.808212400000000386e+01 5.222076000000000000e+08 0.000000000000000000e+00
1.817451099999999897e+01 1.827980900000000020e+01 1.833209733333333347e+01 4.351261000000000000e+08 1.000000000000000000e+00
1.921435500000000118e+01 1.869443300000000008e+01 1.859132433333333267e+01 4.597260000000000000e+08 0.000000000000000000e+00
1.799792899999999918e+01 1.860614199999999840e+01 1.846226499999999859e+01 6.938898000000000000e+08 1.000000000000000000e+00
1.883044399999999996e+01 1.841418649999999957e+01 1.868090933333333226e+01 4.421588000000000000e+08 1.000000000000000000e+00
2.031006800000000112e+01 1.957025600000000054e+01 1.904614700000000127e+01 8.209795000000000000e+08 1.000000000000000000e+00
2.064846800000000115e+01 2.047926800000000114e+01 1.992966000000000193e+01 5.924245000000000000e+08 1.000000000000000000e+00
2.123788300000000007e+01 2.094317550000000239e+01 2.073213966666666863e+01 4.656162000000000000e+08 0.000000000000000000e+00
2.113693599999999861e+01 2.118740950000000112e+01 2.100776233333333565e+01 4.836740000000000000e+08 0.000000000000000000e+00
1.969012499999999832e+01 2.041353050000000025e+01 2.068831466666666685e+01 4.828183000000000000e+08 0.000000000000000000e+00
1.942936900000000122e+01 1.955974700000000155e+01 2.008547666666666842e+01 9.429376000000000000e+08 1.000000000000000000e+00
1.945666100000000043e+01 1.944301500000000260e+01 1.952538499999999999e+01 7.903856000000000000e+08 1.000000000000000000e+00
1.999560699999999969e+01 1.972613400000000183e+01 1.962721233333333615e+01 5.590091000000000000e+08 1.000000000000000000e+00
2.007540099999999939e+01 2.003550399999999954e+01 1.984255633333333435e+01 4.950116000000000000e+08 1.000000000000000000e+00
2.094824399999999898e+01 2.051182250000000096e+01 2.033975066666666365e+01 5.070852000000000000e+08 0.000000000000000000e+00
2.037327799999999911e+01 2.066076100000000082e+01 2.046564100000000153e+01 5.987346000000000000e+08 1.000000000000000000e+00
2.150191099999999977e+01 2.093759449999999944e+01 2.094114433333333380e+01 4.754364000000000000e+08 1.000000000000000000e+00
2.195177500000000137e+01 2.172684300000000235e+01 2.127565466666666794e+01 6.841602000000000000e+08 1.000000000000000000e+00
2.313265399999999872e+01 2.254221450000000004e+01 2.219544666666666899e+01 4.933795000000000000e+08 1.000000000000000000e+00
2.435779799999999895e+01 2.374522599999999883e+01 2.314740899999999968e+01 5.929375000000000000e+08 1.000000000000000000e+00
2.541993499999999884e+01 2.488886649999999889e+01 2.430346233333333217e+01 6.967783000000000000e+08 1.000000000000000000e+00
2.703095599999999976e+01 2.622544549999999930e+01 2.560289633333333370e+01 5.494117000000000000e+08 0.000000000000000000e+00
2.644379400000000047e+01 2.673737500000000011e+01 2.629822833333333065e+01 4.808503000000000000e+08 1.000000000000000000e+00
2.720882599999999840e+01 2.682630999999999943e+01 2.689452533333333406e+01 5.033065000000000000e+08 0.000000000000000000e+00
2.496427200000000113e+01 2.608654899999999799e+01 2.620563066666666785e+01 5.555462000000000000e+08 0.000000000000000000e+00
2.491825299999999999e+01 2.494126250000000056e+01 2.569711700000000221e+01 5.797955000000000000e+08 0.000000000000000000e+00
2.461160999999999888e+01 2.476493149999999943e+01 2.483137833333333333e+01 4.898297000000000000e+08 1.000000000000000000e+00
2.540012199999999964e+01 2.500586599999999748e+01 2.497666166666666854e+01 5.873009000000000000e+08 1.000000000000000000e+00
2.655549600000000154e+01 2.597780900000000059e+01 2.552240933333333217e+01 4.624095000000000000e+08 1.000000000000000000e+00
2.713230300000000028e+01 2.684389949999999914e+01 2.636264033333333145e+01 4.631994000000000000e+08 1.000000000000000000e+00
2.770172099999999915e+01 2.741701199999999972e+01 2.712984000000000151e+01 6.752379000000000000e+08 0.000000000000000000e+00
2.618508299999999878e+01 2.694340199999999896e+01 2.700636899999999585e+01 4.535163000000000000e+08 1.000000000000000000e+00
2.649190099999999859e+01 2.633849199999999868e+01 2.679290166666666551e+01 6.460046000000000000e+08 0.000000000000000000e+00
2.639461500000000171e+01 2.644325800000000015e+01 2.635719966666666281e+01 4.162857000000000000e+08 0.000000000000000000e+00
2.563898999999999972e+01 2.601680250000000072e+01 2.617516866666666786e+01 4.133270000000000000e+08 0.000000000000000000e+00
2.563140900000000144e+01 2.563519949999999881e+01 2.588833800000000096e+01 4.174381000000000000e+08 1.000000000000000000e+00
2.743515400000000071e+01 2.653328150000000107e+01 2.623518433333333277e+01 6.694645000000000000e+08 0.000000000000000000e+00
2.704277400000000142e+01 2.723896400000000284e+01 2.670311233333333689e+01 3.943069000000000000e+08 0.000000000000000000e+00
2.700437399999999855e+01 2.702357399999999998e+01 2.716076733333333593e+01 4.345112000000000000e+08 0.000000000000000000e+00
2.559117699999999829e+01 2.629777550000000019e+01 2.654610833333333275e+01 6.217995000000000000e+08 0.000000000000000000e+00
2.485067199999999943e+01 2.522092449999999886e+01 2.581540766666666897e+01 6.091978000000000000e+08 1.000000000000000000e+00
2.729449100000000072e+01 2.607258149999999830e+01 2.591211333333333400e+01 6.539013000000000000e+08 1.000000000000000000e+00
2.778481100000000126e+01 2.753965099999999921e+01 2.664332466666666832e+01 6.074248000000000000e+08 1.000000000000000000e+00
2.796831099999999992e+01 2.787656100000000237e+01 2.768253766666666493e+01 5.386905000000000000e+08 0.000000000000000000e+00
2.788157800000000108e+01 2.792494450000000228e+01 2.787823333333333764e+01 4.025291000000000000e+08 1.000000000000000000e+00
2.806293300000000102e+01 2.797225550000000283e+01 2.797094066666666734e+01 5.187056000000000000e+08 0.000000000000000000e+00
2.792276400000000081e+01 2.799284850000000091e+01 2.795575833333333549e+01 3.797389000000000000e+08 1.000000000000000000e+00
2.814640199999999837e+01 2.803458299999999781e+01 2.804403299999999888e+01 3.432467000000000000e+08 0.000000000000000000e+00
2.782692899999999980e+01 2.798666550000000086e+01 2.796536500000000203e+01 6.064518000000000000e+08 1.000000000000000000e+00
2.863100199999999873e+01 2.822896550000000104e+01 2.820144433333333112e+01 3.642503000000000000e+08 0.000000000000000000e+00
2.718245900000000148e+01 2.790673050000000188e+01 2.788012999999999764e+01 5.760800000000000000e+08 0.000000000000000000e+00
2.664026499999999942e+01 2.691136200000000045e+01 2.748457533333333558e+01 5.940268000000000000e+08 1.000000000000000000e+00
2.836418000000000106e+01 2.750222250000000201e+01 2.739563466666666613e+01 4.433894000000000000e+08 0.000000000000000000e+00
2.679660200000000003e+01 2.758039099999999877e+01 2.726701566666666920e+01 5.762298000000000000e+08 1.000000000000000000e+00
2.842983999999999867e+01 2.761322099999999935e+01 2.786354066666666540e+01 6.077132000000000000e+08 1.000000000000000000e+00
2.875533700000000081e+01 2.859258849999999796e+01 2.799392633333333436e+01 6.377550000000000000e+08 1.000000000000000000e+00
2.957121300000000019e+01 2.916327499999999873e+01 2.891879666666666537e+01 7.393529000000000000e+08 0.000000000000000000e+00
2.892184400000000011e+01 2.924652850000000015e+01 2.908279799999999682e+01 7.575056000000000000e+08 0.000000000000000000e+00
2.821022599999999869e+01 2.856603499999999940e+01 2.890109433333333300e+01 8.226762000000000000e+08 0.000000000000000000e+00
2.748472999999999900e+01 2.784747799999999884e+01 2.820560000000000045e+01 5.571259000000000000e+08 1.000000000000000000e+00
2.826928099999999944e+01 2.787700549999999922e+01 2.798807899999999904e+01 5.602048000000000000e+08 1.000000000000000000e+00
2.881077600000000061e+01 2.854002849999999825e+01 2.818826233333333064e+01 3.793713000000000000e+08 1.000000000000000000e+00
2.944397700000000029e+01 2.912737650000000045e+01 2.884134466666666796e+01 5.399007000000000000e+08 1.000000000000000000e+00
3.085585400000000078e+01 3.014991549999999876e+01 2.970353566666666723e+01 6.766453000000000000e+08 1.000000000000000000e+00
3.206233999999999895e+01 3.145909699999999987e+01 3.078739033333333097e+01 5.763557000000000000e+08 1.000000000000000000e+00
3.398867400000000316e+01 3.302550700000000461e+01 3.230228933333333430e+01 5.073893000000000000e+08 0.000000000000000000e+00
3.368497500000000144e+01 3.383682450000000586e+01 3.324532966666667022e+01 4.518280000000000000e+08 1.000000000000000000e+00
3.439256300000000266e+01 3.403876900000000205e+01 3.402207066666667146e+01 3.856146000000000000e+08 1.000000000000000000e+00
3.795920199999999767e+01 3.617588250000000016e+01 3.534558000000000533e+01 5.219226000000000000e+08 1.000000000000000000e+00
3.802948399999999651e+01 3.799434300000000064e+01 3.679374966666666324e+01 4.114560000000000000e+08 0.000000000000000000e+00
3.631443800000000266e+01 3.717196099999999603e+01 3.743437466666666324e+01 4.131764000000000000e+08 0.000000000000000000e+00
3.607458900000000313e+01 3.619451349999999934e+01 3.680617033333333410e+01 4.468302000000000000e+08 0.000000000000000000e+00
3.268122100000000074e+01 3.437790499999999838e+01 3.502341599999999744e+01 6.236920000000000000e+08 1.000000000000000000e+00
3.473356199999999916e+01 3.370739149999999995e+01 3.449645733333333197e+01 5.000598000000000000e+08 1.000000000000000000e+00
3.630704899999999924e+01 3.552030549999999920e+01 3.457394400000000445e+01 4.635187000000000000e+08 1.000000000000000000e+00
3.790750899999999746e+01 3.710727899999999835e+01 3.631603999999999388e+01 4.605172000000000000e+08 1.000000000000000000e+00
3.801153899999999908e+01 3.795952400000000182e+01 3.740869899999999859e+01 3.724705000000000000e+08 0.000000000000000000e+00
3.779323600000000027e+01 3.790238750000000323e+01 3.790409466666667271e+01 3.800772000000000000e+08 0.000000000000000000e+00
3.604683699999999646e+01 3.692003649999999482e+01 3.728387066666666527e+01 4.106120000000000000e+08 0.000000000000000000e+00
3.546493900000000110e+01 3.575588799999999878e+01 3.643500399999999928e+01 4.671810000000000000e+08 0.000000000000000000e+00
3.472857700000000136e+01 3.509675800000000123e+01 3.541345100000000201e+01 4.368953000000000000e+08 1.000000000000000000e+00
3.589754899999999793e+01 3.531306299999999965e+01 3.536368833333333583e+01 5.672800000000000000e+08 0.000000000000000000e+00
3.492903900000000306e+01 3.541329400000000049e+01 3.518505499999999842e+01 4.076094000000000000e+08 1.000000000000000000e+00
3.652350200000000058e+01 3.572627049999999826e+01 3.578336333333333386e+01 5.635523000000000000e+08 0.000000000000000000e+00
3.137646300000000110e+01 3.394998250000000439e+01 3.427633466666666351e+01 8.215030000000000000e+08 1.000000000000000000e+00
3.434799199999999786e+01 3.286222750000000303e+01 3.408265233333333555e+01 8.793825000000000000e+08 1.000000000000000000e+00
3.670835499999999740e+01 3.552817349999999408e+01 3.414426999999999879e+01 5.886311000000000000e+08 0.000000000000000000e+00
3.535822699999999941e+01 3.603329099999999841e+01 3.547152466666666015e+01 6.322069000000000000e+08 0.000000000000000000e+00
3.472639499999999657e+01 3.504231099999999799e+01 3.559765900000000016e+01 6.184517000000000000e+08 0.000000000000000000e+00
3.410457600000000156e+01 3.441548550000000262e+01 3.472973266666667058e+01 5.069533000000000000e+08 0.000000000000000000e+00
3.128245700000000085e+01 3.269351650000000120e+01 3.337114266666666396e+01 6.566983000000000000e+08 1.000000000000000000e+00
3.135899500000000018e+01 3.132072600000000051e+01 3.224867599999999612e+01 6.364556000000000000e+08 0.000000000000000000e+00
3.115524100000000018e+01 3.125711799999999840e+01 3.126556433333333374e+01 1.228524000000000000e+09 0.000000000000000000e+00
3.101940300000000050e+01 3.108732200000000034e+01 3.117787966666666577e+01 9.568918000000000000e+08 1.000000000000000000e+00
3.147180900000000037e+01 3.124560600000000221e+01 3.121548433333333605e+01 5.807154000000000000e+08 1.000000000000000000e+00
3.308777200000000107e+01 3.227979050000000427e+01 3.185966133333333516e+01 6.653141000000000000e+08 0.000000000000000000e+00
