1989-11-01,3.468750,4.718750,3.453125,4.515625,0.361991,116748000
1989-12-01,4.484375,4.734375,4.312500,4.609375,0.390809,58071200
1990-01-01,4.625000,4.656250,3.718750,3.953125,0.335168,56908800
1990-02-01,3.921875,4.250000,3.796875,4.031250,0.341792,29752800
1990-03-01,4.015625,4.484375,4.000000,4.281250,0.386930,46141600
1990-04-01,4.250000,4.531250,4.203125,4.531250,0.409524,64162400
1990-05-01,4.546875,4.687500,4.390625,4.406250,0.398227,38075200
1990-06-01,4.421875,4.609375,4.312500,4.593750,0.439369,33484800
1990-07-01,4.593750,4.765625,4.312500,4.562500,0.436380,74080800
1990-08-01,4.531250,4.531250,3.187500,3.671875,0.351196,43829600
1990-09-01,3.640625,3.796875,2.906250,2.984375,0.303888,21192000
1990-10-01,3.046875,3.406250,2.843750,3.109375,0.316616,59456800
1990-11-01,3.125000,3.656250,3.093750,3.421875,0.348436,43255200
1990-12-01,3.375000,3.828125,3.343750,3.671875,0.402983,24931200
1991-01-01,3.671875,4.218750,3.265625,4.218750,0.463002,35498400
1991-02-01,4.218750,5.234375,4.093750,5.218750,0.572751,84919200
1991-03-01,5.156250,5.625000,4.843750,5.546875,0.657246,153068000
1991-04-01,5.500000,5.875000,5.296875,5.640625,0.668354,116242400
1991-05-01,5.640625,5.812500,5.296875,5.515625,0.653543,48726400
1991-06-01,5.515625,5.703125,5.250000,5.312500,0.669972,33602400
1991-07-01,5.312500,6.078125,5.187500,5.812500,0.733028,54350400
1991-08-01,5.812500,6.125000,5.656250,5.671875,0.715294,69615200
1991-09-01,5.687500,5.734375,5.359375,5.562500,0.795858,49588000
1991-10-01,5.625000,5.718750,5.015625,5.125000,0.733263,67594400
1991-11-01,5.156250,5.156250,4.640625,4.859375,0.695258,61437600
1991-12-01,4.828125,5.750000,4.734375,5.750000,0.884683,53688800
1992-01-01,5.656250,6.171875,5.500000,6.109375,0.939976,54816800
1992-02-01,6.031250,6.390625,5.515625,6.062500,0.932764,45577600
1992-03-01,6.109375,6.125000,5.656250,5.812500,0.950702,35496800
1992-04-01,5.781250,6.484375,5.703125,6.437500,1.052927,48693600
1992-05-01,6.500000,6.750000,6.281250,6.515625,1.065706,45536000
1992-06-01,6.515625,6.734375,6.046875,6.406250,1.108917,38327200
1992-07-01,6.437500,6.703125,6.390625,6.562500,1.135965,29256800
1992-08-01,6.578125,6.593750,6.250000,6.343750,1.098099,24689600
1992-09-01,6.328125,6.859375,6.296875,6.718750,1.240264,28664800
1992-10-01,6.718750,7.359375,6.546875,7.296875,1.346984,38523200
1992-11-01,7.296875,7.531250,7.125000,7.421875,1.370059,26434400
1992-12-01,7.343750,7.343750,6.718750,6.921875,1.351036,35384000
1993-01-01,6.921875,7.203125,6.437500,7.125000,1.390683,45844800
1993-02-01,7.250000,7.531250,7.062500,7.500000,1.463877,36332000
1993-03-01,7.500000,8.046875,7.390625,7.703125,1.590135,47644800
1993-04-01,7.781250,7.796875,6.687500,6.890625,1.422414,44950400
1993-05-01,6.953125,7.140625,6.687500,6.953125,1.435315,31343200
1993-06-01,6.953125,7.296875,6.515625,7.203125,1.579673,33637600
1993-07-01,7.203125,7.421875,7.046875,7.093750,1.555687,35411200
1993-08-01,7.093750,7.531250,6.968750,7.406250,1.624219,32476000
1993-09-01,7.406250,7.437500,6.218750,6.515625,1.523551,88368000
1993-10-01,6.500000,6.718750,6.046875,6.312500,1.476054,83261600
1993-11-01,6.312500,6.359375,6.078125,6.234375,1.457787,29545600
1993-12-01,6.281250,6.437500,5.953125,6.078125,1.533132,56272000
1994-01-01,6.109375,6.843750,6.046875,6.828125,1.722311,54420000
1994-02-01,6.828125,7.250000,6.625000,7.234375,1.824782,53260800
1994-03-01,7.203125,7.234375,6.765625,7.031250,1.897280,49985600
1994-04-01,6.968750,7.656250,6.953125,7.421875,2.002686,48587200
1994-05-01,7.453125,7.656250,7.171875,7.359375,1.985819,37920800
1994-06-01,7.375000,7.500000,7.218750,7.359375,2.116161,30085600
1994-07-01,7.359375,7.453125,7.000000,7.078125,2.035288,24676800
1994-08-01,7.078125,7.640625,7.046875,7.359375,2.116161,31792800
1994-09-01,7.390625,7.859375,7.296875,7.468750,2.306326,47612000
1994-10-01,7.453125,7.953125,7.328125,7.906250,2.441425,33486400
1994-11-01,7.906250,7.906250,7.421875,7.734375,2.388350,33237600
1994-12-01,7.765625,7.875000,7.390625,7.468750,2.465383,46618400
1995-01-01,7.500000,7.593750,6.921875,7.140625,2.357071,59963200
1995-02-01,7.203125,7.359375,6.875000,7.031250,2.320968,44736000
1995-03-01,7.062500,7.671875,6.750000,7.562500,2.679547,89676800
1995-04-01,7.562500,8.171875,7.453125,7.906250,2.801342,36256800
1995-05-01,7.890625,8.484375,7.812500,8.421875,2.984039,41663200
1995-06-01,8.437500,8.718750,8.234375,8.375000,3.163625,44808000
1995-07-01,8.375000,8.750000,8.203125,8.500000,3.210843,35920000
1995-08-01,8.515625,8.906250,8.437500,8.828125,3.334791,37304800
1995-09-01,8.796875,9.421875,8.625000,8.968750,3.615760,55001600
1995-10-01,8.968750,9.109375,8.562500,8.890625,3.584264,43808000
1995-11-01,8.906250,9.265625,8.796875,9.078125,3.659856,30572000
1995-12-01,9.093750,9.796875,9.031250,9.421875,4.046783,29034400
1996-01-01,9.390625,9.906250,9.078125,9.875000,4.241405,34844800
1996-02-01,9.906250,10.875000,9.718750,10.046875,4.315227,38918400
1996-03-01,10.078125,11.093750,10.062500,10.718750,4.863567,30656000
1996-04-01,10.765625,11.875000,10.750000,11.109375,5.040810,34188800
1996-05-01,11.078125,11.890625,10.640625,11.562500,5.246414,35807200
1996-06-01,11.531250,11.875000,11.000000,11.281250,5.709051,24272000
1996-07-01,11.406250,11.468750,9.750000,11.000000,5.566720,31743200
1996-08-01,11.093750,12.562500,11.062500,11.968750,6.056970,37019600
1996-09-01,11.906250,12.500000,11.718750,12.406250,6.435960,30171200
1996-10-01,12.343750,13.687500,12.125000,13.562500,7.035787,49425600
1996-11-01,13.687500,14.468750,13.218750,13.937500,7.230325,26022800
1996-12-01,13.937500,14.875000,13.218750,14.281250,7.560516,42915200
1997-01-01,14.343750,15.906250,13.875000,15.687500,8.304990,36826800
1997-02-01,15.625000,15.812500,14.562500,14.593750,7.725955,30422000
1997-03-01,14.437500,15.593750,13.031250,13.125000,7.090580,52806400
1997-04-01,13.062500,15.687500,12.656250,15.437500,8.339874,63056000
1997-05-01,15.437500,16.000000,14.875000,15.937500,8.609988,33068800
1997-06-01,15.968750,18.500000,15.625000,17.640625,9.729127,32768400
1997-07-01,17.781250,19.500000,17.781250,18.140625,10.004889,37152400
1997-08-01,18.109375,18.250000,15.906250,16.000000,8.824290,56824000
1997-09-01,16.046875,16.593750,14.625000,15.500000,8.713742,62360000
1997-10-01,15.500000,19.187500,15.250000,16.375000,9.205645,83572400
1997-11-01,16.625000,16.796875,13.875000,14.453125,8.125214,92716000
1997-12-01,14.406250,15.796875,14.062500,15.343750,8.808332,69135200
1998-01-01,15.375000,15.593750,14.000000,15.000000,8.610995,54737200
1998-02-01,15.171875,18.109375,15.171875,17.609375,10.108953,44638000
1998-03-01,17.500000,20.312500,17.343750,19.500000,11.426896,43114800
1998-04-01,19.500000,21.187500,19.500000,20.546875,12.040359,63532000
1998-05-01,20.562500,22.250000,19.921875,20.453125,11.985419,46412400
1998-06-01,20.406250,21.156250,18.468750,19.359375,11.525837,67383200
1998-07-01,19.500000,22.062500,19.406250,21.625000,12.874706,45202800
1998-08-01,21.656250,22.156250,15.703125,15.718750,9.358347,68550000
1998-09-01,15.812500,17.000000,12.500000,14.031250,8.493476,91892000
1998-10-01,14.000000,19.875000,12.875000,19.875000,12.030844,67495600
1998-11-01,20.000000,21.562500,19.375000,20.312500,12.295676,28646200
1998-12-01,20.031250,23.125000,17.250000,22.125000,13.506214,43252600
1999-01-01,22.125000,22.718750,17.781250,18.468750,11.274258,45790400
1999-02-01,18.468750,22.281250,17.750000,20.812500,12.705005,40510000
1999-03-01,20.781250,24.500000,20.281250,23.531250,14.488292,56677600
1999-04-01,24.125000,29.562500,23.187500,27.156250,16.720226,54669200
1999-05-01,27.156250,27.750000,24.562500,24.718750,15.219446,32805200
1999-06-01,25.000000,28.000000,24.718750,27.750000,17.204334,36024600
1999-07-01,27.250000,28.375000,22.218750,22.750000,14.104450,39957800
1999-08-01,22.687500,23.843750,21.375000,21.937500,13.600728,36613000
1999-09-01,21.968750,23.250000,12.312500,12.406250,7.756516,83792200
1999-10-01,12.437500,16.562500,11.656250,16.125000,10.081516,119077400
1999-11-01,15.562500,18.687500,13.750000,18.218750,11.390548,80278000
1999-12-01,17.750000,18.375000,15.250000,16.500000,10.449428,47675200
2000-01-01,16.250000,16.843750,12.968750,15.906250,10.073404,59713600
2000-02-01,16.000000,16.250000,12.625000,13.531250,8.569321,32006200
2000-03-01,13.906250,17.250000,12.750000,14.625000,9.384911,61957800
2000-04-01,14.625000,21.000000,14.187500,20.750000,13.315340,83416600
2000-05-01,21.125000,21.468750,18.750000,20.656250,13.255180,60931200
2000-06-01,20.656250,22.304649,19.656250,22.250000,14.409648,41699800
2000-07-01,22.000000,22.000000,18.375000,19.843750,12.851291,50002800
2000-08-01,19.937500,20.937500,17.500000,19.601549,12.694436,35666400
2000-09-01,19.625000,21.531250,19.250000,20.437500,13.358436,49113800
2000-10-01,20.562500,24.593750,20.250000,24.250000,15.850367,57988200
2000-11-01,24.343750,24.750000,20.531250,20.812500,13.603536,51575200
2000-12-01,20.812500,24.875000,19.093750,23.937500,15.770262,45400200
2001-01-01,23.812500,24.125000,19.375000,21.150000,13.933832,66349600
2001-02-01,20.674999,21.525000,19.450001,21.230000,13.986532,61779200
2001-03-01,21.230000,21.700001,19.000000,19.995001,13.294012,62858800
2001-04-01,19.950001,21.325001,17.775000,21.160000,14.068585,76540600
2001-05-01,21.350000,22.975000,21.174999,21.879999,14.547291,46656200
2001-06-01,21.775000,24.129999,21.705000,23.139999,15.513654,37808600
2001-07-01,23.125000,23.490000,21.000000,23.195000,15.550530,38792400
2001-08-01,23.195000,23.559999,22.139999,23.065001,15.463370,35502000
2001-09-01,23.200001,25.059999,21.799999,23.125000,15.635463,60977400
2001-10-01,23.245001,24.165001,21.535000,23.415001,15.831538,56263600
2001-11-01,23.600000,24.475000,23.385000,23.870001,16.139174,36736200
2001-12-01,23.700001,24.940001,23.135000,23.250000,15.848245,42554000
2002-01-01,23.150000,24.600000,22.000000,24.600000,16.768463,52060800
2002-02-01,24.600000,26.045000,23.625000,25.674999,17.501236,40910600
2002-03-01,26.075001,27.850000,25.000000,27.160000,18.668631,48537000
2002-04-01,27.165001,28.545000,26.850000,27.924999,19.194456,47152600
2002-05-01,27.924999,28.549999,26.129999,26.475000,18.197783,51316000
2002-06-01,26.450001,27.905001,23.525000,26.120001,18.081425,80522800
2002-07-01,26.000000,26.434999,21.745001,23.129999,16.011614,64426400
2002-08-01,23.150000,24.750000,21.875000,24.370001,16.869989,58804600
2002-09-01,24.375000,25.500000,22.885000,23.049999,16.089397,52223600
2002-10-01,23.250000,25.190001,22.610001,24.245001,16.923536,65358400
2002-11-01,24.254999,26.420000,23.879999,25.674999,17.921705,45203000
2002-12-01,25.680000,27.594999,25.160000,26.934999,18.950548,51764400
2003-01-01,27.059999,27.400000,24.465000,25.000000,17.589148,42647200
2003-02-01,25.250000,26.620001,24.825001,26.000000,18.292713,41019400
2003-03-01,26.040001,29.000000,25.280001,28.525000,20.232121,62899000
2003-04-01,28.620001,29.650000,28.075001,29.084999,20.629322,72286000
2003-05-01,29.150000,30.475000,28.254999,30.469999,21.611671,55987200
2003-06-01,30.500000,31.860001,29.799999,31.100000,22.220257,51301200
2003-07-01,31.100000,32.474998,30.934999,31.195000,22.288126,45330200
2003-08-01,31.250000,32.125000,30.465000,32.049999,22.899012,36409000
2003-09-01,31.825001,33.625000,31.764999,32.279999,23.218645,41062600
2003-10-01,32.279999,34.250000,32.209999,33.980000,24.441439,40583600
2003-11-01,34.055000,34.875000,33.200001,34.250000,24.635649,31168000
2003-12-01,34.250000,34.830002,30.665001,33.744999,24.425665,72211800
2004-01-01,33.924999,33.924999,30.809999,31.660000,22.916477,56637600
2004-02-01,31.840000,35.855000,30.809999,35.299999,25.551218,58206200
2004-03-01,35.625000,37.950001,35.185001,37.935001,27.685850,64492800
2004-04-01,37.935001,42.860001,37.575001,42.000000,30.652571,51792000
2004-05-01,42.000000,45.224998,41.145000,44.330002,32.353050,62233200
2004-06-01,44.650002,46.310001,43.400002,46.139999,33.900452,46615500
2004-07-01,46.020000,46.650002,42.150002,43.009998,31.600740,45539000
2004-08-01,43.060001,45.750000,41.750000,44.180000,32.460377,41583500
2004-09-01,44.369999,46.250000,41.820000,43.680000,32.191906,48200700
2004-10-01,44.000000,44.369999,38.549999,39.549999,29.148111,81279200
2004-11-01,39.500000,40.160000,37.410000,37.540001,27.666750,71270000
2004-12-01,37.840000,39.830002,36.080002,38.700001,28.621967,76129900
2005-01-01,38.759998,42.220001,37.299999,42.220001,31.225302,53469900
2005-02-01,42.500000,45.660000,41.200001,42.770000,31.632086,41938800
2005-03-01,42.770000,43.660000,39.900002,42.939999,31.877361,46763200
2005-04-01,42.950001,45.020000,39.150002,40.080002,29.754179,45945500
2005-05-01,39.990002,41.110001,38.020000,39.740002,29.501774,50907100
2005-06-01,39.790001,41.740002,35.639999,37.849998,28.217316,67701400
2005-07-01,38.000000,38.009998,30.730000,32.709999,24.385418,115055100
2005-08-01,32.799999,34.000000,31.620001,32.820000,24.467421,62259800
2005-09-01,32.820000,33.450001,26.299999,27.000000,20.230675,123261400
2005-10-01,26.990000,28.680000,24.629999,26.990000,20.223185,68148800
2005-11-01,27.049999,28.900000,24.330000,27.350000,20.492922,73010500
2005-12-01,27.360001,29.940001,27.139999,28.549999,21.522438,45142400
2006-01-01,29.240000,29.629999,27.709999,28.320000,21.349045,44150300
2006-02-01,28.080000,29.450001,26.780001,28.850000,21.748590,44379100
2006-03-01,28.850000,32.430000,28.120001,31.170000,23.648401,46312500
2006-04-01,31.180000,33.130001,30.299999,32.610001,24.740906,47432300
2006-05-01,33.240002,33.259998,31.040001,31.700001,24.050503,49595900
2006-06-01,31.770000,31.790001,29.530001,31.000000,23.646751,49092600
2006-07-01,31.000000,33.080002,28.879999,28.990000,22.113522,47047900
2006-08-01,29.000000,29.190001,26.160000,28.709999,21.899942,63100700
2006-09-01,28.709999,31.299999,28.510000,30.660000,23.534016,34937100
2006-10-01,30.600000,31.240000,28.990000,30.410000,23.342115,54845500
2006-11-01,30.320000,33.939999,30.049999,32.639999,25.053823,51189500
2006-12-01,32.330002,34.250000,32.040001,33.040001,25.495081,31732700
2007-01-01,33.080002,35.139999,32.549999,34.389999,26.536802,40292100
2007-02-01,34.400002,40.130001,34.290001,36.660000,28.288422,64272400
2007-03-01,36.259998,38.290001,35.430000,37.259998,28.891670,47583700
2007-04-01,37.360001,40.389999,37.209999,39.799999,30.861191,41536900
2007-05-01,41.180000,41.849998,36.689999,38.389999,29.767878,84977100
2007-06-01,38.599998,39.439999,36.130001,36.750000,28.635506,51878000
2007-07-01,36.959999,40.660000,34.500000,36.009998,28.058899,66757600
2007-08-01,35.759998,36.500000,32.770000,34.349998,26.765438,82641100
2007-09-01,34.400002,37.680000,31.950001,37.529999,29.402939,56129800
2007-10-01,37.799999,41.490002,35.919998,40.980000,32.105839,61273500
2007-11-01,40.750000,42.509998,38.750000,41.049999,32.160698,66155200
2007-12-01,40.810001,42.169998,38.470001,39.529999,31.115175,64329000
2008-01-01,39.430000,39.820000,34.000000,34.930000,27.494383,124839300
2008-02-01,35.099998,41.000000,35.099998,38.060001,29.958096,97916600
2008-03-01,38.080002,40.689999,36.480000,39.540001,31.282234,67233800
2008-04-01,40.200001,41.939999,38.980000,39.020000,30.870834,65763100
2008-05-01,38.919998,40.040001,37.990002,39.060001,30.902481,61600100
2008-06-01,38.849998,39.070000,35.220001,36.020000,28.643398,70939300
2008-07-01,35.619999,44.869999,34.400002,42.400002,33.716824,89708300
2008-08-01,42.330002,45.340000,41.759998,42.830002,34.058769,69278200
2008-09-01,43.209999,44.720001,39.000000,41.570000,33.211102,79063200
2008-10-01,41.549999,41.599998,19.850000,24.830000,19.837179,166430700
2008-11-01,24.820000,26.750000,17.450001,21.100000,16.857210,117870900
2008-12-01,20.700001,24.139999,19.719999,24.030001,19.371704,87519100
2009-01-01,23.920000,25.299999,19.240000,20.450001,16.485703,104399800
2009-02-01,19.129999,23.040001,17.530001,17.590000,14.180120,107714500
2009-03-01,17.230000,20.400000,14.400000,19.230000,15.653686,113328200
2009-04-01,19.020000,22.990000,18.600000,22.760000,18.527191,81913900
2009-05-01,22.740000,26.840000,21.160000,26.559999,21.620485,119877900
2009-06-01,26.790001,27.820000,25.049999,25.780001,21.173393,83071000
2009-07-01,26.070000,32.779999,25.000000,32.380001,26.594053,88697900
2009-08-01,32.599998,33.119999,31.120001,31.870001,26.175179,57666300
2009-09-01,31.549999,34.169998,29.559999,33.959999,28.072544,65007500
2009-10-01,33.840000,35.820000,30.120001,32.049999,26.493681,110138200
2009-11-01,32.070000,36.360001,31.790001,34.250000,28.312279,67582600
2009-12-01,34.419998,36.389999,30.940001,31.500000,26.191305,67155500
2010-01-01,31.870001,33.169998,30.010000,30.139999,25.060509,88051700
2010-02-01,30.459999,32.639999,28.760000,30.440001,25.309948,84211900
2010-03-01,30.610001,34.320000,30.370001,33.869999,28.363503,67377000
2010-04-01,34.049999,34.939999,31.090000,32.330002,27.073874,124160100
2010-05-01,32.259998,32.529999,25.000000,26.490000,22.183321,148725800
2010-06-01,26.309999,29.500000,25.510000,26.500000,22.366375,102548200
2010-07-01,26.410000,31.490000,26.180000,31.129999,26.274158,79826900
2010-08-01,31.450001,31.920000,28.700001,29.100000,24.560804,63004300
2010-09-01,29.520000,32.919998,29.260000,32.110001,27.303614,56441200
2010-10-01,32.119999,36.200001,29.010000,30.450001,25.892088,132897500
2010-11-01,30.450001,30.450001,28.370001,28.559999,24.284990,100562400
2010-12-01,28.930000,29.840000,28.559999,29.059999,24.896132,60364000
2011-01-01,29.290001,30.280001,28.059999,28.309999,24.253590,67296300
2011-02-01,28.370001,29.730000,27.320000,27.809999,23.825239,110529100
2011-03-01,27.930000,27.940001,26.120001,27.040001,23.348164,69572800
2011-04-01,27.090000,29.629999,27.070000,29.379999,25.368673,57390300
2011-05-01,29.879999,31.600000,28.500000,29.709999,25.653614,83924100
2011-06-01,29.709999,29.709999,27.010000,28.000000,24.362259,60050300
2011-07-01,27.900000,28.959999,26.000000,26.230000,22.822220,60607300
2011-08-01,26.389999,26.400000,20.250000,22.559999,19.629025,126710100
2011-09-01,22.490000,22.760000,19.500000,19.600000,17.247282,85022500
2011-10-01,19.360001,23.940001,18.030001,18.280001,16.085728,127134900
2011-11-01,17.660000,19.040001,16.090000,17.000000,14.959373,147932000
2011-12-01,16.980000,17.930000,16.129999,17.469999,15.565433,114818400
2012-01-01,17.790001,18.670000,17.200001,17.770000,15.832726,106005000
2012-02-01,17.850000,19.830000,16.870001,18.690001,16.652431,167330700
2012-03-01,18.719999,19.420000,18.090000,19.360001,17.458969,71791900
2012-04-01,23.160000,23.580000,21.450001,21.600000,19.479012,225434400
2012-05-01,20.840000,22.709999,16.070000,16.549999,14.924891,281883000
2012-06-01,16.280001,16.500000,14.890000,16.209999,14.780465,104206200
2012-07-01,16.170000,16.980000,15.010000,15.490000,14.123963,173830900
2012-08-01,15.000000,16.610001,14.450000,15.450000,14.087491,140730600
2012-09-01,15.460000,16.889999,15.070000,15.950000,14.751806,89446100
2012-10-01,15.970000,17.559999,15.210000,15.490000,14.326364,106083900
2012-11-01,14.950000,16.080000,13.700000,13.950000,12.902051,129899000
2012-12-01,14.010000,14.810000,13.770000,14.360000,13.337173,94417300
2013-01-01,14.600000,17.150000,14.570000,16.980000,15.770556,145439500
2013-02-01,17.129999,21.420000,16.590000,19.549999,18.157501,140721000
2013-03-01,19.430000,20.879999,19.230000,20.730000,19.310221,59803300
2013-04-01,20.680000,24.299999,19.910000,23.160000,21.573792,100118800
2013-05-01,23.150000,24.530001,22.520000,23.570000,21.955711,70969000
2013-06-01,23.570000,23.910000,19.950001,21.030001,19.640291,88728200
2013-07-01,21.059999,23.450001,20.740000,22.860001,21.349363,62470900
2013-08-01,23.490000,24.709999,19.559999,19.770000,18.463554,77797700
2013-09-01,19.980000,21.940001,19.370001,20.600000,19.291418,46869800
2013-10-01,20.570000,22.860001,17.020000,17.500000,16.388338,95090400
2013-11-01,17.559999,18.389999,17.010000,17.830000,16.697376,110691100
2013-12-01,17.860001,18.090000,16.520000,17.219999,16.182379,61327900
2014-01-01,17.230000,17.250000,14.620000,14.890000,13.992778,92437500
2014-02-01,14.770000,15.670000,14.240000,15.470000,14.537828,91456300
2014-03-01,15.300000,15.370000,14.270000,14.640000,13.811444,71009400
2014-04-01,14.690000,15.800000,14.110000,15.280000,14.415221,105823900
2014-05-01,14.100000,14.450000,13.220000,14.290000,13.481253,108666100
2014-06-01,14.380000,15.100000,14.080000,14.610000,13.843726,68295200
2014-07-01,14.650000,14.760000,12.800000,13.200000,12.507678,96274700
2014-08-01,13.140000,14.260000,13.080000,14.040000,13.303622,69317400
2014-09-01,14.080000,14.100000,12.450000,12.600000,11.991208,86168100
2014-10-01,12.580000,12.600000,9.760000,10.400000,9.897506,213699300
2014-11-01,10.390000,10.780000,9.320000,9.780000,9.307463,168012100
2014-12-01,9.710000,10.200000,8.950000,9.390000,8.987273,218049800
2015-01-01,9.460000,9.540000,7.250000,7.740000,7.408039,286615800
2015-02-01,7.750000,9.190000,7.750000,8.510000,8.145015,197265600
2015-03-01,8.560000,9.260000,7.100000,7.990000,7.698074,366484900
2015-04-01,8.030000,9.470000,7.790000,8.170000,7.871498,253446300
2015-05-01,8.170000,8.320000,6.550000,6.720000,6.474475,325212600
2015-06-01,6.740000,7.090000,6.230000,6.260000,6.082979,171443300
2015-07-01,6.310000,6.460000,5.160000,5.670000,5.509663,163142700
2015-08-01,5.670000,6.690000,4.370000,5.190000,5.043237,174825200
2015-09-01,5.080000,5.100000,3.180000,3.250000,3.186893,278015700
2015-10-01,3.260000,4.410000,3.210000,4.030000,3.951748,173875800
2015-11-01,4.030000,4.540000,2.410000,3.450000,3.383010,252085000
2015-12-01,3.410000,4.780000,3.360000,4.050000,4.050000,251237800
2016-01-01,4.050000,4.130000,2.210000,3.390000,3.390000,225433200
2016-02-01,3.340000,3.940000,2.610000,3.810000,3.810000,160838800
2016-03-01,3.800000,4.970000,3.590000,4.810000,4.810000,173785700
2016-04-01,4.750000,5.250000,4.370000,4.710000,4.710000,132288800
2016-05-01,4.730000,4.800000,3.700000,3.900000,3.900000,91783800
2016-06-01,3.880000,4.430000,3.520000,3.780000,3.780000,134267000
2016-07-01,3.830000,4.170000,3.650000,4.070000,4.070000,84366400
2016-08-01,4.040000,5.840000,3.960000,5.700000,5.700000,152256600
2016-09-01,5.730000,5.970000,5.170000,5.660000,5.660000,96193300
2016-10-01,5.710000,6.960000,5.470000,6.550000,6.550000,113662900
2016-11-01,6.590000,6.790000,5.250000,5.370000,5.370000,131012700
2016-12-01,5.360000,5.750000,4.990000,5.040000,5.040000,121829400
2017-01-01,5.140000,6.020000,5.100000,5.870000,5.870000,69907400
2017-02-01,5.920000,6.030000,4.090000,4.400000,4.400000,164319600
2017-03-01,4.460000,4.580000,4.110000,4.400000,4.400000,119896100
2017-04-01,4.410000,4.860000,4.250000,4.850000,4.850000,105530600
2017-05-01,4.860000,4.890000,3.240000,3.400000,3.400000,244056300
2017-06-01,3.410000,3.870000,3.340000,3.800000,3.800000,208655000
2017-07-01,3.800000,3.890000,3.500000,3.640000,3.640000,73335200
2017-08-01,3.680000,3.690000,2.480000,2.490000,2.490000,120512700
2017-09-01,2.490000,2.680000,2.290000,2.330000,2.330000,80650300
2017-10-01,2.360000,2.430000,2.110000,2.280000,2.280000,75981700
2017-11-01,2.300000,2.370000,1.850000,1.980000,1.980000,92710600
2017-12-01,2.000000,2.390000,1.930000,2.150000,2.150000,67432900
2018-01-01,2.150000,2.610000,2.090000,2.440000,2.440000,70350800
2018-02-01,2.490000,2.940000,2.030000,2.630000,2.630000,90215800
2018-03-01,2.610000,2.990000,2.560000,2.840000,2.840000,136876800
2018-04-01,2.820000,2.990000,2.490000,2.530000,2.530000,58964200
2018-05-01,2.540000,2.610000,1.750000,1.800000,1.800000,83582600
2018-06-01,1.820000,1.830000,1.480000,1.620000,1.620000,147962000
2018-07-01,1.610000,1.700000,1.380000,1.590000,1.590000,146942900
2018-08-01,1.600000,2.190000,1.430000,2.000000,2.000000,173177300
2018-09-01,1.990000,2.540000,1.850000,2.200000,2.200000,112766800
