3.351680000000000215e-01 3.629885000000000472e-01 3.626560000000000339e-01 1.000000000000000000e+00
3.417919999999999847e-01 3.384800000000000031e-01 3.559230000000000449e-01 1.000000000000000000e+00
3.869299999999999962e-01 3.643609999999999904e-01 3.546300000000000008e-01 1.000000000000000000e+00
4.095239999999999991e-01 3.982269999999999976e-01 3.794153333333333822e-01 0.000000000000000000e+00
3.982269999999999976e-01 4.038754999999999984e-01 3.982270000000000532e-01 1.000000000000000000e+00
4.393690000000000095e-01 4.187980000000000036e-01 4.157066666666666688e-01 0.000000000000000000e+00
4.363799999999999901e-01 4.378744999999999998e-01 4.246586666666666843e-01 0.000000000000000000e+00
3.511960000000000082e-01 3.937880000000000269e-01 4.089816666666666323e-01 0.000000000000000000e+00
3.038879999999999915e-01 3.275419999999999998e-01 3.638213333333333299e-01 1.000000000000000000e+00
3.166160000000000085e-01 3.102519999999999722e-01 3.239000000000000212e-01 1.000000000000000000e+00
3.484360000000000235e-01 3.325259999999999883e-01 3.229799999999999893e-01 1.000000000000000000e+00
4.029829999999999801e-01 3.757095000000000296e-01 3.560116666666666707e-01 1.000000000000000000e+00
4.630020000000000246e-01 4.329925000000000024e-01 4.048070000000000834e-01 1.000000000000000000e+00
5.727510000000000101e-01 5.178765000000000729e-01 4.795786666666666531e-01 1.000000000000000000e+00
6.572459999999999969e-01 6.149985000000000035e-01 5.643330000000000846e-01 1.000000000000000000e+00
6.683540000000000036e-01 6.628000000000000558e-01 6.327836666666666332e-01 0.000000000000000000e+00
6.535429999999999851e-01 6.609484999999999388e-01 6.597143333333334025e-01 1.000000000000000000e+00
6.699720000000000120e-01 6.617574999999999985e-01 6.639563333333332595e-01 1.000000000000000000e+00
7.330280000000000129e-01 7.015000000000000124e-01 6.855143333333333366e-01 0.000000000000000000e+00
7.152939999999999854e-01 7.241610000000000547e-01 7.060980000000000034e-01 1.000000000000000000e+00
7.958579999999999544e-01 7.555760000000000254e-01 7.480600000000000582e-01 0.000000000000000000e+00
7.332629999999999981e-01 7.645604999999999762e-01 7.481383333333333496e-01 0.000000000000000000e+00
6.952580000000000426e-01 7.142604999999999649e-01 7.414596666666666280e-01 1.000000000000000000e+00
8.846829999999999972e-01 7.899705000000000199e-01 7.710679999999999756e-01 1.000000000000000000e+00
9.399760000000000337e-01 9.123295000000000154e-01 8.399723333333333208e-01 0.000000000000000000e+00
9.327640000000000375e-01 9.363700000000000356e-01 9.191410000000000968e-01 1.000000000000000000e+00
9.507020000000000470e-01 9.417330000000000423e-01 9.411473333333333358e-01 1.000000000000000000e+00
1.052926999999999946e+00 1.001814500000000052e+00 9.787976666666665659e-01 1.000000000000000000e+00
1.065706000000000042e+00 1.059316499999999994e+00 1.023111666666666641e+00 1.000000000000000000e+00
1.108916999999999931e+00 1.087311499999999986e+00 1.075849999999999973e+00 1.000000000000000000e+00
1.135964999999999892e+00 1.122440999999999800e+00 1.103529333333333362e+00 0.000000000000000000e+00
1.098098999999999936e+00 1.117032000000000025e+00 1.114326999999999845e+00 1.000000000000000000e+00
1.240264000000000033e+00 1.169181500000000096e+00 1.158109333333333213e+00 1.000000000000000000e+00
1.346983999999999959e+00 1.293623999999999885e+00 1.228449000000000124e+00 1.000000000000000000e+00
1.370058999999999916e+00 1.358521499999999937e+00 1.319102333333333155e+00 0.000000000000000000e+00
1.351035999999999904e+00 1.360547500000000021e+00 1.356026333333333334e+00 1.000000000000000000e+00
1.390682999999999891e+00 1.370859499999999898e+00 1.370592666666666792e+00 1.000000000000000000e+00
1.463877000000000095e+00 1.427280000000000104e+00 1.401865333333333297e+00 1.000000000000000000e+00
1.590135000000000076e+00 1.527006000000000085e+00 1.481565000000000021e+00 0.000000000000000000e+00
1.422414000000000067e+00 1.506274499999999961e+00 1.492142000000000079e+00 1.000000000000000000e+00
1.435314999999999896e+00 1.428864499999999982e+00 1.482621333333333347e+00 1.000000000000000000e+00
1.579673000000000105e+00 1.507493999999999890e+00 1.479134000000000171e+00 0.000000000000000000e+00
1.555687000000000042e+00 1.567680000000000184e+00 1.523558333333333126e+00 1.000000000000000000e+00
1.624219000000000079e+00 1.589952999999999950e+00 1.586526333333333483e+00 0.000000000000000000e+00
1.523551000000000100e+00 1.573885000000000201e+00 1.567819000000000074e+00 0.000000000000000000e+00
1.476053999999999977e+00 1.499802499999999927e+00 1.541274666666667015e+00 0.000000000000000000e+00
1.457786999999999944e+00 1.466920500000000072e+00 1.485797333333333192e+00 1.000000000000000000e+00
1.533131999999999939e+00 1.495459499999999942e+00 1.488991000000000176e+00 1.000000000000000000e+00
1.722310999999999925e+00 1.627721499999999821e+00 1.571076666666666455e+00 1.000000000000000000e+00
1.824781999999999904e+00 1.773546499999999915e+00 1.693408333333333182e+00 1.000000000000000000e+00
1.897280000000000078e+00 1.861031000000000102e+00 1.814790999999999821e+00 1.000000000000000000e+00
2.002686000000000188e+00 1.949983000000000022e+00 1.908249333333333242e+00 0.000000000000000000e+00
1.985819000000000001e+00 1.994252499999999984e+00 1.961928333333333496e+00 1.000000000000000000e+00
2.116160999999999959e+00 2.050990000000000091e+00 2.034888666666666790e+00 0.000000000000000000e+00
2.035287999999999986e+00 2.075724499999999750e+00 2.045756000000000352e+00 1.000000000000000000e+00
2.116160999999999959e+00 2.075724499999999750e+00 2.089203333333333301e+00 1.000000000000000000e+00
2.306325999999999876e+00 2.211243500000000139e+00 2.152591666666666459e+00 1.000000000000000000e+00
2.441425000000000178e+00 2.373875500000000027e+00 2.287970666666666819e+00 0.000000000000000000e+00
2.388349999999999973e+00 2.414887499999999854e+00 2.378700333333333194e+00 1.000000000000000000e+00
2.465383000000000102e+00 2.426866500000000038e+00 2.431719333333333122e+00 0.000000000000000000e+00
2.357070999999999916e+00 2.411227000000000231e+00 2.403601333333333034e+00 0.000000000000000000e+00
2.320968000000000142e+00 2.339019500000000029e+00 2.381140666666667016e+00 1.000000000000000000e+00
2.679546999999999901e+00 2.500257500000000022e+00 2.452528666666666357e+00 1.000000000000000000e+00
2.801341999999999999e+00 2.740444499999999728e+00 2.600619000000000014e+00 1.000000000000000000e+00
2.984039000000000108e+00 2.892690500000000053e+00 2.821642666666666965e+00 1.000000000000000000e+00
3.163625000000000131e+00 3.073832000000000342e+00 2.983002000000000375e+00 1.000000000000000000e+00
3.210843000000000114e+00 3.187234000000000123e+00 3.119502333333333599e+00 1.000000000000000000e+00
3.334791000000000061e+00 3.272816999999999865e+00 3.236419666666666473e+00 1.000000000000000000e+00
3.615759999999999863e+00 3.475275499999999962e+00 3.387131333333333050e+00 0.000000000000000000e+00
3.584264000000000117e+00 3.600011999999999990e+00 3.511604999999999865e+00 1.000000000000000000e+00
3.659855999999999998e+00 3.622060000000000279e+00 3.619960000000000289e+00 1.000000000000000000e+00
4.046782999999999575e+00 3.853319499999999564e+00 3.763634333333333526e+00 1.000000000000000000e+00
4.241405000000000314e+00 4.144093999999999944e+00 3.982681333333333296e+00 1.000000000000000000e+00
4.315227000000000146e+00 4.278316000000000230e+00 4.201138333333333641e+00 1.000000000000000000e+00
4.863566999999999751e+00 4.589396999999999949e+00 4.473399666666666441e+00 1.000000000000000000e+00
5.040809999999999569e+00 4.952188500000000104e+00 4.739868000000000414e+00 1.000000000000000000e+00
5.246413999999999689e+00 5.143611999999999185e+00 5.050263666666666929e+00 1.000000000000000000e+00
5.709050999999999654e+00 5.477732500000000115e+00 5.332091666666666008e+00 0.000000000000000000e+00
5.566720000000000113e+00 5.637885499999999439e+00 5.507394999999999818e+00 1.000000000000000000e+00
6.056969999999999743e+00 5.811844999999999928e+00 5.777580333333332874e+00 1.000000000000000000e+00
6.435959999999999681e+00 6.246464999999999712e+00 6.019883333333332587e+00 1.000000000000000000e+00
7.035787000000000013e+00 6.735873500000000291e+00 6.509572333333333738e+00 1.000000000000000000e+00
7.230324999999999669e+00 7.133055999999999841e+00 6.900690666666666750e+00 1.000000000000000000e+00
7.560515999999999792e+00 7.395420500000000175e+00 7.275542666666666491e+00 1.000000000000000000e+00
8.304990000000000094e+00 7.932752999999999943e+00 7.698610333333333777e+00 0.000000000000000000e+00
7.725954999999999906e+00 8.015472499999999556e+00 7.863820333333332968e+00 0.000000000000000000e+00
7.090580000000000105e+00 7.408267500000000005e+00 7.707174999999999443e+00 1.000000000000000000e+00
8.339874000000000009e+00 7.715227000000000501e+00 7.718803000000000303e+00 1.000000000000000000e+00
8.609987999999999531e+00 8.474930999999999770e+00 8.013480666666666252e+00 1.000000000000000000e+00
9.729127000000000081e+00 9.169557499999999806e+00 8.892996333333334391e+00 1.000000000000000000e+00
1.000488900000000037e+01 9.867008000000000223e+00 9.448001333333332141e+00 0.000000000000000000e+00
8.824289999999999523e+00 9.414589499999999944e+00 9.519435333333333915e+00 0.000000000000000000e+00
8.713741999999999877e+00 8.769016000000000588e+00 9.180973666666666588e+00 1.000000000000000000e+00
9.205645000000000522e+00 8.959693500000000199e+00 8.914559000000000566e+00 0.000000000000000000e+00
8.125213999999999714e+00 8.665429500000000118e+00 8.681533666666666704e+00 1.000000000000000000e+00
8.808332000000000050e+00 8.466772999999999882e+00 8.713063666666666762e+00 0.000000000000000000e+00
8.610995000000000843e+00 8.709663500000001335e+00 8.514847000000001387e+00 1.000000000000000000e+00
1.010895299999999963e+01 9.359974000000001126e+00 9.176093333333334101e+00 1.000000000000000000e+00
1.142689599999999928e+01 1.076792449999999945e+01 1.004894800000000110e+01 1.000000000000000000e+00
1.204035900000000048e+01 1.173362750000000077e+01 1.119206933333333431e+01 0.000000000000000000e+00
1.198541900000000027e+01 1.201288900000000126e+01 1.181755800000000001e+01 0.000000000000000000e+00
1.152583699999999922e+01 1.175562799999999974e+01 1.185053833333333273e+01 1.000000000000000000e+00
1.287470599999999976e+01 1.220027149999999949e+01 1.212865399999999916e+01 0.000000000000000000e+00
9.358347000000000193e+00 1.111652649999999909e+01 1.125296333333333365e+01 0.000000000000000000e+00
8.493475999999999360e+00 8.925911499999999776e+00 1.024217633333333310e+01 1.000000000000000000e+00
1.203084400000000009e+01 1.026215999999999973e+01 9.960888999999999882e+00 1.000000000000000000e+00
1.229567600000000027e+01 1.216326000000000107e+01 1.093999866666666776e+01 1.000000000000000000e+00
1.350621399999999994e+01 1.290094500000000011e+01 1.261091133333333403e+01 0.000000000000000000e+00
1.127425799999999967e+01 1.239023599999999981e+01 1.235871600000000115e+01 1.000000000000000000e+00
1.270500499999999988e+01 1.198963149999999978e+01 1.249515900000000101e+01 1.000000000000000000e+00
1.448829199999999950e+01 1.359664850000000058e+01 1.282251833333333302e+01 1.000000000000000000e+00
1.672022600000000025e+01 1.560425899999999899e+01 1.463784099999999988e+01 0.000000000000000000e+00
1.521944599999999959e+01 1.596983600000000081e+01 1.547598799999999919e+01 1.000000000000000000e+00
1.720433399999999935e+01 1.621189000000000036e+01 1.638133533333333602e+01 0.000000000000000000e+00
1.410444999999999993e+01 1.565439199999999964e+01 1.550941000000000081e+01 0.000000000000000000e+00
1.360072800000000015e+01 1.385258900000000004e+01 1.496983733333333255e+01 0.000000000000000000e+00
7.756516000000000410e+00 1.067862200000000072e+01 1.182056466666666772e+01 1.000000000000000000e+00
1.008151600000000059e+01 8.919016000000000943e+00 1.047958666666666794e+01 1.000000000000000000e+00
1.139054800000000078e+01 1.073603200000000157e+01 9.742860000000000298e+00 0.000000000000000000e+00
1.044942799999999927e+01 1.091998800000000003e+01 1.064049733333333414e+01 0.000000000000000000e+00
1.007340400000000002e+01 1.026141600000000054e+01 1.063779333333333277e+01 0.000000000000000000e+00
8.569321000000000410e+00 9.321362499999999329e+00 9.697384333333333828e+00 1.000000000000000000e+00
9.384911000000000669e+00 8.977116000000000540e+00 9.342545333333333701e+00 1.000000000000000000e+00
1.331534000000000084e+01 1.135012550000000076e+01 1.042319066666666849e+01 0.000000000000000000e+00
1.325517999999999930e+01 1.328526000000000096e+01 1.198514366666666753e+01 1.000000000000000000e+00
1.440964800000000068e+01 1.383241399999999999e+01 1.366005600000000264e+01 0.000000000000000000e+00
1.285129099999999980e+01 1.363046950000000024e+01 1.350537300000000052e+01 0.000000000000000000e+00
1.269443599999999961e+01 1.277286349999999970e+01 1.331845833333333395e+01 1.000000000000000000e+00
1.335843599999999931e+01 1.302643600000000035e+01 1.296805433333333291e+01 1.000000000000000000e+00
1.585036700000000032e+01 1.460440149999999981e+01 1.396774633333333249e+01 0.000000000000000000e+00
1.360353600000000007e+01 1.472695150000000019e+01 1.427077966666666775e+01 1.000000000000000000e+00
1.577026200000000067e+01 1.468689900000000037e+01 1.507472166666666702e+01 0.000000000000000000e+00
1.393383200000000066e+01 1.485204700000000066e+01 1.443587666666666713e+01 0.000000000000000000e+00
1.398653200000000041e+01 1.396018199999999965e+01 1.456354199999999999e+01 0.000000000000000000e+00
1.329401200000000038e+01 1.364027199999999951e+01 1.373812533333333441e+01 1.000000000000000000e+00
1.406858500000000056e+01 1.368129850000000047e+01 1.378304299999999927e+01 1.000000000000000000e+00
1.454729099999999953e+01 1.430793800000000005e+01 1.396996266666666742e+01 1.000000000000000000e+00
1.551365400000000072e+01 1.503047250000000012e+01 1.470984333333333360e+01 0.000000000000000000e+00
1.555053000000000019e+01 1.553209200000000045e+01 1.520382500000000014e+01 0.000000000000000000e+00
1.546336999999999939e+01 1.550694999999999979e+01 1.550918466666666795e+01 1.000000000000000000e+00
1.563546299999999967e+01 1.554941649999999953e+01 1.554978766666666701e+01 1.000000000000000000e+00
1.583153800000000011e+01 1.573350049999999989e+01 1.564345699999999972e+01 1.000000000000000000e+00
1.613917400000000058e+01 1.598535599999999945e+01 1.586872499999999953e+01 0.000000000000000000e+00
1.584824500000000036e+01 1.599370950000000136e+01 1.593965233333333309e+01 1.000000000000000000e+00
1.676846300000000056e+01 1.630835400000000135e+01 1.625196066666666539e+01 1.000000000000000000e+00
1.750123599999999868e+01 1.713484950000000140e+01 1.670598133333333379e+01 1.000000000000000000e+00
1.866863100000000131e+01 1.808493349999999822e+01 1.764611000000000374e+01 1.000000000000000000e+00
1.919445599999999885e+01 1.893154350000000008e+01 1.845477433333333295e+01 0.000000000000000000e+00
1.819778300000000115e+01 1.869611950000000178e+01 1.868695666666666710e+01 0.000000000000000000e+00
1.808142499999999941e+01 1.813960399999999851e+01 1.849122133333333196e+01 0.000000000000000000e+00
1.601161400000000157e+01 1.704651950000000227e+01 1.743027400000000071e+01 1.000000000000000000e+00
1.686998900000000035e+01 1.644080149999999918e+01 1.698767600000000400e+01 0.000000000000000000e+00
1.608939700000000173e+01 1.647969300000000104e+01 1.632366666666666788e+01 1.000000000000000000e+00
1.692353599999999858e+01 1.650646650000000193e+01 1.662764066666666807e+01 1.000000000000000000e+00
1.792170499999999933e+01 1.742262050000000073e+01 1.697821266666666773e+01 1.000000000000000000e+00
1.895054800000000128e+01 1.843612650000000031e+01 1.793192966666666521e+01 0.000000000000000000e+00
1.758914800000000156e+01 1.826984800000000320e+01 1.815380033333333287e+01 1.000000000000000000e+00
1.829271299999999911e+01 1.794093050000000034e+01 1.827746966666666850e+01 1.000000000000000000e+00
2.023212099999999936e+01 1.926241699999999923e+01 1.870466066666666549e+01 1.000000000000000000e+00
2.062932199999999838e+01 2.043072149999999709e+01 1.971805200000000013e+01 1.000000000000000000e+00
2.161167100000000119e+01 2.112049650000000156e+01 2.082437133333333179e+01 1.000000000000000000e+00
2.222025700000000015e+01 2.191596400000000244e+01 2.148708333333333442e+01 0.000000000000000000e+00
2.228812599999999833e+01 2.225419149999999746e+01 2.204001800000000344e+01 1.000000000000000000e+00
2.289901199999999903e+01 2.259356899999999868e+01 2.246913166666666584e+01 1.000000000000000000e+00
2.321864499999999865e+01 2.305882849999999706e+01 2.280192766666666770e+01 1.000000000000000000e+00
2.444143899999999903e+01 2.383004199999999884e+01 2.351969866666666675e+01 1.000000000000000000e+00
2.463564900000000080e+01 2.453854400000000169e+01 2.409857766666666734e+01 0.000000000000000000e+00
2.442566499999999863e+01 2.453065699999999794e+01 2.450091766666666615e+01 0.000000000000000000e+00
2.291647700000000043e+01 2.367107099999999775e+01 2.399259699999999995e+01 1.000000000000000000e+00
2.555121799999999865e+01 2.423384749999999954e+01 2.429778666666666709e+01 1.000000000000000000e+00
2.768584999999999852e+01 2.661853399999999681e+01 2.538451499999999683e+01 1.000000000000000000e+00
3.065257099999999824e+01 2.916921049999999838e+01 2.796321299999999610e+01 1.000000000000000000e+00
3.235305000000000319e+01 3.150281050000000249e+01 3.023049033333333568e+01 1.000000000000000000e+00
3.390045200000000136e+01 3.312675099999999873e+01 3.230202433333333545e+01 0.000000000000000000e+00
3.160073999999999828e+01 3.275059600000000160e+01 3.261808066666666406e+01 1.000000000000000000e+00
3.246037700000000115e+01 3.203055849999999793e+01 3.265385633333333004e+01 0.000000000000000000e+00
3.219190600000000302e+01 3.232614150000000564e+01 3.208434100000000200e+01 0.000000000000000000e+00
2.914811100000000010e+01 3.067000850000000156e+01 3.126679800000000498e+01 0.000000000000000000e+00
2.766675000000000040e+01 2.840743050000000025e+01 2.966892233333333095e+01 1.000000000000000000e+00
2.862196700000000149e+01 2.814435850000000272e+01 2.847894266666666852e+01 1.000000000000000000e+00
3.122530199999999923e+01 2.992363449999999858e+01 2.917133966666666822e+01 1.000000000000000000e+00
3.163208600000000104e+01 3.142869400000000013e+01 3.049311833333333155e+01 1.000000000000000000e+00
3.187736100000000050e+01 3.175472350000000077e+01 3.157824966666666455e+01 0.000000000000000000e+00
2.975417900000000060e+01 3.081577000000000055e+01 3.108787533333333286e+01 0.000000000000000000e+00
2.950177400000000105e+01 2.962797650000000260e+01 3.037777133333333168e+01 0.000000000000000000e+00
2.821731600000000029e+01 2.885954500000000067e+01 2.915775633333333516e+01 0.000000000000000000e+00
2.438541800000000137e+01 2.630136699999999905e+01 2.736816933333333779e+01 0.000000000000000000e+00
2.446742100000000164e+01 2.442641950000000151e+01 2.569005166666666540e+01 0.000000000000000000e+00
2.023067500000000152e+01 2.234904800000000336e+01 2.302783800000000269e+01 0.000000000000000000e+00
2.022318500000000085e+01 2.022693000000000296e+01 2.164042700000000252e+01 1.000000000000000000e+00
2.049292200000000008e+01 2.035805350000000047e+01 2.031559400000000082e+01 1.000000000000000000e+00
2.152243800000000107e+01 2.100768000000000058e+01 2.074618166666666852e+01 0.000000000000000000e+00
2.134904500000000027e+01 2.143574149999999889e+01 2.112146833333333618e+01 1.000000000000000000e+00
2.174859000000000009e+01 2.154881749999999840e+01 2.154002433333333144e+01 1.000000000000000000e+00
2.364840099999999978e+01 2.269849549999999994e+01 2.224867866666666671e+01 1.000000000000000000e+00
2.474090599999999895e+01 2.419465350000000115e+01 2.337929899999999961e+01 0.000000000000000000e+00
2.405050299999999908e+01 2.439570450000000079e+01 2.414660333333333142e+01 0.000000000000000000e+00
2.364675099999999830e+01 2.384862700000000046e+01 2.414605333333333093e+01 0.000000000000000000e+00
2.211352199999999968e+01 2.288013649999999899e+01 2.327025866666666687e+01 0.000000000000000000e+00
2.189994199999999935e+01 2.200673199999999952e+01 2.255340499999999793e+01 1.000000000000000000e+00
2.353401600000000116e+01 2.271697900000000203e+01 2.251582666666666910e+01 0.000000000000000000e+00
2.334211499999999972e+01 2.343806550000000044e+01 2.292535766666666674e+01 1.000000000000000000e+00
2.505382300000000129e+01 2.419796900000000051e+01 2.397665133333333642e+01 1.000000000000000000e+00
2.549508099999999899e+01 2.527445200000000014e+01 2.463033966666666785e+01 1.000000000000000000e+00
2.653680200000000156e+01 2.601594150000000027e+01 2.569523533333333276e+01 1.000000000000000000e+00
2.828842200000000062e+01 2.741261200000000287e+01 2.677343500000000276e+01 1.000000000000000000e+00
2.889167000000000129e+01 2.859004600000000096e+01 2.790563133333333568e+01 1.000000000000000000e+00
3.086119100000000159e+01 2.987643050000000144e+01 2.934709433333333450e+01 0.000000000000000000e+00
2.976787799999999962e+01 3.031453450000000061e+01 2.984024633333333654e+01 0.000000000000000000e+00
2.863550599999999946e+01 2.920169200000000131e+01 2.975485833333333474e+01 0.000000000000000000e+00
2.805889900000000026e+01 2.834720250000000163e+01 2.882076100000000096e+01 0.000000000000000000e+00
2.676543799999999962e+01 2.741216849999999994e+01 2.781994766666666763e+01 1.000000000000000000e+00
2.940293899999999994e+01 2.808418849999999978e+01 2.807575866666666897e+01 1.000000000000000000e+00
3.210583900000000313e+01 3.075438900000000331e+01 2.942473866666666638e+01 0.000000000000000000e+00
3.216069799999999645e+01 3.213326849999999979e+01 3.122315866666666651e+01 0.000000000000000000e+00
3.111517500000000069e+01 3.163793649999999857e+01 3.179390399999999772e+01 0.000000000000000000e+00
2.749438299999999913e+01 2.930477899999999991e+01 3.025675199999999521e+01 1.000000000000000000e+00
2.995809600000000117e+01 2.872623949999999837e+01 2.952255133333333603e+01 1.000000000000000000e+00
3.128223399999999899e+01 3.062016500000000008e+01 2.957823766666666643e+01 0.000000000000000000e+00
3.087083399999999855e+01 3.107653399999999877e+01 3.070372133333333409e+01 0.000000000000000000e+00
3.090248100000000164e+01 3.088665749999999832e+01 3.101851633333333425e+01 0.000000000000000000e+00
2.864339800000000125e+01 2.977293949999999967e+01 3.013890433333333263e+01 1.000000000000000000e+00
3.371682400000000257e+01 3.118011100000000368e+01 3.108756766666666849e+01 1.000000000000000000e+00
3.405876899999999807e+01 3.388779650000000032e+01 3.213966366666667085e+01 0.000000000000000000e+00
3.321110199999999679e+01 3.363493549999999743e+01 3.366223166666666344e+01 0.000000000000000000e+00
1.983717899999999901e+01 2.652414049999999790e+01 2.903568333333332774e+01 0.000000000000000000e+00
1.685720999999999847e+01 1.834719450000000052e+01 2.330183033333333142e+01 1.000000000000000000e+00
1.937170400000000114e+01 1.811445700000000159e+01 1.868869766666666621e+01 0.000000000000000000e+00
1.648570300000000088e+01 1.792870350000000101e+01 1.757153900000000135e+01 0.000000000000000000e+00
1.418012000000000050e+01 1.533291150000000158e+01 1.667917566666666929e+01 1.000000000000000000e+00
1.565368600000000043e+01 1.491690300000000136e+01 1.543983633333333394e+01 1.000000000000000000e+00
1.852719099999999841e+01 1.709043849999999765e+01 1.612033233333333371e+01 1.000000000000000000e+00
2.162048499999999862e+01 2.007383799999999852e+01 1.860045399999999916e+01 0.000000000000000000e+00
2.117339300000000080e+01 2.139693899999999971e+01 2.044035633333333024e+01 1.000000000000000000e+00
2.659405299999999883e+01 2.388372299999999981e+01 2.312931033333333275e+01 0.000000000000000000e+00
2.617517899999999997e+01 2.638461600000000118e+01 2.464754166666666535e+01 1.000000000000000000e+00
2.807254400000000061e+01 2.712386150000000029e+01 2.694725866666667002e+01 0.000000000000000000e+00
2.649368099999999870e+01 2.728311250000000143e+01 2.691380133333333546e+01 1.000000000000000000e+00
2.831227900000000020e+01 2.740297999999999945e+01 2.762616800000000339e+01 0.000000000000000000e+00
2.619130499999999984e+01 2.725179200000000179e+01 2.699908833333333291e+01 0.000000000000000000e+00
2.506050899999999970e+01 2.562590699999999799e+01 2.652136433333333443e+01 1.000000000000000000e+00
2.530994799999999856e+01 2.518522850000000091e+01 2.552058733333332796e+01 1.000000000000000000e+00
2.836350300000000146e+01 2.683672550000000001e+01 2.624465333333333206e+01 0.000000000000000000e+00
2.707387400000000000e+01 2.771868849999999895e+01 2.691577500000000001e+01 0.000000000000000000e+00
2.218332099999999940e+01 2.462859749999999792e+01 2.587356600000000029e+01 1.000000000000000000e+00
2.236637500000000145e+01 2.227484799999999865e+01 2.387452333333333243e+01 1.000000000000000000e+00
2.627415799999999990e+01 2.432026650000000245e+01 2.360795133333333240e+01 0.000000000000000000e+00
2.456080400000000097e+01 2.541748100000000221e+01 2.440044566666666981e+01 1.000000000000000000e+00
2.730361399999999961e+01 2.593220900000000029e+01 2.604619200000000134e+01 0.000000000000000000e+00
2.589208800000000110e+01 2.659785099999999858e+01 2.591883533333333389e+01 0.000000000000000000e+00
2.428499000000000052e+01 2.508853900000000081e+01 2.582689733333333493e+01 1.000000000000000000e+00
2.489613200000000148e+01 2.459056100000000100e+01 2.502440333333333555e+01 0.000000000000000000e+00
2.425358999999999909e+01 2.457486099999999851e+01 2.447823733333333607e+01 0.000000000000000000e+00
2.382523899999999983e+01 2.403941449999999946e+01 2.432498699999999658e+01 0.000000000000000000e+00
2.334816400000000058e+01 2.358670150000000021e+01 2.380899766666666650e+01 1.000000000000000000e+00
2.536867300000000114e+01 2.435841849999999909e+01 2.418069200000000407e+01 1.000000000000000000e+00
2.565361400000000103e+01 2.551114350000000286e+01 2.479015033333333307e+01 0.000000000000000000e+00
2.436225900000000166e+01 2.500793649999999957e+01 2.512818199999999891e+01 0.000000000000000000e+00
2.282222000000000151e+01 2.359223950000000158e+01 2.427936433333333355e+01 0.000000000000000000e+00
1.962902499999999861e+01 2.122562250000000006e+01 2.227116799999999941e+01 0.000000000000000000e+00
1.724728199999999845e+01 1.843815349999999853e+01 1.989950899999999834e+01 0.000000000000000000e+00
1.608572799999999958e+01 1.666650500000000079e+01 1.765401166666666555e+01 0.000000000000000000e+00
1.495937299999999937e+01 1.552255049999999947e+01 1.609746099999999913e+01 1.000000000000000000e+00
1.556543300000000052e+01 1.526240299999999905e+01 1.553684466666666708e+01 1.000000000000000000e+00
1.583272599999999919e+01 1.569907949999999985e+01 1.545251066666666695e+01 1.000000000000000000e+00
1.665243099999999998e+01 1.624257850000000047e+01 1.601686333333333323e+01 1.000000000000000000e+00
1.745896899999999974e+01 1.705570000000000164e+01 1.664804200000000023e+01 1.000000000000000000e+00
1.947901200000000088e+01 1.846899050000000031e+01 1.786347066666666805e+01 0.000000000000000000e+00
1.492489100000000057e+01 1.720195149999999984e+01 1.728762400000000099e+01 0.000000000000000000e+00
1.478046499999999952e+01 1.485267800000000094e+01 1.639478933333333188e+01 0.000000000000000000e+00
1.412396299999999982e+01 1.445221399999999967e+01 1.460977299999999879e+01 0.000000000000000000e+00
1.408749099999999999e+01 1.410572699999999990e+01 1.433063966666666467e+01 1.000000000000000000e+00
1.475180600000000020e+01 1.441964850000000098e+01 1.432108666666666608e+01 0.000000000000000000e+00
1.432636399999999988e+01 1.453908500000000004e+01 1.438855366666666669e+01 0.000000000000000000e+00
1.290205100000000016e+01 1.361420749999999913e+01 1.399340699999999948e+01 1.000000000000000000e+00
1.333717299999999994e+01 1.311961200000000005e+01 1.352186266666666548e+01 1.000000000000000000e+00
1.577055599999999913e+01 1.455386449999999954e+01 1.400325999999999915e+01 1.000000000000000000e+00
1.815750099999999989e+01 1.696402849999999773e+01 1.575507666666666751e+01 1.000000000000000000e+00
1.931022099999999853e+01 1.873386099999999743e+01 1.774609266666666585e+01 1.000000000000000000e+00
2.157379200000000097e+01 2.044200649999999797e+01 1.968050466666666409e+01 1.000000000000000000e+00
2.195571100000000087e+01 2.176475150000000269e+01 2.094657466666666679e+01 0.000000000000000000e+00
1.964029100000000128e+01 2.079800099999999929e+01 2.105659800000000459e+01 1.000000000000000000e+00
2.134936300000000031e+01 2.049482700000000079e+01 2.098178833333333060e+01 0.000000000000000000e+00
1.846355399999999847e+01 1.990645849999999939e+01 1.981773600000000002e+01 1.000000000000000000e+00
1.929141800000000018e+01 1.887748599999999755e+01 1.970144499999999965e+01 0.000000000000000000e+00
1.638833800000000096e+01 1.783987799999999879e+01 1.804776999999999987e+01 1.000000000000000000e+00
1.669737599999999844e+01 1.654285699999999792e+01 1.745904399999999868e+01 0.000000000000000000e+00
1.618237900000000096e+01 1.643987750000000148e+01 1.642269766666666442e+01 0.000000000000000000e+00
1.399277799999999949e+01 1.508757849999999934e+01 1.562417766666666807e+01 1.000000000000000000e+00
1.453782799999999931e+01 1.426530299999999940e+01 1.490432833333333207e+01 0.000000000000000000e+00
1.381144399999999983e+01 1.417463599999999957e+01 1.411401666666666621e+01 1.000000000000000000e+00
1.441522100000000073e+01 1.411333250000000028e+01 1.425483100000000114e+01 0.000000000000000000e+00
1.348125300000000060e+01 1.394823700000000066e+01 1.390263933333333313e+01 1.000000000000000000e+00
1.384372600000000020e+01 1.366248949999999951e+01 1.391340000000000110e+01 0.000000000000000000e+00
1.250767800000000030e+01 1.317570200000000114e+01 1.327755233333333251e+01 1.000000000000000000e+00
1.330362200000000072e+01 1.290565000000000140e+01 1.321834200000000159e+01 0.000000000000000000e+00
1.199120800000000031e+01 1.264741500000000052e+01 1.260083600000000104e+01 0.000000000000000000e+00
9.897505999999999915e+00 1.094435700000000011e+01 1.173077866666666580e+01 0.000000000000000000e+00
9.307463000000000264e+00 9.602484499999999201e+00 1.039872566666666565e+01 0.000000000000000000e+00
8.987273000000000067e+00 9.147368000000000166e+00 9.397413999999999490e+00 0.000000000000000000e+00
7.408038999999999596e+00 8.197656000000000276e+00 8.567591666666666939e+00 1.000000000000000000e+00
8.145015000000000782e+00 7.776526999999999745e+00 8.180108999999999853e+00 0.000000000000000000e+00
7.698074000000000083e+00 7.921544500000000433e+00 7.750376000000000154e+00 1.000000000000000000e+00
7.871497999999999884e+00 7.784786000000000428e+00 7.904862333333333879e+00 0.000000000000000000e+00
6.474474999999999980e+00 7.172986500000000376e+00 7.348015666666666057e+00 0.000000000000000000e+00
6.082978999999999914e+00 6.278726999999999947e+00 6.809650666666667185e+00 0.000000000000000000e+00
5.509662999999999755e+00 5.796320999999999835e+00 6.022372333333333216e+00 0.000000000000000000e+00
5.043237000000000414e+00 5.276450000000000529e+00 5.545293000000000028e+00 0.000000000000000000e+00
3.186892999999999976e+00 4.115065000000000417e+00 4.579931000000000196e+00 1.000000000000000000e+00
3.951747999999999816e+00 3.569320499999999896e+00 4.060626000000000069e+00 0.000000000000000000e+00
3.383010000000000073e+00 3.667378999999999944e+00 3.507217000000000251e+00 1.000000000000000000e+00
4.049999999999999822e+00 3.716504999999999725e+00 3.794919333333333089e+00 0.000000000000000000e+00
3.390000000000000124e+00 3.719999999999999751e+00 3.607670000000000154e+00 1.000000000000000000e+00
3.810000000000000053e+00 3.600000000000000089e+00 3.750000000000000000e+00 1.000000000000000000e+00
4.809999999999999609e+00 4.309999999999999609e+00 4.003333333333332966e+00 0.000000000000000000e+00
4.709999999999999964e+00 4.759999999999999787e+00 4.443333333333332469e+00 0.000000000000000000e+00
3.899999999999999911e+00 4.304999999999999716e+00 4.473333333333333606e+00 0.000000000000000000e+00
3.779999999999999805e+00 3.839999999999999858e+00 4.129999999999999893e+00 1.000000000000000000e+00
4.070000000000000284e+00 3.924999999999999822e+00 3.916666666666666519e+00 1.000000000000000000e+00
5.700000000000000178e+00 4.884999999999999787e+00 4.516666666666666607e+00 0.000000000000000000e+00
5.660000000000000142e+00 5.679999999999999716e+00 5.143333333333333535e+00 1.000000000000000000e+00
6.549999999999999822e+00 6.105000000000000426e+00 5.969999999999999751e+00 0.000000000000000000e+00
5.370000000000000107e+00 5.959999999999999964e+00 5.860000000000000320e+00 0.000000000000000000e+00
5.040000000000000036e+00 5.205000000000000071e+00 5.653333333333333321e+00 1.000000000000000000e+00
5.870000000000000107e+00 5.455000000000000071e+00 5.426666666666666750e+00 0.000000000000000000e+00
4.400000000000000355e+00 5.134999999999999787e+00 5.103333333333333499e+00 0.000000000000000000e+00
4.400000000000000355e+00 4.400000000000000355e+00 4.889999999999999680e+00 1.000000000000000000e+00
4.849999999999999645e+00 4.625000000000000000e+00 4.549999999999999822e+00 0.000000000000000000e+00
3.399999999999999911e+00 4.125000000000000000e+00 4.216666666666666785e+00 1.000000000000000000e+00
3.799999999999999822e+00 3.599999999999999645e+00 4.016666666666666607e+00 0.000000000000000000e+00
3.640000000000000124e+00 3.719999999999999751e+00 3.613333333333333286e+00 0.000000000000000000e+00
2.490000000000000213e+00 3.065000000000000391e+00 3.310000000000000053e+00 0.000000000000000000e+00
2.330000000000000071e+00 2.410000000000000142e+00 2.820000000000000284e+00 0.000000000000000000e+00
2.279999999999999805e+00 2.304999999999999716e+00 2.366666666666666696e+00 0.000000000000000000e+00
1.979999999999999982e+00 2.129999999999999893e+00 2.196666666666666767e+00 1.000000000000000000e+00
2.149999999999999911e+00 2.064999999999999947e+00 2.136666666666666714e+00 1.000000000000000000e+00
2.439999999999999947e+00 2.294999999999999929e+00 2.189999999999999947e+00 1.000000000000000000e+00
2.629999999999999893e+00 2.535000000000000142e+00 2.406666666666666732e+00 1.000000000000000000e+00
2.839999999999999858e+00 2.734999999999999876e+00 2.636666666666666714e+00 0.000000000000000000e+00
2.529999999999999805e+00 2.684999999999999609e+00 2.666666666666666519e+00 0.000000000000000000e+00
1.800000000000000044e+00 2.165000000000000036e+00 2.389999999999999680e+00 0.000000000000000000e+00
1.620000000000000107e+00 1.709999999999999964e+00 1.983333333333333393e+00 0.000000000000000000e+00
1.590000000000000080e+00 1.604999999999999982e+00 1.669999999999999929e+00 1.000000000000000000e+00
2.000000000000000000e+00 1.794999999999999929e+00 1.736666666666666581e+00 1.000000000000000000e+00
