1.555677500000000002e+01 1.617410800000000037e+01 1.616038866666666607e+01 0.000000000000000000e+00
1.687375300000000067e+01 1.621526400000000123e+01 1.640732300000000166e+01 1.000000000000000000e+00
1.819072900000000104e+01 1.753224099999999908e+01 1.687375233333333213e+01 1.000000000000000000e+00
1.695606199999999930e+01 1.757339550000000017e+01 1.734018133333333367e+01 0.000000000000000000e+00
1.926077099999999831e+01 1.810841649999999703e+01 1.813585399999999836e+01 1.000000000000000000e+00
1.794379599999999897e+01 1.860228349999999864e+01 1.805354299999999768e+01 0.000000000000000000e+00
2.074236900000000006e+01 1.934308250000000129e+01 1.931564533333333245e+01 1.000000000000000000e+00
2.008388300000000015e+01 2.041312599999999833e+01 1.959001600000000209e+01 0.000000000000000000e+00
1.909614799999999946e+01 1.959001549999999980e+01 1.997413333333333085e+01 0.000000000000000000e+00
1.744993200000000044e+01 1.827304000000000173e+01 1.887665433333333453e+01 0.000000000000000000e+00
1.810841800000000035e+01 1.777917500000000217e+01 1.821816600000000008e+01 1.000000000000000000e+00
1.687375300000000067e+01 1.749108550000000051e+01 1.747736766666666952e+01 0.000000000000000000e+00
1.637988700000000009e+01 1.662682000000000215e+01 1.712068600000000274e+01 0.000000000000000000e+00
1.967232500000000073e+01 1.802610599999999863e+01 1.764198833333333383e+01 1.000000000000000000e+00
1.769686300000000045e+01 1.868459400000000059e+01 1.791635833333333139e+01 0.000000000000000000e+00
1.876690500000000128e+01 1.823188400000000087e+01 1.871203099999999964e+01 1.000000000000000000e+00
1.876690500000000128e+01 1.876690500000000128e+01 1.841022433333333552e+01 0.000000000000000000e+00
1.547446599999999961e+01 1.712068550000000045e+01 1.766942533333333287e+01 0.000000000000000000e+00
1.720299699999999987e+01 1.633873150000000152e+01 1.714812266666666574e+01 1.000000000000000000e+00
1.777917499999999862e+01 1.749108599999999925e+01 1.681887933333333152e+01 1.000000000000000000e+00
1.613295000000000101e+01 1.695606250000000159e+01 1.703837400000000102e+01 0.000000000000000000e+00
1.703837199999999896e+01 1.658566100000000176e+01 1.698349899999999835e+01 1.000000000000000000e+00
1.234664899999999932e+01 1.469251049999999914e+01 1.517265700000000095e+01 0.000000000000000000e+00
1.267589300000000030e+01 1.251127100000000070e+01 1.402030466666666619e+01 1.000000000000000000e+00
1.292282800000000087e+01 1.279936050000000058e+01 1.264845666666666801e+01 1.000000000000000000e+00
1.251127100000000070e+01 1.271704950000000167e+01 1.270333066666666788e+01 0.000000000000000000e+00
1.102967199999999970e+01 1.177047149999999931e+01 1.215459033333333316e+01 0.000000000000000000e+00
1.358131400000000077e+01 1.230549300000000024e+01 1.237408566666666587e+01 1.000000000000000000e+00
1.555677500000000002e+01 1.456904450000000040e+01 1.338925366666666683e+01 1.000000000000000000e+00
1.333437999999999946e+01 1.444557749999999885e+01 1.415748966666666853e+01 0.000000000000000000e+00
1.473366799999999976e+01 1.403402399999999872e+01 1.454160766666666582e+01 1.000000000000000000e+00
1.596833299999999944e+01 1.535100049999999960e+01 1.467879366666666563e+01 1.000000000000000000e+00
1.539215800000000023e+01 1.568024549999999984e+01 1.536471966666666589e+01 0.000000000000000000e+00
1.432211299999999987e+01 1.485713550000000005e+01 1.522753466666666533e+01 0.000000000000000000e+00
1.300513899999999978e+01 1.366362600000000072e+01 1.423980333333333270e+01 0.000000000000000000e+00
1.292282800000000087e+01 1.296398350000000121e+01 1.341669333333333469e+01 0.000000000000000000e+00
1.349900200000000083e+01 1.321091499999999996e+01 1.314232299999999931e+01 1.000000000000000000e+00
1.539215800000000023e+01 1.444557999999999964e+01 1.393799600000000005e+01 1.000000000000000000e+00
1.530984499999999926e+01 1.535100149999999886e+01 1.473366833333333226e+01 0.000000000000000000e+00
1.777917499999999862e+01 1.654450999999999894e+01 1.616039266666666663e+01 1.000000000000000000e+00
1.835535199999999989e+01 1.806726349999999925e+01 1.714812399999999926e+01 1.000000000000000000e+00
1.728530699999999953e+01 1.782032949999999971e+01 1.780661133333333268e+01 0.000000000000000000e+00
1.744993200000000044e+01 1.736761949999999999e+01 1.769686366666666899e+01 1.000000000000000000e+00
1.810841800000000035e+01 1.777917500000000217e+01 1.761455233333333226e+01 1.000000000000000000e+00
1.547446599999999961e+01 1.679144199999999998e+01 1.701093866666666798e+01 0.000000000000000000e+00
1.481597900000000045e+01 1.514522249999999914e+01 1.613295433333333406e+01 0.000000000000000000e+00
1.316975799999999985e+01 1.399286850000000015e+01 1.448673433333333271e+01 0.000000000000000000e+00
1.316975799999999985e+01 1.316975799999999985e+01 1.371849833333333457e+01 0.000000000000000000e+00
1.325206799999999951e+01 1.321091299999999968e+01 1.319719466666666641e+01 1.000000000000000000e+00
1.251127100000000070e+01 1.288166950000000099e+01 1.297769900000000121e+01 0.000000000000000000e+00
1.168816099999999913e+01 1.209971600000000080e+01 1.248383333333333489e+01 0.000000000000000000e+00
1.209971499999999978e+01 1.189393799999999857e+01 1.209971566666666831e+01 1.000000000000000000e+00
1.308744899999999944e+01 1.259358199999999961e+01 1.229177499999999945e+01 1.000000000000000000e+00
1.349900200000000083e+01 1.329322550000000014e+01 1.289538866666666728e+01 1.000000000000000000e+00
1.391055700000000073e+01 1.370477950000000078e+01 1.349900266666666759e+01 1.000000000000000000e+00
1.234664899999999932e+01 1.312860300000000002e+01 1.325206933333333303e+01 0.000000000000000000e+00
1.226433699999999938e+01 1.230549299999999846e+01 1.284051433333333314e+01 0.000000000000000000e+00
1.349900200000000083e+01 1.288166950000000099e+01 1.270332933333333436e+01 1.000000000000000000e+00
1.185278300000000051e+01 1.267589249999999979e+01 1.253870733333333476e+01 0.000000000000000000e+00
1.201740500000000011e+01 1.193509399999999943e+01 1.245639666666666834e+01 1.000000000000000000e+00
1.160584899999999919e+01 1.181162699999999965e+01 1.182534566666666542e+01 0.000000000000000000e+00
1.259357999999999933e+01 1.209971449999999926e+01 1.207227799999999895e+01 1.000000000000000000e+00
1.341668999999999912e+01 1.300513499999999922e+01 1.253870633333333195e+01 1.000000000000000000e+00
1.481597900000000045e+01 1.411633450000000067e+01 1.360874966666666630e+01 1.000000000000000000e+00
1.481597900000000045e+01 1.481597900000000045e+01 1.434954933333333393e+01 0.000000000000000000e+00
1.349900200000000083e+01 1.415749050000000153e+01 1.437698666666666725e+01 0.000000000000000000e+00
1.456904399999999988e+01 1.403402300000000125e+01 1.429467499999999980e+01 1.000000000000000000e+00
1.481597900000000045e+01 1.469251150000000017e+01 1.429467499999999980e+01 1.000000000000000000e+00
1.341668999999999912e+01 1.411633450000000067e+01 1.426723766666666648e+01 0.000000000000000000e+00
1.292282800000000087e+01 1.316975899999999911e+01 1.371849900000000133e+01 0.000000000000000000e+00
1.341668999999999912e+01 1.316975899999999911e+01 1.325206933333333303e+01 1.000000000000000000e+00
1.605064399999999836e+01 1.473366699999999874e+01 1.413005399999999945e+01 1.000000000000000000e+00
1.703837199999999896e+01 1.654450800000000044e+01 1.550190199999999940e+01 1.000000000000000000e+00
1.736761699999999919e+01 1.720299449999999908e+01 1.681887766666666550e+01 1.000000000000000000e+00
1.917846099999999865e+01 1.827303899999999715e+01 1.786148333333333227e+01 1.000000000000000000e+00
2.090699199999999891e+01 2.004272650000000056e+01 1.915102333333333107e+01 1.000000000000000000e+00
2.066005699999999834e+01 2.078352449999999862e+01 2.024850333333333197e+01 0.000000000000000000e+00
2.164779100000000156e+01 2.115392399999999995e+01 2.107161333333333175e+01 1.000000000000000000e+00
1.934308199999999900e+01 2.049543650000000028e+01 2.055030999999999963e+01 0.000000000000000000e+00
1.991925799999999924e+01 1.963116999999999734e+01 2.030337700000000112e+01 1.000000000000000000e+00
2.000157199999999946e+01 1.996041499999999758e+01 1.975463733333333138e+01 0.000000000000000000e+00
2.337632199999999827e+01 2.168894699999999887e+01 2.109905066666666684e+01 1.000000000000000000e+00
2.411711700000000036e+01 2.374671949999999754e+01 2.249833700000000292e+01 1.000000000000000000e+00
2.271783299999999883e+01 2.341747499999999960e+01 2.340375733333333130e+01 0.000000000000000000e+00
2.568102599999999924e+01 2.419942950000000081e+01 2.417199199999999948e+01 1.000000000000000000e+00
2.337632199999999827e+01 2.452867399999999876e+01 2.392506033333333448e+01 0.000000000000000000e+00
2.526947200000000038e+01 2.432289699999999755e+01 2.477560666666666478e+01 1.000000000000000000e+00
2.271783299999999883e+01 2.399365249999999961e+01 2.378787566666666464e+01 0.000000000000000000e+00
2.469329799999999864e+01 2.370556549999999874e+01 2.422686766666666358e+01 1.000000000000000000e+00
2.547524800000000056e+01 2.508427299999999960e+01 2.429545966666666956e+01 1.000000000000000000e+00
2.901462400000000130e+01 2.724493600000000271e+01 2.639439000000000135e+01 1.000000000000000000e+00
2.798573499999999825e+01 2.850017950000000155e+01 2.749186899999999767e+01 0.000000000000000000e+00
2.885000399999999843e+01 2.841786949999999834e+01 2.861678766666666718e+01 1.000000000000000000e+00
3.024929200000000051e+01 2.954964799999999769e+01 2.902834366666666810e+01 1.000000000000000000e+00
2.757418099999999939e+01 2.891173649999999995e+01 2.889115899999999826e+01 0.000000000000000000e+00
2.872653599999999940e+01 2.815035849999999940e+01 2.885000300000000095e+01 1.000000000000000000e+00
2.535178600000000060e+01 2.703916100000000000e+01 2.721750099999999861e+01 0.000000000000000000e+00
2.695684800000000081e+01 2.615431699999999893e+01 2.701172333333333242e+01 1.000000000000000000e+00
2.650413500000000155e+01 2.673049149999999941e+01 2.627092299999999980e+01 0.000000000000000000e+00
2.666875999999999891e+01 2.658644749999999846e+01 2.670991433333333021e+01 1.000000000000000000e+00
2.370556600000000103e+01 2.518716299999999819e+01 2.562615366666666716e+01 0.000000000000000000e+00
2.275898899999999969e+01 2.323227750000000214e+01 2.437777166666666417e+01 0.000000000000000000e+00
1.646219599999999872e+01 1.961059249999999921e+01 2.097558366666666885e+01 0.000000000000000000e+00
1.201740500000000011e+01 1.423980049999999942e+01 1.707953000000000188e+01 0.000000000000000000e+00
1.382824500000000079e+01 1.292282499999999956e+01 1.410261533333333261e+01 1.000000000000000000e+00
1.452788900000000005e+01 1.417806700000000042e+01 1.345784633333333424e+01 1.000000000000000000e+00
1.205855799999999967e+01 1.329322349999999986e+01 1.347156400000000076e+01 0.000000000000000000e+00
1.160584899999999919e+01 1.183220349999999854e+01 1.273076533333333238e+01 0.000000000000000000e+00
1.111198100000000011e+01 1.135891499999999965e+01 1.159212933333333240e+01 0.000000000000000000e+00
1.185278300000000051e+01 1.148238200000000120e+01 1.152353766666666779e+01 1.000000000000000000e+00
1.600948500000000152e+01 1.393113400000000013e+01 1.299141633333333345e+01 1.000000000000000000e+00
1.967232500000000073e+01 1.784090499999999935e+01 1.584486433333333366e+01 1.000000000000000000e+00
2.053659199999999885e+01 2.010445849999999979e+01 1.873946733333333370e+01 1.000000000000000000e+00
2.205934299999999837e+01 2.129796749999999861e+01 2.075608666666666480e+01 1.000000000000000000e+00
2.292360700000000051e+01 2.249147500000000122e+01 2.183984733333333494e+01 1.000000000000000000e+00
2.247089799999999826e+01 2.269725249999999761e+01 2.248461599999999905e+01 0.000000000000000000e+00
1.909614799999999946e+01 2.078352299999999886e+01 2.149688433333333037e+01 0.000000000000000000e+00
1.839650699999999972e+01 1.874632749999999959e+01 1.998785099999999915e+01 0.000000000000000000e+00
1.662682200000000066e+01 1.751166450000000196e+01 1.803982566666666898e+01 0.000000000000000000e+00
1.386940300000000015e+01 1.524811250000000129e+01 1.629757733333333292e+01 0.000000000000000000e+00
1.625641999999999854e+01 1.506291149999999845e+01 1.558421500000000037e+01 1.000000000000000000e+00
1.703837199999999896e+01 1.664739600000000053e+01 1.572139833333333137e+01 1.000000000000000000e+00
1.991925799999999924e+01 1.847881499999999733e+01 1.773801666666666677e+01 1.000000000000000000e+00
2.094814699999999874e+01 2.043370249999999899e+01 1.930192566666666565e+01 1.000000000000000000e+00
2.387019000000000091e+01 2.240916849999999982e+01 2.157919833333333415e+01 1.000000000000000000e+00
2.107161100000000076e+01 2.247090049999999906e+01 2.196331600000000250e+01 0.000000000000000000e+00
2.278980599999999868e+01 2.193070850000000149e+01 2.257720233333333226e+01 1.000000000000000000e+00
2.406562600000000174e+01 2.342771600000000021e+01 2.264234766666666587e+01 1.000000000000000000e+00
2.444636300000000162e+01 2.425599449999999990e+01 2.376726499999999831e+01 1.000000000000000000e+00
2.263552299999999917e+01 2.354094299999999862e+01 2.371583733333333655e+01 0.000000000000000000e+00
2.177125900000000058e+01 2.220339099999999988e+01 2.295104833333333261e+01 0.000000000000000000e+00
2.736840600000000023e+01 2.456983250000000041e+01 2.392506266666666548e+01 1.000000000000000000e+00
2.722847399999999851e+01 2.729843999999999937e+01 2.545604633333333311e+01 0.000000000000000000e+00
2.581272500000000036e+01 2.652059949999999944e+01 2.680320166666666637e+01 0.000000000000000000e+00
2.390969700000000131e+01 2.486121100000000084e+01 2.565029866666666791e+01 0.000000000000000000e+00
2.587199199999999877e+01 2.489084450000000004e+01 2.519813800000000015e+01 1.000000000000000000e+00
2.594442700000000102e+01 2.590820949999999812e+01 2.524203866666666940e+01 0.000000000000000000e+00
2.205934299999999837e+01 2.400188500000000147e+01 2.462525399999999820e+01 0.000000000000000000e+00
2.342900099999999952e+01 2.274417199999999895e+01 2.381092366666666749e+01 1.000000000000000000e+00
2.169059400000000082e+01 2.255979750000000195e+01 2.239297933333333290e+01 0.000000000000000000e+00
1.906322700000000125e+01 2.037691050000000104e+01 2.139427399999999935e+01 0.000000000000000000e+00
2.359362600000000043e+01 2.132842649999999907e+01 2.144914900000000202e+01 1.000000000000000000e+00
2.171034200000000070e+01 2.265198399999999879e+01 2.145573166666666509e+01 0.000000000000000000e+00
2.401505699999999877e+01 2.286269949999999795e+01 2.310634166666666545e+01 1.000000000000000000e+00
2.317877199999999860e+01 2.359691449999999691e+01 2.296805699999999817e+01 0.000000000000000000e+00
2.325120700000000085e+01 2.321498950000000150e+01 2.348167866666666370e+01 0.000000000000000000e+00
2.518715999999999866e+01 2.421918349999999975e+01 2.387237966666667077e+01 1.000000000000000000e+00
2.481181899999999985e+01 2.499948949999999925e+01 2.441672866666666764e+01 0.000000000000000000e+00
2.413358699999999857e+01 2.447270299999999921e+01 2.471085533333333117e+01 0.000000000000000000e+00
2.192106100000000168e+01 2.302732400000000013e+01 2.362215566666666788e+01 0.000000000000000000e+00
1.764747600000000105e+01 1.978426850000000314e+01 2.123404133333333377e+01 0.000000000000000000e+00
1.810841800000000035e+01 1.787794699999999892e+01 1.922565166666666769e+01 1.000000000000000000e+00
1.911590800000000101e+01 1.861216300000000246e+01 1.829060066666666629e+01 1.000000000000000000e+00
1.912907600000000130e+01 1.912249200000000116e+01 1.878446733333333540e+01 0.000000000000000000e+00
2.155889300000000119e+01 2.034398450000000125e+01 1.993462566666666547e+01 1.000000000000000000e+00
2.119672399999999968e+01 2.137780850000000044e+01 2.062823099999999954e+01 0.000000000000000000e+00
1.992584400000000144e+01 2.056128400000000056e+01 2.089382033333333410e+01 0.000000000000000000e+00
2.042629799999999918e+01 2.017607100000000031e+01 2.051628866666666795e+01 1.000000000000000000e+00
1.970854399999999984e+01 2.006742099999999951e+01 2.002022866666666800e+01 0.000000000000000000e+00
1.843766199999999955e+01 1.907310299999999970e+01 1.952416799999999952e+01 0.000000000000000000e+00
2.176302499999999895e+01 2.010034350000000103e+01 1.996974366666666612e+01 1.000000000000000000e+00
2.210543799999999948e+01 2.193423149999999922e+01 2.076870833333333266e+01 1.000000000000000000e+00
2.068310699999999969e+01 2.139427249999999958e+01 2.151718999999999937e+01 0.000000000000000000e+00
2.203300099999999873e+01 2.135805399999999921e+01 2.160718199999999811e+01 1.000000000000000000e+00
1.948465699999999856e+01 2.075882899999999864e+01 2.073358833333333351e+01 0.000000000000000000e+00
1.860886999999999958e+01 1.904676349999999729e+01 2.004217599999999777e+01 0.000000000000000000e+00
1.900396299999999883e+01 1.880641649999999743e+01 1.903249666666666329e+01 1.000000000000000000e+00
2.117697000000000074e+01 2.009046649999999801e+01 1.959660099999999616e+01 1.000000000000000000e+00
2.309976400000000041e+01 2.213836700000000235e+01 2.109356566666666666e+01 1.000000000000000000e+00
2.477231600000000000e+01 2.393603999999999843e+01 2.301635000000000275e+01 1.000000000000000000e+00
2.402163699999999835e+01 2.439697650000000095e+01 2.396457233333333292e+01 0.000000000000000000e+00
2.415333400000000097e+01 2.408748549999999966e+01 2.431576233333333548e+01 1.000000000000000000e+00
2.240834399999999960e+01 2.328083900000000028e+01 2.352777166666666631e+01 0.000000000000000000e+00
2.479206999999999894e+01 2.360020699999999749e+01 2.378458266666666532e+01 1.000000000000000000e+00
2.653706199999999882e+01 2.566456600000000066e+01 2.457915866666666105e+01 1.000000000000000000e+00
2.589832900000000038e+01 2.621769549999999782e+01 2.574248700000000056e+01 0.000000000000000000e+00
2.878909099999999910e+01 2.734371000000000151e+01 2.707482733333333158e+01 1.000000000000000000e+00
2.820303499999999985e+01 2.849606299999999948e+01 2.763015166666666644e+01 0.000000000000000000e+00
2.919077300000000008e+01 2.869690399999999997e+01 2.872763299999999731e+01 1.000000000000000000e+00
2.809767700000000090e+01 2.864422499999999872e+01 2.849716166666666695e+01 0.000000000000000000e+00
2.851252699999999862e+01 2.830510199999999799e+01 2.860032566666666298e+01 1.000000000000000000e+00
3.113330500000000001e+01 2.982291599999999931e+01 2.924783633333332844e+01 1.000000000000000000e+00
2.929612900000000053e+01 3.021471700000000027e+01 2.964732033333332950e+01 0.000000000000000000e+00
2.905248299999999873e+01 2.917430600000000140e+01 2.982730566666666405e+01 0.000000000000000000e+00
3.041555599999999870e+01 2.973401949999999871e+01 2.958805599999999814e+01 1.000000000000000000e+00
3.368823600000000340e+01 3.205189599999999928e+01 3.105209166666666576e+01 1.000000000000000000e+00
3.723089999999999833e+01 3.545956800000000442e+01 3.377823066666666563e+01 1.000000000000000000e+00
3.868616500000000258e+01 3.795853250000000401e+01 3.653510033333333951e+01 1.000000000000000000e+00
3.929856099999999941e+01 3.899236299999999744e+01 3.840520866666667388e+01 1.000000000000000000e+00
3.619049799999999806e+01 3.774452949999999873e+01 3.805840799999999291e+01 0.000000000000000000e+00
3.776428200000000146e+01 3.697738999999999976e+01 3.775111366666666868e+01 1.000000000000000000e+00
4.002288800000000180e+01 3.889358500000000163e+01 3.799255600000000044e+01 1.000000000000000000e+00
5.099330100000000243e+01 4.550809449999999856e+01 4.292682366666667093e+01 1.000000000000000000e+00
4.474425500000000255e+01 4.786877800000000605e+01 4.525348133333333323e+01 0.000000000000000000e+00
4.504057300000000197e+01 4.489241400000000226e+01 4.692604299999999995e+01 1.000000000000000000e+00
5.322557799999999872e+01 4.913307550000000390e+01 4.767013533333332731e+01 1.000000000000000000e+00
5.682751100000000122e+01 5.502654449999999997e+01 5.169788733333333397e+01 1.000000000000000000e+00
5.389723599999999948e+01 5.536237350000000390e+01 5.465010833333332840e+01 0.000000000000000000e+00
5.264611099999999766e+01 5.327167349999999857e+01 5.445695266666666612e+01 0.000000000000000000e+00
4.687117400000000345e+01 4.975864250000000055e+01 5.113817366666666686e+01 0.000000000000000000e+00
4.490887500000000188e+01 4.589002450000000266e+01 4.814205333333333670e+01 0.000000000000000000e+00
4.546860099999999960e+01 4.518873800000000074e+01 4.574954999999999927e+01 1.000000000000000000e+00
4.835277200000000164e+01 4.691068649999999707e+01 4.624341600000000341e+01 1.000000000000000000e+00
4.916270399999999796e+01 4.875773800000000335e+01 4.766135899999999737e+01 1.000000000000000000e+00
4.545541800000000165e+01 4.730906099999999981e+01 4.765696466666667419e+01 0.000000000000000000e+00
4.287415299999999974e+01 4.416478550000000070e+01 4.583075833333333549e+01 0.000000000000000000e+00
4.354580700000000348e+01 4.320998000000000161e+01 4.395845933333333733e+01 1.000000000000000000e+00
5.293584100000000348e+01 4.824082400000000348e+01 4.645193366666666890e+01 1.000000000000000000e+00
5.431208399999999870e+01 5.362396250000000464e+01 5.026457733333333522e+01 1.000000000000000000e+00
5.539858600000000166e+01 5.485533499999999663e+01 5.421550366666667031e+01 1.000000000000000000e+00
5.205346699999999771e+01 5.372602650000000324e+01 5.392137900000000172e+01 0.000000000000000000e+00
5.522079500000000252e+01 5.363713099999999656e+01 5.422428266666667440e+01 1.000000000000000000e+00
5.950755300000000148e+01 5.736417400000000555e+01 5.559393833333333390e+01 1.000000000000000000e+00
5.710406900000000263e+01 5.830581100000000561e+01 5.727747233333334265e+01 0.000000000000000000e+00
5.285682700000000267e+01 5.498044800000000265e+01 5.648948300000000700e+01 0.000000000000000000e+00
5.340335799999999722e+01 5.313009250000000350e+01 5.445475133333334128e+01 1.000000000000000000e+00
4.272269099999999753e+01 4.806302449999999737e+01 4.966095866666666581e+01 0.000000000000000000e+00
4.430965400000000187e+01 4.351617249999999615e+01 4.681190099999999887e+01 1.000000000000000000e+00
4.510642200000000201e+01 4.470803800000000194e+01 4.404625566666666714e+01 1.000000000000000000e+00
5.325849199999999684e+01 4.918245699999999943e+01 4.755818933333333121e+01 1.000000000000000000e+00
5.835519800000000146e+01 5.580684499999999559e+01 5.224003733333333344e+01 1.000000000000000000e+00
5.751232100000000003e+01 5.793375950000000074e+01 5.637533700000000181e+01 0.000000000000000000e+00
5.459523000000000081e+01 5.605377550000000042e+01 5.682091633333333647e+01 0.000000000000000000e+00
5.268562699999999666e+01 5.364042849999999873e+01 5.493105933333333724e+01 0.000000000000000000e+00
3.986486099999999766e+01 4.627524400000000071e+01 4.904857266666666504e+01 0.000000000000000000e+00
2.301414899999999975e+01 3.143950499999999693e+01 3.852154566666666824e+01 0.000000000000000000e+00
2.293513499999999894e+01 2.297464199999999934e+01 2.860471499999999878e+01 0.000000000000000000e+00
2.111770999999999887e+01 2.202642249999999891e+01 2.235566466666666585e+01 0.000000000000000000e+00
2.194081699999999913e+01 2.152926349999999900e+01 2.199788733333333468e+01 1.000000000000000000e+00
1.930028000000000077e+01 2.062054849999999817e+01 2.078626900000000077e+01 0.000000000000000000e+00
1.879982899999999901e+01 1.905005450000000167e+01 2.001364200000000082e+01 0.000000000000000000e+00
2.342900099999999952e+01 2.111441500000000104e+01 2.050970333333333429e+01 1.000000000000000000e+00
2.572053700000000021e+01 2.457476899999999986e+01 2.264978899999999840e+01 1.000000000000000000e+00
2.399530199999999880e+01 2.485791950000000128e+01 2.438161333333333403e+01 0.000000000000000000e+00
2.666875999999999891e+01 2.533203100000000063e+01 2.546153300000000286e+01 1.000000000000000000e+00
2.268490800000000007e+01 2.467683399999999949e+01 2.444965666666666948e+01 0.000000000000000000e+00
2.809109099999999870e+01 2.538799949999999939e+01 2.581491966666666826e+01 1.000000000000000000e+00
2.770258499999999913e+01 2.789683799999999891e+01 2.615952799999999812e+01 0.000000000000000000e+00
2.682680099999999968e+01 2.726469300000000118e+01 2.754015899999999917e+01 0.000000000000000000e+00
2.665559000000000012e+01 2.674119549999999990e+01 2.706165866666666986e+01 0.000000000000000000e+00
2.981633400000000123e+01 2.823596200000000067e+01 2.776624166666666937e+01 1.000000000000000000e+00
3.155473299999999881e+01 3.068553349999999824e+01 2.934221900000000005e+01 1.000000000000000000e+00
3.084357500000000130e+01 3.119915400000000005e+01 3.073821399999999926e+01 0.000000000000000000e+00
3.276635699999999929e+01 3.180496600000000029e+01 3.172155499999999861e+01 1.000000000000000000e+00
2.511472699999999847e+01 2.894054200000000066e+01 2.957488633333333539e+01 0.000000000000000000e+00
2.737334099999999992e+01 2.624403399999999920e+01 2.841814166666666708e+01 1.000000000000000000e+00
3.178521500000000088e+01 2.957927800000000218e+01 2.809109433333333072e+01 1.000000000000000000e+00
2.474597500000000139e+01 2.826559500000000114e+01 2.796817700000000073e+01 0.000000000000000000e+00
2.805158399999999830e+01 2.639877949999999984e+01 2.819425800000000137e+01 1.000000000000000000e+00
3.056700899999999876e+01 2.930929649999999853e+01 2.778818933333333163e+01 1.000000000000000000e+00
3.434673300000000040e+01 3.245687099999999958e+01 3.098844200000000271e+01 1.000000000000000000e+00
3.764575599999999866e+01 3.599624450000000309e+01 3.418649933333333024e+01 1.000000000000000000e+00
4.511300700000000319e+01 4.137938150000000093e+01 3.903516533333333882e+01 1.000000000000000000e+00
4.678556799999999782e+01 4.594928749999999695e+01 4.318144366666666656e+01 1.000000000000000000e+00
4.835277200000000164e+01 4.756916999999999973e+01 4.675044900000000325e+01 1.000000000000000000e+00
5.097355699999999956e+01 4.966316450000000060e+01 4.870396566666666871e+01 1.000000000000000000e+00
4.868200300000000169e+01 4.982778000000000418e+01 4.933611066666666289e+01 0.000000000000000000e+00
4.777989199999999670e+01 4.823094749999999920e+01 4.914515066666666598e+01 0.000000000000000000e+00
5.095378500000000344e+01 4.936683850000000007e+01 4.913856000000000535e+01 1.000000000000000000e+00
4.024020000000000152e+01 4.559699249999999893e+01 4.632462566666666959e+01 0.000000000000000000e+00
3.038921900000000065e+01 3.531470949999999931e+01 4.052773466666666735e+01 0.000000000000000000e+00
3.818571500000000185e+01 3.428746699999999947e+01 3.627171133333333586e+01 1.000000000000000000e+00
3.596003000000000327e+01 3.707287250000000256e+01 3.484498800000000074e+01 0.000000000000000000e+00
3.202885100000000307e+01 3.399444050000000317e+01 3.539153200000000510e+01 0.000000000000000000e+00
3.235150500000000306e+01 3.219017800000000307e+01 3.344679533333333410e+01 1.000000000000000000e+00
3.310877200000000187e+01 3.273013850000000247e+01 3.249637600000000504e+01 1.000000000000000000e+00
2.761698000000000164e+01 3.036287599999999998e+01 3.102575233333333315e+01 0.000000000000000000e+00
2.904590200000000166e+01 2.833144100000000165e+01 2.992388466666666602e+01 1.000000000000000000e+00
2.747870299999999943e+01 2.826230250000000055e+01 2.804719500000000210e+01 0.000000000000000000e+00
2.706384800000000013e+01 2.727127550000000156e+01 2.786281766666666826e+01 0.000000000000000000e+00
3.050115999999999872e+01 2.878250399999999942e+01 2.834790366666666728e+01 1.000000000000000000e+00
3.002704599999999857e+01 3.026410299999999864e+01 2.919735133333333010e+01 0.000000000000000000e+00
2.978340299999999985e+01 2.990522449999999921e+01 3.010386966666666808e+01 0.000000000000000000e+00
2.763674200000000170e+01 2.871007250000000255e+01 2.914906366666666671e+01 0.000000000000000000e+00
2.841375499999999832e+01 2.802524850000000001e+01 2.861129999999999995e+01 1.000000000000000000e+00
2.689923100000000034e+01 2.765649299999999755e+01 2.764990933333332990e+01 0.000000000000000000e+00
2.944757800000000003e+01 2.817340450000000018e+01 2.825352133333332816e+01 1.000000000000000000e+00
2.951342800000000111e+01 2.948050299999999879e+01 2.862007900000000049e+01 0.000000000000000000e+00
3.056042499999999862e+01 3.003692649999999986e+01 2.984047699999999637e+01 1.000000000000000000e+00
2.988876700000000142e+01 3.022459599999999824e+01 2.998753999999999920e+01 0.000000000000000000e+00
2.994802999999999926e+01 2.991839850000000212e+01 3.013240733333333310e+01 0.000000000000000000e+00
3.037604699999999980e+01 3.016203850000000131e+01 3.007094800000000134e+01 1.000000000000000000e+00
3.123207899999999881e+01 3.080406299999999931e+01 3.051871866666666833e+01 1.000000000000000000e+00
3.061310999999999893e+01 3.092259449999999887e+01 3.074041200000000273e+01 0.000000000000000000e+00
3.233175700000000319e+01 3.147243350000000106e+01 3.139231533333333246e+01 1.000000000000000000e+00
3.825155999999999779e+01 3.529165849999999693e+01 3.373214233333333567e+01 1.000000000000000000e+00
3.750747299999999740e+01 3.787951649999999404e+01 3.603026333333333042e+01 0.000000000000000000e+00
3.638803899999999913e+01 3.694775599999999827e+01 3.738235733333332433e+01 0.000000000000000000e+00
3.729676099999999650e+01 3.684239999999999782e+01 3.706409099999999768e+01 1.000000000000000000e+00
4.166911300000000296e+01 3.948293699999999973e+01 3.845130433333333286e+01 1.000000000000000000e+00
4.281488399999999928e+01 4.224199850000000112e+01 4.059358599999999484e+01 1.000000000000000000e+00
4.602829700000000201e+01 4.442159050000000065e+01 4.350409799999999905e+01 1.000000000000000000e+00
4.643656899999999865e+01 4.623243300000000033e+01 4.509325000000000472e+01 1.000000000000000000e+00
4.902441799999999716e+01 4.773049349999999436e+01 4.716309466666666594e+01 1.000000000000000000e+00
4.528421399999999863e+01 4.715431599999999435e+01 4.691506699999999341e+01 0.000000000000000000e+00
4.552785500000000241e+01 4.540603450000000407e+01 4.661216233333332326e+01 1.000000000000000000e+00
4.284122500000000144e+01 4.418453999999999837e+01 4.455109800000000320e+01 0.000000000000000000e+00
3.487351600000000218e+01 3.885737050000000181e+01 4.108086533333332824e+01 0.000000000000000000e+00
3.753381000000000256e+01 3.620366300000000592e+01 3.841618366666666873e+01 1.000000000000000000e+00
3.692141300000000115e+01 3.722761150000000185e+01 3.644291300000000433e+01 0.000000000000000000e+00
3.818571500000000185e+01 3.755356400000000150e+01 3.754697933333333282e+01 1.000000000000000000e+00
4.116207899999999853e+01 3.967389699999999664e+01 3.875640233333333384e+01 1.000000000000000000e+00
4.186666100000000057e+01 4.151436999999999955e+01 4.040481833333333128e+01 1.000000000000000000e+00
4.520301400000000314e+01 4.353483750000000185e+01 4.274391800000000075e+01 1.000000000000000000e+00
4.256188199999999711e+01 4.388244799999999657e+01 4.321051899999999790e+01 0.000000000000000000e+00
4.073949799999999755e+01 4.165068999999999733e+01 4.283479799999999926e+01 0.000000000000000000e+00
3.839549300000000187e+01 3.956749549999999971e+01 4.056562433333333217e+01 0.000000000000000000e+00
3.697588300000000316e+01 3.768568799999999896e+01 3.870362466666666279e+01 0.000000000000000000e+00
3.446824600000000061e+01 3.572206450000000189e+01 3.661320733333332811e+01 0.000000000000000000e+00
3.483252699999999891e+01 3.465038649999999620e+01 3.542555200000000326e+01 1.000000000000000000e+00
3.415032200000000273e+01 3.449142450000000082e+01 3.448369833333332934e+01 0.000000000000000000e+00
3.056705099999999931e+01 3.235868650000000457e+01 3.318330000000000268e+01 0.000000000000000000e+00
2.881847199999999987e+01 2.969276149999999959e+01 3.117861500000000419e+01 0.000000000000000000e+00
2.839457499999999968e+01 2.860652350000000155e+01 2.926003266666666391e+01 0.000000000000000000e+00
2.914238399999999984e+01 2.876847949999999798e+01 2.878514366666667001e+01 1.000000000000000000e+00
3.215435800000000199e+01 3.064837100000000092e+01 2.989710566666666480e+01 1.000000000000000000e+00
3.083786800000000028e+01 3.149611300000000114e+01 3.071153666666667092e+01 0.000000000000000000e+00
3.000674400000000119e+01 3.042230599999999896e+01 3.099965666666666664e+01 0.000000000000000000e+00
3.180196199999999962e+01 3.090435300000000041e+01 3.088219133333333488e+01 1.000000000000000000e+00
3.266632500000000050e+01 3.223414350000000184e+01 3.149167699999999925e+01 1.000000000000000000e+00
3.367876799999999804e+01 3.317254649999999572e+01 3.271568500000000057e+01 1.000000000000000000e+00
3.696857099999999718e+01 3.532366949999999406e+01 3.443788799999999384e+01 1.000000000000000000e+00
4.292758200000000102e+01 3.994807649999999910e+01 3.785830699999999638e+01 1.000000000000000000e+00
4.349041400000000124e+01 4.320899800000000113e+01 4.112885566666666648e+01 1.000000000000000000e+00
4.222525799999999663e+01 4.285783599999999893e+01 4.288108466666667340e+01 0.000000000000000000e+00
4.035096399999999761e+01 4.128811100000000067e+01 4.202221199999999612e+01 0.000000000000000000e+00
4.015212199999999854e+01 4.025154299999999807e+01 4.090944799999999759e+01 0.000000000000000000e+00
3.985007099999999980e+01 4.000109650000000272e+01 4.011771900000000102e+01 0.000000000000000000e+00
3.701753999999999678e+01 3.843380549999999829e+01 3.900657766666666504e+01 0.000000000000000000e+00
3.669360400000000055e+01 3.685557199999999511e+01 3.785373833333333238e+01 0.000000000000000000e+00
2.551925100000000057e+01 3.110642750000000234e+01 3.307679833333332908e+01 0.000000000000000000e+00
3.275889200000000301e+01 2.913907150000000001e+01 3.165724900000000375e+01 1.000000000000000000e+00
3.556034499999999809e+01 3.415961850000000055e+01 3.127949599999999819e+01 1.000000000000000000e+00
3.052052899999999980e+01 3.304043699999999717e+01 3.294658866666666341e+01 0.000000000000000000e+00
2.886972000000000094e+01 2.969512449999999859e+01 3.165019799999999961e+01 0.000000000000000000e+00
3.090227700000000155e+01 2.988599849999999947e+01 3.009750866666666624e+01 1.000000000000000000e+00
3.140038900000000055e+01 3.115133300000000105e+01 3.039079533333333316e+01 1.000000000000000000e+00
2.578445400000000021e+01 2.859242150000000038e+01 2.936237333333333410e+01 0.000000000000000000e+00
2.727379799999999932e+01 2.652912599999999799e+01 2.815288033333333217e+01 1.000000000000000000e+00
3.546477500000000305e+01 3.136928650000000118e+01 2.950767566666666752e+01 1.000000000000000000e+00
3.397193500000000199e+01 3.471835500000000252e+01 3.223683600000000382e+01 0.000000000000000000e+00
3.260341600000000284e+01 3.328767550000000597e+01 3.401337533333333596e+01 0.000000000000000000e+00
3.413340399999999875e+01 3.336840999999999724e+01 3.356958500000000356e+01 1.000000000000000000e+00
3.254419299999999993e+01 3.333879849999999578e+01 3.309367100000000050e+01 0.000000000000000000e+00
