1989-11-01,11.812500,12.562500,11.062500,11.718750,1.705941,41890800
1989-12-01,11.750000,11.750000,10.343750,11.562500,1.727297,31175600
1990-01-01,11.500000,11.812500,10.125000,10.500000,1.568572,29362000
1990-02-01,10.562500,11.281250,10.187500,11.125000,1.661940,23070800
1990-03-01,11.031250,11.625000,9.468750,9.687500,1.494755,44566800
1990-04-01,9.625000,9.687500,8.468750,9.500000,1.465824,26170000
1990-05-01,9.500000,10.062500,9.187500,9.687500,1.494755,31929600
1990-06-01,9.750000,11.062500,9.125000,9.375000,1.502059,29720000
1990-07-01,9.375000,9.625000,8.406250,8.968750,1.436970,24861600
1990-08-01,8.906250,8.906250,7.500000,8.156250,1.306791,21148000
1990-09-01,8.218750,8.281250,4.500000,5.343750,0.894256,33396000
1990-10-01,5.500000,5.625000,4.218750,4.312500,0.721680,48433200
1990-11-01,4.343750,6.500000,4.312500,6.000000,1.004077,59247600
1990-12-01,5.968750,6.875000,5.625000,5.718750,0.957011,38002000
1991-01-01,5.750000,7.281250,5.375000,7.031250,1.253982,24684000
1991-02-01,7.062500,8.343750,6.906250,7.312500,1.304141,27748000
1991-03-01,7.343750,8.875000,7.218750,8.656250,1.543790,39592000
1991-04-01,8.593750,10.093750,8.562500,9.218750,1.728320,21466000
1991-05-01,9.187500,10.656250,8.812500,10.531250,1.974387,43013200
1991-06-01,10.406250,10.687500,8.875000,8.937500,1.675591,22597200
1991-07-01,9.000000,9.687500,8.468750,8.687500,1.688028,50280400
1991-08-01,8.687500,9.937500,8.625000,9.656250,1.876262,53550800
1991-09-01,9.656250,9.687500,8.812500,8.906250,1.797897,20295600
1991-10-01,8.906250,9.593750,8.250000,9.343750,1.886215,44764800
1991-11-01,9.343750,9.781250,8.468750,8.593750,1.734814,30668000
1991-12-01,8.500000,10.250000,8.406250,10.156250,2.050233,34679600
1992-01-01,10.093750,11.625000,9.906250,10.968750,2.313875,55056400
1992-02-01,10.843750,12.031250,10.812500,11.875000,2.505050,45323200
1992-03-01,11.718750,12.000000,10.968750,11.375000,2.399574,44088800
1992-04-01,11.187500,12.468750,10.781250,11.937500,2.599220,44208000
1992-05-01,11.875000,12.437500,11.500000,11.625000,2.531178,32222400
1992-06-01,11.531250,11.906250,11.062500,11.906250,2.592415,47566400
1992-07-01,11.937500,12.500000,10.937500,11.500000,2.586277,45088000
1992-08-01,11.468750,11.843750,10.687500,10.718750,2.410579,102938800
1992-09-01,10.687500,11.281250,10.593750,11.093750,2.581247,51326400
1992-10-01,11.062500,11.812500,10.406250,11.562500,2.690314,37852800
1992-11-01,11.531250,12.750000,11.531250,12.593750,2.930260,36338000
1992-12-01,12.593750,13.343750,12.375000,12.843750,3.086212,197306000
1993-01-01,12.906250,13.625000,12.375000,13.437500,3.228881,39634000
1993-02-01,13.406250,14.062500,12.375000,13.375000,3.213862,36221200
1993-03-01,13.250000,14.500000,13.250000,13.656250,3.281444,41526400
1993-04-01,13.656250,14.468750,11.562500,12.406250,3.072986,62078800
1993-05-01,12.375000,12.812500,11.250000,11.781250,2.918176,66038800
1993-06-01,11.750000,12.531250,11.312500,12.406250,3.178383,61176800
1993-07-01,12.375000,13.093750,12.062500,12.593750,3.226419,43714400
1993-08-01,12.531250,13.406250,12.500000,12.875000,3.298472,45858400
1993-09-01,12.812500,13.281250,12.156250,12.875000,3.410263,65716800
1993-10-01,12.875000,13.312500,11.500000,11.656250,3.087446,73272400
1993-11-01,11.656250,12.000000,11.125000,11.781250,3.120556,92148800
1993-12-01,11.843750,12.531250,11.656250,12.250000,3.364339,47354000
1994-01-01,12.218750,12.718750,11.937500,12.687500,3.484492,57266400
1994-02-01,12.625000,12.687500,11.843750,12.218750,3.355754,43970000
1994-03-01,12.156250,12.187500,11.093750,11.437500,3.264403,76752800
1994-04-01,11.187500,13.343750,11.125000,13.062500,3.728198,97227600
1994-05-01,13.250000,14.000000,12.812500,13.843750,3.951177,62238400
1994-06-01,13.812500,14.343750,12.687500,12.843750,3.790879,54066000
1994-07-01,12.812500,13.968750,12.812500,13.937500,4.113704,34476400
1994-08-01,13.937500,14.000000,13.593750,13.937500,4.113704,51088000
1994-09-01,13.875000,13.906250,11.781250,12.250000,3.740484,77440000
1994-10-01,12.250000,12.687500,11.625000,12.375000,3.778653,64630000
1994-11-01,12.343750,12.500000,10.906250,11.218750,3.425597,68194800
1994-12-01,11.218750,11.781250,10.843750,11.281250,3.602154,72864400
1995-01-01,11.281250,12.218750,11.156250,11.656250,3.721892,59385200
1995-02-01,11.687500,12.906250,11.500000,12.468750,3.981327,51532000
1995-03-01,12.500000,12.937500,12.093750,12.687500,4.216953,66351200
1995-04-01,12.687500,13.281250,12.406250,12.500000,4.154632,62359600
1995-05-01,12.500000,14.187500,12.406250,14.156250,4.705121,57930400
1995-06-01,14.093750,14.437500,13.375000,13.406250,4.839861,63038400
1995-07-01,13.437500,14.375000,13.437500,14.031250,5.065493,46767600
1995-08-01,14.000000,15.593750,13.843750,15.343750,5.539330,59695600
1995-09-01,15.250000,17.218750,15.031250,16.812500,6.328872,76944800
1995-10-01,16.812500,18.250000,16.000000,16.437500,6.187706,78438400
1995-11-01,16.468750,18.468750,16.406250,17.875000,6.728834,57288800
1995-12-01,17.937500,18.687500,16.968750,17.406250,6.770936,52530400
1996-01-01,17.343750,17.593750,16.093750,17.468750,6.795243,91330000
1996-02-01,17.500000,19.062500,17.000000,18.437500,7.172084,81660400
1996-03-01,18.625000,20.343750,17.750000,20.031250,8.040768,75536800
1996-04-01,20.218750,20.687500,18.687500,19.968750,8.015686,65572000
1996-05-01,19.875000,20.687500,18.937500,20.281250,8.141124,59375200
1996-06-01,20.187500,21.156250,19.562500,20.656250,8.291654,61731600
1996-07-01,20.687500,21.500000,19.093750,21.500000,8.875479,70578000
1996-08-01,21.468750,23.531250,21.156250,21.281250,8.785172,123847600
1996-09-01,21.000000,21.781250,20.500000,21.718750,8.965777,134464400
1996-10-01,21.843750,23.687500,21.562500,23.562500,10.003183,65729200
1996-11-01,23.593750,26.312500,23.187500,25.906250,10.998196,76538000
1996-12-01,25.843750,25.843750,22.875000,24.437500,10.374653,78013200
1997-01-01,24.500000,27.531250,24.000000,27.031250,11.786971,124540000
1997-02-01,27.000000,31.343750,26.750000,30.000000,13.081504,131017200
1997-03-01,29.687500,32.500000,27.375000,27.750000,12.100382,110858000
1997-04-01,27.500000,30.500000,27.000000,30.187500,13.304315,96128200
1997-05-01,30.187500,31.875000,28.562500,29.437500,12.973773,77847400
1997-06-01,29.687500,35.000000,29.062500,32.281250,14.227081,99737400
1997-07-01,32.500000,35.843750,32.312500,35.593750,15.861819,68115800
1997-08-01,35.468750,35.593750,28.781250,29.875000,13.313342,92224800
1997-09-01,29.625000,32.281250,28.312500,30.937500,13.786833,144554400
1997-10-01,31.312500,33.187500,27.500000,29.906250,13.478684,94930400
1997-11-01,30.875000,31.375000,29.000000,30.031250,13.535028,58662800
1997-12-01,30.125000,32.375000,29.062500,30.406250,13.704045,98633400
1998-01-01,30.500000,31.500000,28.125000,29.937500,13.661079,115439800
1998-02-01,30.625000,34.468750,30.531250,34.250000,15.628964,84141000
1998-03-01,34.250000,37.562500,33.781250,36.468750,16.641413,94336000
1998-04-01,36.468750,42.500000,36.031250,38.000000,17.533459,134567200
1998-05-01,38.250000,39.468750,36.250000,37.750000,17.418102,79622200
1998-06-01,37.562500,39.875000,36.875000,38.343750,17.692074,100962400
1998-07-01,38.500000,44.218750,38.500000,39.875000,18.586151,98487600
1998-08-01,40.187500,40.218750,28.500000,28.750000,13.400669,125600200
1998-09-01,29.000000,30.500000,23.937500,26.750000,12.468452,261433200
1998-10-01,26.000000,29.218750,22.000000,28.750000,13.580565,410016800
1998-11-01,28.718750,33.312500,27.500000,32.593750,15.396235,189343800
1998-12-01,32.406250,32.906250,27.500000,30.062500,14.200549,195069600
1999-01-01,29.875000,35.468750,29.750000,33.437500,16.016338,221660600
1999-02-01,33.312500,33.812500,29.781250,32.656250,15.642129,155783200
1999-03-01,32.656250,37.250000,32.500000,35.312500,16.914452,182440800
1999-04-01,35.250000,38.062500,34.406250,35.781250,17.369715,150540600
1999-05-01,35.593750,36.437500,30.750000,32.343750,15.701017,147007400
1999-06-01,32.437500,37.437500,30.937500,36.656250,17.794485,156008600
1999-07-01,36.656250,38.187500,33.187500,33.187500,16.342691,157298800
1999-08-01,33.625000,33.781250,29.531250,30.250000,14.896167,171248400
1999-09-01,30.187500,31.531250,26.625000,27.843750,13.711240,203572000
1999-10-01,27.781250,32.843750,24.031250,32.218750,16.105228,230882400
1999-11-01,32.250000,33.750000,28.156250,29.304649,14.648547,193441200
1999-12-01,28.562500,29.500000,23.812500,25.093750,12.543644,294272800
2000-01-01,25.125000,25.281250,22.250000,24.218750,12.316398,303396200
2000-02-01,24.062500,24.500000,21.500000,23.000000,11.696610,253425200
2000-03-01,23.000000,27.593750,21.156250,26.218750,13.333498,294090800
2000-04-01,26.031250,28.281250,24.062500,24.500000,12.736316,214824600
2000-05-01,24.531250,28.062500,23.156250,27.718750,14.409569,237612800
2000-06-01,27.750000,30.500000,21.492149,21.500000,11.383973,267202600
2000-07-01,21.875000,24.562500,21.812500,23.687500,12.542231,178845200
2000-08-01,23.843750,27.500000,23.343750,26.789049,14.184456,204065200
2000-09-01,26.781250,28.812500,25.937500,26.187500,14.143959,175083400
2000-10-01,26.312500,27.375000,20.125000,24.031250,12.979363,242468000
2000-11-01,23.781250,25.687500,19.000000,19.968750,10.785192,281294800
2000-12-01,20.000000,23.625000,18.156250,22.937500,12.740967,290764800
2001-01-01,22.656250,27.969999,22.500000,26.910000,14.947549,295892200
2001-02-01,26.950001,27.475000,22.825001,25.350000,14.081026,215146800
2001-03-01,24.424999,27.379999,23.775000,27.375000,15.544356,312427600
2001-04-01,27.225000,28.745001,24.325001,28.000000,15.899252,264257600
2001-05-01,27.875000,30.000000,26.725000,29.625000,16.821964,227113600
2001-06-01,29.750000,31.090000,28.570000,30.014999,17.369833,241929000
2001-07-01,30.014999,32.349998,27.594999,31.809999,18.408607,222548200
2001-08-01,31.865000,32.770000,29.879999,30.750000,17.795185,209557200
2001-09-01,30.375000,31.395000,25.125000,29.200001,16.898199,279514600
2001-10-01,29.225000,30.680000,26.049999,29.495001,17.383394,332432400
2001-11-01,29.600000,32.494999,29.174999,30.690001,18.087679,213736200
2001-12-01,30.500000,32.080002,30.200001,31.475000,18.550344,170019200
2002-01-01,31.155001,32.169998,29.535000,31.514999,18.938465,260426400
2002-02-01,31.275000,32.369999,28.754999,31.975000,19.214895,256190800
2002-03-01,32.025002,34.805000,32.025002,34.009998,20.830578,243705400
2002-04-01,33.525002,36.500000,33.424999,36.240002,22.196424,267962000
2002-05-01,36.020000,38.544998,35.759998,37.904999,23.216208,236541400
2002-06-01,37.884998,38.125000,33.410000,35.180000,21.547184,289688000
2002-07-01,35.180000,36.349998,27.555000,33.250000,20.698946,370910200
2002-08-01,33.125000,36.044998,30.900000,35.040001,21.813261,255299800
2002-09-01,34.349998,35.000000,30.700001,31.900000,19.858534,259013800
2002-10-01,31.905001,35.599998,26.975000,34.900002,22.121553,399481200
2002-11-01,34.599998,36.000000,33.125000,35.040001,22.210289,218116600
2002-12-01,35.044998,35.650002,33.549999,34.785000,22.048660,196414200
2003-01-01,34.955002,36.250000,34.049999,35.025002,22.618553,226455400
2003-02-01,35.025002,35.255001,33.275002,34.619999,22.357006,210926000
2003-03-01,34.724998,35.250000,32.130001,33.419998,21.582071,257149600
2003-04-01,33.724998,37.404999,33.599998,37.025002,24.368492,243217200
2003-05-01,37.025002,37.625000,36.020000,37.099998,24.417849,216019000
2003-06-01,37.349998,40.000000,37.005001,39.514999,26.007305,265832400
2003-07-01,39.450001,42.450001,39.279999,41.285000,27.639568,245882600
2003-08-01,41.279999,41.279999,38.605000,39.625000,26.528208,197720000
2003-09-01,39.625000,40.000000,37.290001,39.020000,26.123173,276734400
2003-10-01,39.224998,41.375000,36.224998,37.865002,25.871065,438175800
2003-11-01,37.875000,38.485001,36.860001,37.715000,25.768579,276405600
2003-12-01,37.325001,40.264999,37.325001,40.215000,27.476681,258239400
2004-01-01,39.875000,41.474998,38.799999,40.730000,28.422165,286629000
2004-02-01,40.730000,41.424999,40.355000,40.959999,28.582644,173625000
2004-03-01,41.070000,41.500000,39.000000,40.490002,28.254671,293859800
2004-04-01,40.724998,41.090000,39.544998,40.244999,28.639147,273736600
2004-05-01,40.115002,41.674999,38.505001,41.564999,29.578468,248866200
2004-06-01,41.400002,42.840000,41.075001,42.310001,30.108618,231440400
2004-07-01,42.314999,42.855000,41.764999,42.505001,30.841650,194684000
2004-08-01,42.400002,44.990002,41.700001,44.980000,32.637497,198202300
2004-09-01,44.450001,44.810001,43.049999,43.330002,31.440271,173874800
2004-10-01,43.529999,45.689999,42.939999,44.790001,32.828068,190469300
2004-11-01,44.919998,47.470001,44.610001,46.270000,33.912815,175773900
2004-12-01,45.799999,47.220001,45.200001,46.990002,34.440525,169836700
2005-01-01,46.660000,46.950001,44.400002,46.369999,34.319885,205274600
2005-02-01,46.360001,47.090000,45.160000,46.650002,34.527126,145901700
2005-03-01,46.650002,47.200001,43.400002,44.099998,32.639786,234087600
2005-04-01,44.419998,45.799999,43.470001,45.040001,33.657207,208204800
2005-05-01,44.830002,46.799999,44.730000,46.320000,34.613708,160564500
2005-06-01,45.970001,47.439999,45.560001,45.610001,34.083157,214426700
2005-07-01,45.610001,46.049999,43.599998,43.599998,32.900761,332510500
2005-08-01,43.770000,44.150002,42.450001,43.029999,32.470638,265820600
2005-09-01,43.040001,43.689999,41.130001,42.099998,32.141731,282956200
2005-10-01,42.470001,44.090000,41.380001,43.740002,33.393822,275395800
2005-11-01,43.750000,47.150002,43.270000,45.889999,35.035244,264563100
2005-12-01,46.000000,47.250000,45.419998,46.150002,35.614407,243161500
2006-01-01,46.919998,47.240002,43.490002,44.230000,34.132725,310721300
2006-02-01,44.099998,46.049999,42.919998,45.849998,35.382896,265429500
2006-03-01,45.349998,47.139999,44.900002,45.540001,35.143658,290541900
2006-04-01,45.849998,49.980000,45.259998,49.919998,38.948505,260058600
2006-05-01,49.840000,50.500000,47.900002,48.400002,37.762566,325148600
2006-06-01,48.400002,49.480000,45.860001,48.099998,37.917809,309481300
2006-07-01,48.189999,51.900002,47.590000,51.529999,40.621712,241464800
2006-08-01,51.340000,52.750000,50.700001,51.470001,40.574398,248484800
2006-09-01,51.830002,54.000000,50.799999,53.570000,42.687023,231381700
2006-10-01,53.529999,54.869999,52.750000,53.869999,42.926071,240512800
2006-11-01,54.150002,55.080002,53.220001,53.849998,42.910137,217510900
2006-12-01,53.830002,54.049999,51.320000,53.389999,42.987167,285404800
2007-01-01,53.400002,54.180000,51.349998,52.580002,42.334991,307421400
2007-02-01,52.759998,54.209999,49.000000,50.830002,40.925968,270187400
2007-03-01,50.250000,52.150002,48.360001,51.020000,41.536846,380801500
2007-04-01,51.200001,52.200001,50.060001,50.900002,41.439133,321763700
2007-05-01,51.000000,51.900002,50.470001,50.709999,41.284458,320333400
2007-06-01,50.750000,50.990002,48.549999,48.889999,40.242996,396038600
2007-07-01,49.150002,50.200001,46.900002,47.419998,39.032982,524912600
2007-08-01,47.299999,52.779999,46.520000,50.680000,41.716408,831819900
2007-09-01,50.619999,51.930000,48.599998,50.270000,41.378910,430843600
2007-10-01,50.040001,52.959999,46.450001,48.279999,40.245121,536301700
2007-11-01,46.750000,47.000000,41.730000,46.130001,38.452934,770417600
2007-12-01,46.250000,47.000000,40.610001,41.259998,34.393406,590402900
2008-01-01,41.529999,44.500000,33.119999,44.150002,37.336910,1200792800
2008-02-01,44.119999,45.080002,39.540001,39.740002,33.607449,786919400
2008-03-01,39.740002,43.459999,34.250000,37.910000,32.059849,1054992300
2008-04-01,39.259998,41.500000,35.270000,37.540001,32.279659,808565100
2008-05-01,37.660000,40.650002,33.250000,34.009998,29.244301,795643500
2008-06-01,33.840000,33.939999,22.440001,23.870001,20.525194,1417669000
2008-07-01,23.309999,34.500000,18.440001,32.900002,28.844048,2644243500
2008-08-01,33.200001,34.200001,27.719999,31.139999,27.301018,1256310000
2008-09-01,32.730000,39.500000,25.000000,35.000000,30.685162,2328965200
2008-10-01,34.570000,38.500000,18.990000,24.170000,21.614222,2885754700
2008-11-01,23.969999,24.620001,10.010000,16.250000,14.531702,2438921300
2008-12-01,15.590000,18.000000,12.660000,14.080000,12.591159,2275215800
2009-01-01,13.920000,14.810000,5.050000,6.580000,6.018240,4879579500
2009-02-01,6.200000,7.050000,2.530000,3.950000,3.612772,9211714400
2009-03-01,3.610000,8.570000,3.000000,6.820000,6.237750,10208210600
2009-04-01,6.450000,11.580000,6.440000,8.930000,8.190049,11001088500
2009-05-01,8.790000,15.070000,8.550000,11.270000,10.336153,11183198200
2009-06-01,11.410000,13.930000,11.100000,13.200000,12.106229,7715563500
2009-07-01,13.270000,14.790000,11.270000,14.790000,13.576379,6735174000
2009-08-01,15.240000,18.250000,14.820000,17.590000,16.146626,6102172300
2009-09-01,17.700001,18.080000,16.020000,16.920000,15.531599,3743850000
2009-10-01,16.959999,19.100000,14.500000,14.580000,13.391743,4605123600
2009-11-01,14.850000,16.620001,14.120000,15.850000,14.558242,3148442200
2009-12-01,16.040001,16.740000,14.830000,15.060000,13.832627,5124809800
2010-01-01,15.240000,17.190001,14.680000,15.180000,13.951621,4592014200
2010-02-01,15.260000,16.840000,14.250000,16.660000,15.311864,4083459900
2010-03-01,16.740000,18.350000,16.030001,17.850000,16.405554,3801296800
2010-04-01,18.020000,19.860001,17.410000,17.830000,16.397142,4365611500
2010-05-01,17.879999,18.150000,14.800000,15.740000,14.475101,4577665100
2010-06-01,15.580000,16.100000,14.300000,14.370000,13.215198,2981601400
2010-07-01,14.320000,15.720000,13.300000,14.040000,12.920087,3560000600
2010-08-01,14.380000,14.470000,12.180000,12.460000,11.466115,3010148900
2010-09-01,12.640000,14.060000,12.600000,13.100000,12.055068,2967673000
2010-10-01,13.220000,13.660000,11.030000,11.450000,10.545145,5735593000
2010-11-01,11.500000,12.740000,10.910000,10.950000,10.084655,3930562800
2010-12-01,11.170000,13.490000,10.970000,13.340000,12.285782,4011807900
2011-01-01,13.850000,15.310000,13.400000,13.730000,12.656519,4651422300
2011-02-01,13.900000,14.950000,13.790000,14.290000,13.172738,2791930400
2011-03-01,14.320000,14.700000,13.160000,13.330000,12.287795,3277514600
2011-04-01,13.450000,13.880000,12.150000,12.280000,11.328019,2527300900
2011-05-01,12.360000,12.710000,11.290000,11.750000,10.839108,2552522700
2011-06-01,11.710000,11.740000,10.400000,10.960000,10.110350,3728992400
2011-07-01,10.980000,11.140000,9.400000,9.710000,8.964882,3304704200
2011-08-01,10.040000,10.050000,6.010000,8.170000,7.543057,8796781400
2011-09-01,8.180000,8.180000,6.000000,6.120000,5.657335,5435305600
2011-10-01,6.080000,7.430000,5.130000,6.830000,6.313661,5937891600
2011-11-01,6.380000,6.980000,5.030000,5.440000,5.028742,5670137400
2011-12-01,5.370000,5.950000,4.920000,5.560000,5.149809,4971016200
2012-01-01,5.750000,7.500000,5.620000,7.130000,6.603980,6068763900
2012-02-01,7.250000,8.350000,7.210000,7.970000,7.382010,5963971300
2012-03-01,8.090000,10.100000,7.660000,9.570000,8.874900,6820535600
2012-04-01,9.540000,9.780000,7.950000,8.110000,7.520945,4327576600
2012-05-01,8.110000,8.400000,6.720000,7.350000,6.816145,4223024800
2012-06-01,7.120000,8.220000,6.850000,8.180000,7.596069,4061071900
2012-07-01,8.200000,8.210000,6.900000,7.340000,6.816034,2814377800
2012-08-01,7.350000,8.400000,7.100000,7.990000,7.419632,2311106700
2012-09-01,8.000000,9.790000,7.930000,8.830000,8.199670,3169072100
2012-10-01,8.870000,9.650000,8.850000,9.320000,8.665522,2981868800
2012-11-01,9.340000,9.970000,8.920000,9.860000,9.167605,3166055300
2012-12-01,9.930000,11.690000,9.770000,11.610000,10.794711,3505653600
2013-01-01,12.050000,12.200000,11.020000,11.320000,10.535708,3342902200
2013-02-01,11.410000,12.420000,10.980000,11.230000,10.451943,3261268700
2013-03-01,11.130000,12.940000,11.020000,12.180000,11.346320,3198847600
2013-04-01,12.150000,12.540000,11.230000,12.310000,11.467422,2917832000
2013-05-01,12.200000,13.990000,12.050000,13.660000,12.725018,2929147100
2013-06-01,13.690000,13.730000,12.130000,12.860000,11.979777,2590843100
2013-07-01,12.950000,15.030000,12.730000,14.600000,13.610867,2461055900
2013-08-01,14.850000,14.970000,13.980000,14.120000,13.163385,1933732700
2013-09-01,14.300000,14.830000,13.600000,13.800000,12.865065,1715010800
2013-10-01,13.850000,14.720000,13.680000,13.970000,13.032694,2047949700
2013-11-01,14.000000,15.980000,13.800000,15.820000,14.758570,2059558200
2013-12-01,15.840000,15.970000,15.060000,15.570000,14.525339,1661429900
2014-01-01,15.690000,17.420000,15.680000,16.750000,15.636231,2581396100
2014-02-01,16.770000,16.920000,16.129999,16.530001,15.430860,2055235400
2014-03-01,16.299999,18.030001,16.190001,17.200001,16.056309,2337288800
2014-04-01,17.280001,17.400000,14.860000,15.140000,14.141738,2245029800
2014-05-01,15.140000,15.310000,14.370000,15.140000,14.141738,1462446400
2014-06-01,15.160000,15.940000,15.050000,15.370000,14.356575,1256220000
2014-07-01,15.380000,16.230000,15.130000,15.250000,14.253654,1499782500
2014-08-01,15.180000,16.459999,14.840000,16.090000,15.038772,1445234500
2014-09-01,16.139999,17.200001,15.900000,17.049999,15.936049,1789337700
2014-10-01,17.070000,17.410000,15.430000,17.160000,16.088308,2208123000
2014-11-01,17.180000,17.459999,16.830000,17.040001,15.975803,942013300
2014-12-01,16.920000,18.209999,16.590000,17.889999,16.772718,1712060700
2015-01-01,17.990000,18.030001,14.970000,15.150000,14.245369,2202348100
2015-02-01,15.270000,16.790001,15.120000,15.810000,14.865959,1899896200
2015-03-01,15.790000,16.620001,15.260000,15.390000,14.471038,1825985000
2015-04-01,15.420000,16.049999,15.250000,15.930000,15.025633,1462413000
2015-05-01,16.000000,16.850000,15.920000,16.500000,15.563272,1384767600
2015-06-01,16.580000,17.719999,16.469999,17.020000,16.053749,1657598300
2015-07-01,17.250000,18.480000,16.219999,17.879999,16.915512,1904433600
2015-08-01,17.910000,18.070000,14.600000,16.440001,15.553188,2323949800
2015-09-01,15.950000,16.480000,15.250000,15.580000,14.739578,1774722500
2015-10-01,15.520000,17.440001,14.630000,16.780001,15.925959,1847663600
2015-11-01,16.900000,18.090000,16.870001,17.430000,16.542875,1439213600
2015-12-01,17.520000,17.889999,16.500000,16.830000,15.973413,1768999200
2016-01-01,16.450001,16.590000,12.940000,14.140000,13.458109,2647678900
2016-02-01,14.050000,14.090000,10.990000,12.520000,11.916233,3565521600
2016-03-01,12.640000,14.030000,12.620000,13.520000,12.868008,2414500400
2016-04-01,13.470000,15.300000,12.750000,14.560000,13.910587,2018072500
2016-05-01,14.580000,15.150000,13.800000,14.790000,14.130327,1740978300
2016-06-01,14.600000,14.980000,12.050000,13.270000,12.678123,2287844200
2016-07-01,13.190000,14.700000,12.450000,14.490000,13.890668,1700008400
2016-08-01,14.520000,16.240000,14.090000,16.139999,15.472419,1812381600
2016-09-01,16.150000,16.150000,14.810000,15.650000,15.072512,1823989800
2016-10-01,15.590000,17.100000,15.500000,16.500000,15.891146,1720270900
2016-11-01,16.559999,21.190001,16.280001,21.120001,20.340666,3118245500
2016-12-01,21.420000,23.389999,21.020000,23.090000,22.320477,2752975300
2017-01-01,22.600000,23.549999,22.010000,22.639999,21.885473,1916861800
2017-02-01,22.969999,24.950001,22.450001,24.680000,23.857487,1866239100
2017-03-01,25.370001,25.799999,22.160000,23.590000,22.803812,2336311300
2017-04-01,23.650000,24.350000,22.260000,23.340000,22.630919,1824040300
2017-05-01,23.520000,24.309999,22.090000,22.410000,21.729170,1637101600
2017-06-01,22.480000,24.670000,22.070000,24.260000,23.600227,1768208300
2017-07-01,24.459999,25.110001,23.610001,24.120001,23.464035,1385076400
2017-08-01,24.290001,25.350000,23.120001,23.889999,23.240290,1353689700
2017-09-01,23.900000,25.639999,22.750000,25.340000,24.776947,1481992500
2017-10-01,25.459999,27.980000,25.120001,27.389999,26.781395,1380163100
2017-11-01,27.639999,28.719999,25.809999,28.170000,27.544065,1350989400
2017-12-01,28.250000,30.030001,27.500000,29.520000,28.987066,1494582400
2018-01-01,29.750000,32.450001,29.610001,32.000000,31.422297,1412129000
2018-02-01,32.000000,32.849998,29.129999,32.099998,31.520489,1705884000
2018-03-01,32.070000,33.049999,29.010000,29.990000,29.448582,1488464200
2018-04-01,29.799999,31.170000,28.750000,29.920000,29.490091,1471183500
2018-05-01,29.920000,31.360001,28.430000,29.040001,28.622736,1412700900
2018-06-01,29.490000,30.410000,28.010000,28.190001,27.898472,1375968600
2018-07-01,28.080000,31.450001,27.629999,30.879999,30.560650,1313220000
2018-08-01,31.219999,31.910000,30.160000,30.930000,30.610134,1076190800
2018-09-01,30.910000,31.370001,29.420000,29.459999,29.155334,1036676400
