1.568572000000000077e+00 1.647934500000000080e+00 1.667270000000000252e+00 2.936200000000000000e+07 1.000000000000000000e+00
1.661939999999999973e+00 1.615256000000000025e+00 1.652603000000000044e+00 2.307080000000000000e+07 0.000000000000000000e+00
1.494755000000000056e+00 1.578347500000000014e+00 1.575089000000000183e+00 4.456680000000000000e+07 0.000000000000000000e+00
1.465824000000000016e+00 1.480289500000000036e+00 1.540839666666666830e+00 2.617000000000000000e+07 1.000000000000000000e+00
1.494755000000000056e+00 1.480289500000000036e+00 1.485111333333333450e+00 3.192960000000000000e+07 1.000000000000000000e+00
1.502059000000000033e+00 1.498407000000000044e+00 1.487546000000000035e+00 2.972000000000000000e+07 0.000000000000000000e+00
1.436970000000000081e+00 1.469514500000000057e+00 1.477928000000000130e+00 2.486160000000000000e+07 0.000000000000000000e+00
1.306791000000000036e+00 1.371880500000000058e+00 1.415273333333333383e+00 2.114800000000000000e+07 0.000000000000000000e+00
8.942560000000000509e-01 1.100523499999999988e+00 1.212672333333333352e+00 3.339600000000000000e+07 0.000000000000000000e+00
7.216799999999999882e-01 8.079680000000000195e-01 9.742423333333333213e-01 4.843320000000000000e+07 1.000000000000000000e+00
1.004077000000000108e+00 8.628785000000001038e-01 8.733376666666666788e-01 5.924760000000000000e+07 0.000000000000000000e+00
9.570109999999999451e-01 9.805440000000000822e-01 8.942560000000000509e-01 3.800200000000000000e+07 1.000000000000000000e+00
1.253981999999999930e+00 1.105496499999999882e+00 1.071690000000000031e+00 2.468400000000000000e+07 1.000000000000000000e+00
1.304140999999999995e+00 1.279061500000000073e+00 1.171711333333333327e+00 2.774800000000000000e+07 1.000000000000000000e+00
1.543789999999999996e+00 1.423965499999999995e+00 1.367304333333333233e+00 3.959200000000000000e+07 1.000000000000000000e+00
1.728320000000000078e+00 1.636055000000000037e+00 1.525417000000000023e+00 2.146600000000000000e+07 1.000000000000000000e+00
1.974386999999999892e+00 1.851353500000000096e+00 1.748832333333333322e+00 4.301320000000000000e+07 0.000000000000000000e+00
1.675591000000000053e+00 1.824988999999999972e+00 1.792766000000000082e+00 2.259720000000000000e+07 1.000000000000000000e+00
1.688028000000000084e+00 1.681809499999999957e+00 1.779335333333333269e+00 5.028040000000000000e+07 1.000000000000000000e+00
1.876262000000000096e+00 1.782145000000000090e+00 1.746627000000000152e+00 5.355080000000000000e+07 0.000000000000000000e+00
1.797897000000000078e+00 1.837079500000000198e+00 1.787395666666666827e+00 2.029560000000000000e+07 1.000000000000000000e+00
1.886214999999999975e+00 1.842055999999999916e+00 1.853458000000000050e+00 4.476480000000000000e+07 0.000000000000000000e+00
1.734814000000000078e+00 1.810514500000000027e+00 1.806308666666666563e+00 3.066800000000000000e+07 1.000000000000000000e+00
2.050232999999999972e+00 1.892523500000000025e+00 1.890420666666666749e+00 3.467960000000000000e+07 1.000000000000000000e+00
2.313874999999999904e+00 2.182053999999999938e+00 2.032973999999999837e+00 5.505640000000000000e+07 1.000000000000000000e+00
2.505050000000000221e+00 2.409462500000000063e+00 2.289719333333333662e+00 4.532320000000000000e+07 0.000000000000000000e+00
2.399573999999999874e+00 2.452312000000000047e+00 2.406166333333333185e+00 4.408880000000000000e+07 1.000000000000000000e+00
2.599219999999999864e+00 2.499397000000000091e+00 2.501281333333333468e+00 4.420800000000000000e+07 0.000000000000000000e+00
2.531178000000000150e+00 2.565198999999999785e+00 2.509990666666666925e+00 3.222240000000000000e+07 1.000000000000000000e+00
2.592414999999999914e+00 2.561796499999999810e+00 2.574270999999999976e+00 4.756640000000000000e+07 0.000000000000000000e+00
2.586276999999999937e+00 2.589345999999999925e+00 2.569956666666666667e+00 4.508800000000000000e+07 0.000000000000000000e+00
2.410578999999999805e+00 2.498427999999999649e+00 2.529757000000000033e+00 1.029388000000000000e+08 1.000000000000000000e+00
2.581246999999999847e+00 2.495912999999999826e+00 2.526034333333333048e+00 5.132640000000000000e+07 1.000000000000000000e+00
2.690313999999999872e+00 2.635780500000000082e+00 2.560713333333333175e+00 3.785280000000000000e+07 1.000000000000000000e+00
2.930260000000000087e+00 2.810286999999999757e+00 2.733940333333333417e+00 3.633800000000000000e+07 1.000000000000000000e+00
3.086212000000000177e+00 3.008236000000000132e+00 2.902261999999999897e+00 1.973060000000000000e+08 1.000000000000000000e+00
3.228880999999999890e+00 3.157546500000000034e+00 3.081784333333333237e+00 3.963400000000000000e+07 0.000000000000000000e+00
3.213862000000000219e+00 3.221371500000000054e+00 3.176318333333333133e+00 3.622120000000000000e+07 1.000000000000000000e+00
3.281444000000000027e+00 3.247653000000000123e+00 3.241395666666667008e+00 4.152640000000000000e+07 0.000000000000000000e+00
3.072986000000000217e+00 3.177215000000000344e+00 3.189430666666666525e+00 6.207880000000000000e+07 0.000000000000000000e+00
2.918175999999999881e+00 2.995581000000000049e+00 3.090868666666666709e+00 6.603880000000000000e+07 1.000000000000000000e+00
3.178383000000000180e+00 3.048279500000000031e+00 3.056514999999999649e+00 6.117680000000000000e+07 1.000000000000000000e+00
3.226418999999999926e+00 3.202401000000000053e+00 3.107659333333332885e+00 4.371440000000000000e+07 1.000000000000000000e+00
3.298471999999999849e+00 3.262445500000000109e+00 3.234424666666666948e+00 4.585840000000000000e+07 1.000000000000000000e+00
3.410263000000000044e+00 3.354367499999999946e+00 3.311718000000000384e+00 6.571680000000000000e+07 0.000000000000000000e+00
3.087445999999999913e+00 3.248854500000000201e+00 3.265393666666666750e+00 7.327240000000000000e+07 1.000000000000000000e+00
3.120556000000000108e+00 3.104001000000000232e+00 3.206088333333333651e+00 9.214880000000000000e+07 1.000000000000000000e+00
3.364339000000000190e+00 3.242447499999999927e+00 3.190780333333333996e+00 4.735400000000000000e+07 1.000000000000000000e+00
3.484491999999999923e+00 3.424415500000000279e+00 3.323128999999999778e+00 5.726640000000000000e+07 0.000000000000000000e+00
3.355754000000000126e+00 3.420123000000000246e+00 3.401528333333333709e+00 4.397000000000000000e+07 0.000000000000000000e+00
3.264403000000000166e+00 3.310078500000000368e+00 3.368216333333333257e+00 7.675280000000000000e+07 1.000000000000000000e+00
3.728197999999999901e+00 3.496300500000000255e+00 3.449451666666667027e+00 9.722760000000000000e+07 1.000000000000000000e+00
3.951176999999999939e+00 3.839687500000000142e+00 3.647926000000000002e+00 6.223840000000000000e+07 0.000000000000000000e+00
3.790878999999999888e+00 3.871027999999999913e+00 3.823418000000000205e+00 5.406600000000000000e+07 1.000000000000000000e+00
4.113704000000000249e+00 3.952291500000000291e+00 3.951919999999999877e+00 3.447640000000000000e+07 0.000000000000000000e+00
4.113704000000000249e+00 4.113704000000000249e+00 4.006095666666666943e+00 5.108800000000000000e+07 0.000000000000000000e+00
3.740483999999999920e+00 3.927094000000000307e+00 3.989297333333333473e+00 7.744000000000000000e+07 1.000000000000000000e+00
3.778652999999999818e+00 3.759568499999999869e+00 3.877613666666666958e+00 6.463000000000000000e+07 0.000000000000000000e+00
3.425596999999999781e+00 3.602125000000000021e+00 3.648244666666666802e+00 6.819480000000000000e+07 1.000000000000000000e+00
3.602154000000000078e+00 3.513875500000000152e+00 3.602134666666666707e+00 7.286440000000000000e+07 1.000000000000000000e+00
3.721891999999999978e+00 3.662023000000000028e+00 3.583214333333333723e+00 5.938520000000000000e+07 1.000000000000000000e+00
3.981326999999999838e+00 3.851609499999999908e+00 3.768457666666666483e+00 5.153200000000000000e+07 1.000000000000000000e+00
4.216953000000000173e+00 4.099140000000000228e+00 3.973390666666666959e+00 6.635120000000000000e+07 0.000000000000000000e+00
4.154632000000000325e+00 4.185792499999999805e+00 4.117637333333333594e+00 6.235960000000000000e+07 1.000000000000000000e+00
4.705121000000000109e+00 4.429876500000000661e+00 4.358901999999999610e+00 5.793040000000000000e+07 1.000000000000000000e+00
4.839860999999999969e+00 4.772491000000000483e+00 4.566538000000000430e+00 6.303840000000000000e+07 1.000000000000000000e+00
5.065493000000000023e+00 4.952676999999999552e+00 4.870158333333333367e+00 4.676760000000000000e+07 1.000000000000000000e+00
5.539329999999999643e+00 5.302411499999999833e+00 5.148227999999999582e+00 5.969560000000000000e+07 1.000000000000000000e+00
6.328871999999999609e+00 5.934101000000000070e+00 5.644565000000000055e+00 7.694480000000000000e+07 0.000000000000000000e+00
6.187706000000000373e+00 6.258288999999999547e+00 6.018636000000000763e+00 7.843840000000000000e+07 1.000000000000000000e+00
6.728833999999999982e+00 6.458270000000000621e+00 6.415137333333333025e+00 5.728880000000000000e+07 1.000000000000000000e+00
6.770935999999999844e+00 6.749884999999999913e+00 6.562491999999999770e+00 5.253040000000000000e+07 1.000000000000000000e+00
6.795243000000000144e+00 6.783089499999999994e+00 6.765004333333333619e+00 9.133000000000000000e+07 1.000000000000000000e+00
7.172083999999999904e+00 6.983663500000000468e+00 6.912754333333333001e+00 8.166040000000000000e+07 1.000000000000000000e+00
8.040767999999999915e+00 7.606425999999999910e+00 7.336031666666666951e+00 7.553680000000000000e+07 0.000000000000000000e+00
8.015686000000000533e+00 8.028227000000001112e+00 7.742846000000000117e+00 6.557200000000000000e+07 1.000000000000000000e+00
8.141123999999999583e+00 8.078405000000000058e+00 8.065859333333333936e+00 5.937520000000000000e+07 1.000000000000000000e+00
8.291653999999999414e+00 8.216388999999999498e+00 8.149487999999999843e+00 6.173160000000000000e+07 1.000000000000000000e+00
8.875479000000000340e+00 8.583566499999999877e+00 8.436085666666665261e+00 7.057800000000000000e+07 0.000000000000000000e+00
8.785171999999999315e+00 8.830325500000000716e+00 8.650768333333333615e+00 1.238476000000000000e+08 1.000000000000000000e+00
8.965776999999999219e+00 8.875474499999999267e+00 8.875476000000000809e+00 1.344644000000000000e+08 1.000000000000000000e+00
1.000318299999999994e+01 9.484479999999999578e+00 9.251377333333332231e+00 6.572920000000000000e+07 1.000000000000000000e+00
1.099819600000000008e+01 1.050068950000000001e+01 9.989051999999999154e+00 7.653800000000000000e+07 0.000000000000000000e+00
1.037465300000000035e+01 1.068642450000000110e+01 1.045867733333333405e+01 7.801320000000000000e+07 1.000000000000000000e+00
1.178697099999999942e+01 1.108081199999999988e+01 1.105327333333333506e+01 1.245400000000000000e+08 1.000000000000000000e+00
1.308150400000000069e+01 1.243423750000000005e+01 1.174770933333333289e+01 1.310172000000000000e+08 0.000000000000000000e+00
1.210038199999999975e+01 1.259094299999999933e+01 1.232295233333333329e+01 1.108580000000000000e+08 1.000000000000000000e+00
1.330431500000000078e+01 1.270234849999999938e+01 1.282873366666666648e+01 9.612820000000000000e+07 0.000000000000000000e+00
1.297377299999999956e+01 1.313904400000000017e+01 1.279282333333333277e+01 7.784740000000000000e+07 1.000000000000000000e+00
1.422708100000000009e+01 1.360042699999999982e+01 1.350172300000000014e+01 9.973740000000000000e+07 1.000000000000000000e+00
1.586181900000000056e+01 1.504445000000000121e+01 1.435422433333333458e+01 6.811580000000000000e+07 0.000000000000000000e+00
1.331334200000000045e+01 1.458758050000000139e+01 1.446741399999999977e+01 9.222480000000000000e+07 1.000000000000000000e+00
1.378683299999999967e+01 1.355008750000000006e+01 1.432066466666666749e+01 1.445544000000000000e+08 0.000000000000000000e+00
1.347868399999999944e+01 1.363275849999999956e+01 1.352628633333333319e+01 9.493040000000000000e+07 1.000000000000000000e+00
1.353502800000000050e+01 1.350685599999999909e+01 1.360018166666666595e+01 5.866280000000000000e+07 1.000000000000000000e+00
1.370404500000000070e+01 1.361953650000000060e+01 1.357258566666666688e+01 9.863340000000000000e+07 0.000000000000000000e+00
1.366107900000000086e+01 1.368256200000000078e+01 1.363338400000000128e+01 1.154398000000000000e+08 1.000000000000000000e+00
1.562896399999999986e+01 1.464502150000000036e+01 1.433136266666666891e+01 8.414100000000000000e+07 1.000000000000000000e+00
1.664141300000000001e+01 1.613518849999999816e+01 1.531048533333333239e+01 9.433600000000000000e+07 1.000000000000000000e+00
1.753345900000000057e+01 1.708743600000000029e+01 1.660127866666666563e+01 1.345672000000000000e+08 0.000000000000000000e+00
1.741810200000000108e+01 1.747578049999999905e+01 1.719765800000000056e+01 7.962220000000000000e+07 1.000000000000000000e+00
1.769207400000000163e+01 1.755508800000000136e+01 1.754787833333333325e+01 1.009624000000000000e+08 1.000000000000000000e+00
1.858615100000000098e+01 1.813911250000000308e+01 1.789877566666666908e+01 9.848760000000000000e+07 0.000000000000000000e+00
1.340066900000000061e+01 1.599341000000000079e+01 1.655963133333333559e+01 1.256002000000000000e+08 0.000000000000000000e+00
1.246845199999999920e+01 1.293456049999999991e+01 1.481842400000000026e+01 2.614332000000000000e+08 1.000000000000000000e+00
1.358056500000000000e+01 1.302450849999999960e+01 1.314989533333333327e+01 4.100168000000000000e+08 1.000000000000000000e+00
1.539623500000000078e+01 1.448840000000000039e+01 1.381508399999999881e+01 1.893438000000000000e+08 0.000000000000000000e+00
1.420054900000000053e+01 1.479839199999999977e+01 1.439244966666666592e+01 1.950696000000000000e+08 1.000000000000000000e+00
1.601633800000000107e+01 1.510844349999999991e+01 1.520437400000000139e+01 2.216606000000000000e+08 0.000000000000000000e+00
1.564212900000000062e+01 1.582923350000000084e+01 1.528633866666666563e+01 1.557832000000000000e+08 1.000000000000000000e+00
1.691445200000000071e+01 1.627829050000000066e+01 1.619097299999999962e+01 1.824408000000000000e+08 1.000000000000000000e+00
1.736971499999999935e+01 1.714208349999999825e+01 1.664209866666666571e+01 1.505406000000000000e+08 0.000000000000000000e+00
1.570101700000000022e+01 1.653536599999999979e+01 1.666172800000000009e+01 1.470074000000000000e+08 1.000000000000000000e+00
1.779448500000000166e+01 1.674775100000000094e+01 1.695507233333333375e+01 1.560086000000000000e+08 0.000000000000000000e+00
1.634269099999999852e+01 1.706858799999999832e+01 1.661273100000000014e+01 1.572988000000000000e+08 0.000000000000000000e+00
1.489616700000000016e+01 1.561942900000000023e+01 1.634444766666666382e+01 1.712484000000000000e+08 0.000000000000000000e+00
1.371124000000000009e+01 1.430370350000000101e+01 1.498336599999999841e+01 2.035720000000000000e+08 1.000000000000000000e+00
1.610522800000000032e+01 1.490823400000000021e+01 1.490421166666666863e+01 2.308824000000000000e+08 0.000000000000000000e+00
1.464854700000000065e+01 1.537688750000000049e+01 1.482167166666666702e+01 1.934412000000000000e+08 0.000000000000000000e+00
1.254364400000000046e+01 1.359609550000000056e+01 1.443247300000000166e+01 2.942728000000000000e+08 0.000000000000000000e+00
1.231639799999999951e+01 1.243002099999999999e+01 1.316952966666666747e+01 3.033962000000000000e+08 0.000000000000000000e+00
1.169660999999999973e+01 1.200650399999999962e+01 1.218555066666666598e+01 2.534252000000000000e+08 1.000000000000000000e+00
1.333349800000000052e+01 1.251505399999999923e+01 1.244883533333333325e+01 2.940908000000000000e+08 0.000000000000000000e+00
1.273631600000000041e+01 1.303490700000000047e+01 1.258880800000000022e+01 2.148246000000000000e+08 1.000000000000000000e+00
1.440956899999999941e+01 1.357294249999999991e+01 1.349312766666666619e+01 2.376128000000000000e+08 0.000000000000000000e+00
1.138397299999999923e+01 1.289677099999999932e+01 1.284328599999999909e+01 2.672026000000000000e+08 1.000000000000000000e+00
1.254223099999999924e+01 1.196310199999999924e+01 1.277859099999999870e+01 1.788452000000000000e+08 1.000000000000000000e+00
1.418445600000000084e+01 1.336334349999999915e+01 1.270355333333333192e+01 2.040652000000000000e+08 0.000000000000000000e+00
1.414395900000000061e+01 1.416420749999999984e+01 1.362354866666666631e+01 1.750834000000000000e+08 0.000000000000000000e+00
1.297936299999999932e+01 1.356166100000000085e+01 1.376925933333333241e+01 2.424680000000000000e+08 0.000000000000000000e+00
1.078519200000000033e+01 1.188227750000000071e+01 1.263617133333333520e+01 2.812948000000000000e+08 1.000000000000000000e+00
1.274096699999999949e+01 1.176307949999999991e+01 1.216850733333333245e+01 2.907648000000000000e+08 1.000000000000000000e+00
1.494754900000000042e+01 1.384425799999999995e+01 1.282456933333333460e+01 2.958922000000000000e+08 0.000000000000000000e+00
1.408102599999999960e+01 1.451428750000000001e+01 1.392318066666666709e+01 2.151468000000000000e+08 1.000000000000000000e+00
1.554435600000000051e+01 1.481269100000000094e+01 1.485764366666666625e+01 3.124276000000000000e+08 1.000000000000000000e+00
1.589925200000000061e+01 1.572180400000000056e+01 1.517487800000000142e+01 2.642576000000000000e+08 1.000000000000000000e+00
1.682196400000000125e+01 1.636060799999999915e+01 1.608852400000000316e+01 2.271136000000000000e+08 1.000000000000000000e+00
1.736983299999999986e+01 1.709589850000000055e+01 1.669701633333333390e+01 2.419290000000000000e+08 1.000000000000000000e+00
1.840860699999999994e+01 1.788922000000000168e+01 1.753346799999999917e+01 2.225482000000000000e+08 0.000000000000000000e+00
1.779518500000000003e+01 1.810189599999999999e+01 1.785787500000000350e+01 2.095572000000000000e+08 0.000000000000000000e+00
1.689819900000000175e+01 1.734669200000000089e+01 1.770066366666666724e+01 2.795146000000000000e+08 1.000000000000000000e+00
1.738339399999999912e+01 1.714079650000000044e+01 1.735892600000000030e+01 3.324324000000000000e+08 1.000000000000000000e+00
1.808767900000000139e+01 1.773553650000000204e+01 1.745642400000000194e+01 2.137362000000000000e+08 1.000000000000000000e+00
1.855034399999999906e+01 1.831901150000000200e+01 1.800713899999999867e+01 1.700192000000000000e+08 1.000000000000000000e+00
1.893846500000000077e+01 1.874440450000000169e+01 1.852549600000000041e+01 2.604264000000000000e+08 1.000000000000000000e+00
1.921489499999999850e+01 1.907667999999999964e+01 1.890123466666666729e+01 2.561908000000000000e+08 1.000000000000000000e+00
2.083057799999999915e+01 2.002273650000000060e+01 1.966131266666666377e+01 2.437054000000000000e+08 1.000000000000000000e+00
2.219642400000000038e+01 2.151350099999999799e+01 2.074729900000000171e+01 2.679620000000000000e+08 1.000000000000000000e+00
2.321620800000000173e+01 2.270631600000000105e+01 2.208107000000000042e+01 2.365414000000000000e+08 0.000000000000000000e+00
2.154718400000000145e+01 2.238169600000000159e+01 2.231993866666666904e+01 2.896880000000000000e+08 0.000000000000000000e+00
2.069894599999999940e+01 2.112306500000000042e+01 2.182077933333333419e+01 3.709102000000000000e+08 1.000000000000000000e+00
2.181326100000000068e+01 2.125610350000000182e+01 2.135313033333333621e+01 2.552998000000000000e+08 0.000000000000000000e+00
1.985853399999999880e+01 2.083589750000000151e+01 2.079024700000000081e+01 2.590138000000000000e+08 1.000000000000000000e+00
2.212155299999999869e+01 2.099004349999999874e+01 2.126444933333333509e+01 3.994812000000000000e+08 1.000000000000000000e+00
2.221028899999999950e+01 2.216592099999999732e+01 2.139679200000000137e+01 2.181166000000000000e+08 0.000000000000000000e+00
2.204866000000000170e+01 2.212947450000000060e+01 2.212683399999999878e+01 1.964142000000000000e+08 1.000000000000000000e+00
2.261855299999999858e+01 2.233360650000000192e+01 2.229250066666666541e+01 2.264554000000000000e+08 0.000000000000000000e+00
2.235700599999999838e+01 2.248777949999999848e+01 2.234140633333333525e+01 2.109260000000000000e+08 0.000000000000000000e+00
2.158207099999999912e+01 2.196953849999999875e+01 2.218587666666666181e+01 2.571496000000000000e+08 1.000000000000000000e+00
2.436849199999999982e+01 2.297528150000000124e+01 2.276918966666666577e+01 2.432172000000000000e+08 1.000000000000000000e+00
2.441784900000000036e+01 2.439317050000000009e+01 2.345613733333333428e+01 2.160190000000000000e+08 1.000000000000000000e+00
2.600730499999999878e+01 2.521257699999999957e+01 2.493121533333333062e+01 2.658324000000000000e+08 1.000000000000000000e+00
2.763956800000000058e+01 2.682343649999999968e+01 2.602157400000000109e+01 2.458826000000000000e+08 0.000000000000000000e+00
2.652820799999999934e+01 2.708388800000000174e+01 2.672502700000000075e+01 1.977200000000000000e+08 0.000000000000000000e+00
2.612317300000000131e+01 2.632569050000000033e+01 2.676364966666666945e+01 2.767344000000000000e+08 0.000000000000000000e+00
2.587106500000000153e+01 2.599711900000000142e+01 2.617414866666666740e+01 4.381758000000000000e+08 0.000000000000000000e+00
2.576857899999999901e+01 2.581982200000000205e+01 2.592093900000000062e+01 2.764056000000000000e+08 1.000000000000000000e+00
2.747668099999999924e+01 2.662263000000000090e+01 2.637210833333333326e+01 2.582394000000000000e+08 1.000000000000000000e+00
2.842216499999999968e+01 2.794942299999999946e+01 2.722247500000000286e+01 2.866290000000000000e+08 1.000000000000000000e+00
2.858264399999999839e+01 2.850240449999999726e+01 2.816049666666666340e+01 1.736250000000000000e+08 0.000000000000000000e+00
2.825467099999999832e+01 2.841865749999999835e+01 2.841982666666666546e+01 2.938598000000000000e+08 1.000000000000000000e+00
2.863914700000000124e+01 2.844690899999999800e+01 2.849215399999999931e+01 2.737366000000000000e+08 1.000000000000000000e+00
2.957846800000000087e+01 2.910880750000000106e+01 2.882409533333333229e+01 2.488662000000000000e+08 1.000000000000000000e+00
3.010861799999999988e+01 2.984354300000000038e+01 2.944207766666666615e+01 2.314404000000000000e+08 1.000000000000000000e+00
3.084165000000000134e+01 3.047513400000000061e+01 3.017624533333333758e+01 1.946840000000000000e+08 1.000000000000000000e+00
3.263749700000000331e+01 3.173957350000000233e+01 3.119592166666666699e+01 1.982023000000000000e+08 0.000000000000000000e+00
3.144027099999999919e+01 3.203888400000000303e+01 3.163980600000000365e+01 1.738748000000000000e+08 1.000000000000000000e+00
3.282806800000000180e+01 3.213416949999999872e+01 3.230194533333333595e+01 1.904693000000000000e+08 1.000000000000000000e+00
3.391281500000000193e+01 3.337044149999999831e+01 3.272705133333332839e+01 1.757739000000000000e+08 1.000000000000000000e+00
3.444052500000000094e+01 3.417667000000000144e+01 3.372713600000000156e+01 1.698367000000000000e+08 0.000000000000000000e+00
3.431988499999999931e+01 3.438020500000000368e+01 3.422440833333333643e+01 2.052746000000000000e+08 1.000000000000000000e+00
3.452712600000000265e+01 3.442350550000000453e+01 3.442917866666667237e+01 1.459017000000000000e+08 0.000000000000000000e+00
3.263978600000000085e+01 3.358345599999999820e+01 3.382893233333333427e+01 2.340876000000000000e+08 1.000000000000000000e+00
3.365720699999999965e+01 3.314849650000000025e+01 3.360803966666666298e+01 2.082048000000000000e+08 1.000000000000000000e+00
3.461370800000000258e+01 3.413545750000000112e+01 3.363690033333333673e+01 1.605645000000000000e+08 0.000000000000000000e+00
3.408315699999999993e+01 3.434843250000000126e+01 3.411802399999999835e+01 2.144267000000000000e+08 0.000000000000000000e+00
3.290076100000000281e+01 3.349195900000000137e+01 3.386587533333333511e+01 3.325105000000000000e+08 0.000000000000000000e+00
3.247063800000000100e+01 3.268569949999999835e+01 3.315151866666666791e+01 2.658206000000000000e+08 0.000000000000000000e+00
3.214173100000000005e+01 3.230618450000000053e+01 3.250437666666666559e+01 2.829562000000000000e+08 1.000000000000000000e+00
3.339382200000000012e+01 3.276777649999999653e+01 3.266873033333333609e+01 2.753958000000000000e+08 1.000000000000000000e+00
3.503524399999999872e+01 3.421453300000000297e+01 3.352359899999999726e+01 2.645631000000000000e+08 1.000000000000000000e+00
3.561440699999999993e+01 3.532482550000000288e+01 3.468115766666667099e+01 2.431615000000000000e+08 0.000000000000000000e+00
3.413272500000000065e+01 3.487356599999999673e+01 3.492745866666666643e+01 3.107213000000000000e+08 1.000000000000000000e+00
3.538289600000000235e+01 3.475781050000000505e+01 3.504334266666666764e+01 2.654295000000000000e+08 0.000000000000000000e+00
3.514365800000000206e+01 3.526327700000000220e+01 3.488642633333333976e+01 2.905419000000000000e+08 1.000000000000000000e+00
3.894850499999999727e+01 3.704608149999999966e+01 3.649168633333333389e+01 2.600586000000000000e+08 0.000000000000000000e+00
3.776256599999999963e+01 3.835553550000000200e+01 3.728490966666666395e+01 3.251486000000000000e+08 1.000000000000000000e+00
3.791780899999999832e+01 3.784018749999999898e+01 3.820962666666667218e+01 3.094813000000000000e+08 1.000000000000000000e+00
4.062171200000000226e+01 3.926976050000000384e+01 3.876736233333333104e+01 2.414648000000000000e+08 0.000000000000000000e+00
4.057439800000000218e+01 4.059805500000000222e+01 3.970463966666667233e+01 2.484848000000000000e+08 1.000000000000000000e+00
4.268702300000000349e+01 4.163071050000000639e+01 4.129437766666666931e+01 2.313817000000000000e+08 1.000000000000000000e+00
4.292607100000000031e+01 4.280654700000000190e+01 4.206249733333334007e+01 2.405128000000000000e+08 0.000000000000000000e+00
4.291013699999999886e+01 4.291810399999999959e+01 4.284107700000000563e+01 2.175109000000000000e+08 1.000000000000000000e+00
4.298716699999999946e+01 4.294865199999999561e+01 4.294112499999999955e+01 2.854048000000000000e+08 0.000000000000000000e+00
4.233499100000000226e+01 4.266107900000000086e+01 4.274409833333333353e+01 3.074214000000000000e+08 0.000000000000000000e+00
4.092596799999999746e+01 4.163047949999999986e+01 4.208270866666666876e+01 2.701874000000000000e+08 1.000000000000000000e+00
4.153684599999999705e+01 4.123140699999999725e+01 4.159926833333333462e+01 3.808015000000000000e+08 0.000000000000000000e+00
4.143913299999999822e+01 4.148798949999999763e+01 4.130064899999999994e+01 3.217637000000000000e+08 0.000000000000000000e+00
4.128445800000000077e+01 4.136179549999999949e+01 4.142014566666666298e+01 3.203334000000000000e+08 0.000000000000000000e+00
4.024299599999999799e+01 4.076372700000000293e+01 4.098886233333333706e+01 3.960386000000000000e+08 0.000000000000000000e+00
3.903298199999999696e+01 3.963798899999999747e+01 4.018681200000000331e+01 5.249126000000000000e+08 1.000000000000000000e+00
4.171640800000000127e+01 4.037469500000000266e+01 4.033079533333333444e+01 8.318199000000000000e+08 0.000000000000000000e+00
4.137890999999999764e+01 4.154765899999999590e+01 4.070943333333332959e+01 4.308436000000000000e+08 0.000000000000000000e+00
4.024512099999999748e+01 4.081201550000000111e+01 4.111347966666666309e+01 5.363017000000000000e+08 0.000000000000000000e+00
3.845293399999999906e+01 3.934902749999999827e+01 4.002565500000000043e+01 7.704176000000000000e+08 0.000000000000000000e+00
3.439340599999999881e+01 3.642316999999999894e+01 3.769715366666666512e+01 5.904029000000000000e+08 1.000000000000000000e+00
3.733691000000000315e+01 3.586515800000000098e+01 3.672775000000000034e+01 1.200792800000000000e+09 0.000000000000000000e+00
3.360744900000000257e+01 3.547217950000000286e+01 3.511258833333333484e+01 7.869194000000000000e+08 0.000000000000000000e+00
3.205984899999999982e+01 3.283364900000000119e+01 3.433473599999999948e+01 1.054992300000000000e+09 1.000000000000000000e+00
3.227965900000000232e+01 3.216975399999999752e+01 3.264898566666666824e+01 8.085651000000000000e+08 0.000000000000000000e+00
2.924430100000000010e+01 3.076198000000000121e+01 3.119460300000000075e+01 7.956435000000000000e+08 0.000000000000000000e+00
2.052519399999999905e+01 2.488474749999999958e+01 2.734971799999999931e+01 1.417669000000000000e+09 1.000000000000000000e+00
2.884404800000000080e+01 2.468462099999999992e+01 2.620451433333333213e+01 2.644243500000000000e+09 0.000000000000000000e+00
2.730101799999999912e+01 2.807253299999999996e+01 2.555675333333333299e+01 1.256310000000000000e+09 1.000000000000000000e+00
3.068516199999999827e+01 2.899308999999999870e+01 2.894340933333333510e+01 2.328965200000000000e+09 0.000000000000000000e+00
2.161422200000000160e+01 2.614969200000000171e+01 2.653346733333333418e+01 2.885754700000000000e+09 0.000000000000000000e+00
1.453170199999999923e+01 1.807296200000000042e+01 2.227702866666666637e+01 2.438921300000000000e+09 0.000000000000000000e+00
1.259115899999999932e+01 1.356143050000000017e+01 1.624569433333333279e+01 2.275215800000000000e+09 0.000000000000000000e+00
6.018239999999999590e+00 9.304699499999999901e+00 1.104703366666666575e+01 4.879579500000000000e+09 0.000000000000000000e+00
3.612772000000000094e+00 4.815506000000000064e+00 7.407390333333332855e+00 9.211714400000000000e+09 1.000000000000000000e+00
6.237750000000000128e+00 4.925260999999999889e+00 5.289587333333333419e+00 1.020821060000000000e+10 1.000000000000000000e+00
8.190049000000000134e+00 7.213899500000000131e+00 6.013523666666666934e+00 1.100108850000000000e+10 1.000000000000000000e+00
1.033615299999999948e+01 9.263100999999998919e+00 8.254650666666666581e+00 1.118319820000000000e+10 1.000000000000000000e+00
1.210622900000000080e+01 1.122119100000000103e+01 1.021081033333333288e+01 7.715563500000000000e+09 1.000000000000000000e+00
1.357637899999999931e+01 1.284130400000000094e+01 1.200625366666666594e+01 6.735174000000000000e+09 1.000000000000000000e+00
1.614662600000000126e+01 1.486150250000000028e+01 1.394307799999999986e+01 6.102172300000000000e+09 0.000000000000000000e+00
1.553159899999999993e+01 1.583911250000000059e+01 1.508486800000000017e+01 3.743850000000000000e+09 0.000000000000000000e+00
1.339174299999999995e+01 1.446167099999999905e+01 1.502332266666666705e+01 4.605123600000000000e+09 1.000000000000000000e+00
1.455824199999999990e+01 1.397499249999999904e+01 1.449386133333333326e+01 3.148442200000000000e+09 0.000000000000000000e+00
1.383262700000000045e+01 1.419543450000000107e+01 1.392753733333333344e+01 5.124809800000000000e+09 1.000000000000000000e+00
1.395162099999999938e+01 1.389212399999999903e+01 1.411416333333333206e+01 4.592014200000000000e+09 1.000000000000000000e+00
1.531186399999999992e+01 1.463174249999999965e+01 1.436537066666666540e+01 4.083459900000000000e+09 1.000000000000000000e+00
1.640555399999999864e+01 1.585870899999999928e+01 1.522301299999999991e+01 3.801296800000000000e+09 0.000000000000000000e+00
1.639714199999999877e+01 1.640134799999999871e+01 1.603818666666666459e+01 4.365611500000000000e+09 0.000000000000000000e+00
1.447510100000000044e+01 1.543612149999999872e+01 1.575926566666666595e+01 4.577665100000000000e+09 0.000000000000000000e+00
1.321519799999999911e+01 1.384514949999999978e+01 1.469581366666666611e+01 2.981601400000000000e+09 0.000000000000000000e+00
1.292008700000000054e+01 1.306764249999999983e+01 1.353679533333333218e+01 3.560000600000000000e+09 0.000000000000000000e+00
1.146611500000000028e+01 1.219310100000000041e+01 1.253379999999999939e+01 3.010148900000000000e+09 1.000000000000000000e+00
1.205506800000000034e+01 1.176059150000000031e+01 1.214709000000000039e+01 2.967673000000000000e+09 0.000000000000000000e+00
1.054514499999999977e+01 1.130010650000000005e+01 1.135544266666666680e+01 5.735593000000000000e+09 0.000000000000000000e+00
1.008465499999999970e+01 1.031489999999999974e+01 1.089495600000000053e+01 3.930562800000000000e+09 1.000000000000000000e+00
1.228578199999999931e+01 1.118521849999999951e+01 1.097186066666666626e+01 4.011807900000000000e+09 1.000000000000000000e+00
1.265651899999999941e+01 1.247115050000000025e+01 1.167565199999999948e+01 4.651422300000000000e+09 1.000000000000000000e+00
1.317273800000000072e+01 1.291462849999999918e+01 1.270501300000000100e+01 2.791930400000000000e+09 0.000000000000000000e+00
1.228779499999999913e+01 1.273026649999999904e+01 1.270568399999999976e+01 3.277514600000000000e+09 0.000000000000000000e+00
1.132801899999999939e+01 1.180790700000000015e+01 1.226285066666666523e+01 2.527300900000000000e+09 0.000000000000000000e+00
1.083910799999999952e+01 1.108356350000000035e+01 1.148497399999999935e+01 2.552522700000000000e+09 0.000000000000000000e+00
1.011035000000000039e+01 1.047472899999999996e+01 1.075915900000000214e+01 3.728992400000000000e+09 0.000000000000000000e+00
8.964881999999999351e+00 9.537615999999999872e+00 9.971446666666667014e+00 3.304704200000000000e+09 0.000000000000000000e+00
7.543057000000000123e+00 8.253969500000000181e+00 8.872763000000000844e+00 8.796781400000000000e+09 0.000000000000000000e+00
5.657334999999999781e+00 6.600196000000000396e+00 7.388424666666666418e+00 5.435305600000000000e+09 1.000000000000000000e+00
6.313660999999999746e+00 5.985497999999999763e+00 6.504684333333333512e+00 5.937891600000000000e+09 0.000000000000000000e+00
5.028742000000000267e+00 5.671201500000000451e+00 5.666579333333333857e+00 5.670137400000000000e+09 1.000000000000000000e+00
5.149809000000000303e+00 5.089275500000000285e+00 5.497404000000000401e+00 4.971016200000000000e+09 1.000000000000000000e+00
6.603979999999999961e+00 5.876894500000000576e+00 5.594176999999999289e+00 6.068763900000000000e+09 1.000000000000000000e+00
7.382010000000000183e+00 6.992995000000000516e+00 6.378599666666667112e+00 5.963971300000000000e+09 1.000000000000000000e+00
8.874900000000000233e+00 8.128455000000000652e+00 7.620296666666667385e+00 6.820535600000000000e+09 0.000000000000000000e+00
7.520945000000000213e+00 8.197922500000000667e+00 7.925951666666667172e+00 4.327576600000000000e+09 0.000000000000000000e+00
6.816144999999999676e+00 7.168544999999999945e+00 7.737330000000000041e+00 4.223024800000000000e+09 1.000000000000000000e+00
7.596068999999999960e+00 7.206106999999999374e+00 7.311053000000000246e+00 4.061071900000000000e+09 0.000000000000000000e+00
6.816034000000000148e+00 7.206051500000000054e+00 7.076082666666667187e+00 2.814377800000000000e+09 1.000000000000000000e+00
7.419632000000000005e+00 7.117833000000000077e+00 7.277245000000000630e+00 2.311106700000000000e+09 1.000000000000000000e+00
8.199669999999999348e+00 7.809650999999999677e+00 7.478445333333333167e+00 3.169072100000000000e+09 1.000000000000000000e+00
8.665521999999999281e+00 8.432596000000000203e+00 8.094941333333332878e+00 2.981868800000000000e+09 1.000000000000000000e+00
9.167605000000000004e+00 8.916563499999998754e+00 8.677599000000000729e+00 3.166055300000000000e+09 1.000000000000000000e+00
1.079471099999999950e+01 9.981158000000000641e+00 9.542612666666665078e+00 3.505653600000000000e+09 0.000000000000000000e+00
1.053570799999999963e+01 1.066520949999999957e+01 1.016600799999999971e+01 3.342902200000000000e+09 0.000000000000000000e+00
1.045194299999999998e+01 1.049382549999999981e+01 1.059412066666666696e+01 3.261268700000000000e+09 1.000000000000000000e+00
1.134632000000000041e+01 1.089913149999999931e+01 1.077799033333333334e+01 3.198847600000000000e+09 1.000000000000000000e+00
1.146742199999999912e+01 1.140687099999999887e+01 1.108856166666666532e+01 2.917832000000000000e+09 1.000000000000000000e+00
1.272501800000000038e+01 1.209621999999999886e+01 1.184625333333333153e+01 2.929147100000000000e+09 0.000000000000000000e+00
1.197977700000000034e+01 1.235239750000000036e+01 1.205740566666666602e+01 2.590843100000000000e+09 1.000000000000000000e+00
1.361086700000000071e+01 1.279532200000000053e+01 1.277188733333333381e+01 2.461055900000000000e+09 0.000000000000000000e+00
1.316338499999999989e+01 1.338712600000000030e+01 1.291800966666666817e+01 1.933732700000000000e+09 0.000000000000000000e+00
1.286506499999999953e+01 1.301422499999999971e+01 1.321310566666666553e+01 1.715010800000000000e+09 1.000000000000000000e+00
1.303269399999999933e+01 1.294887950000000032e+01 1.302038133333333292e+01 2.047949700000000000e+09 1.000000000000000000e+00
1.475857000000000063e+01 1.389563199999999910e+01 1.355210966666666650e+01 2.059558200000000000e+09 0.000000000000000000e+00
1.452533900000000067e+01 1.464195450000000065e+01 1.410553433333333295e+01 1.661429900000000000e+09 1.000000000000000000e+00
1.563623100000000044e+01 1.508078500000000055e+01 1.497338000000000058e+01 2.581396100000000000e+09 0.000000000000000000e+00
1.543085999999999913e+01 1.553354549999999890e+01 1.519747666666666674e+01 2.055235400000000000e+09 1.000000000000000000e+00
1.605630899999999883e+01 1.574358449999999898e+01 1.570779999999999887e+01 2.337288800000000000e+09 0.000000000000000000e+00
1.414173800000000014e+01 1.509902349999999949e+01 1.520963566666666544e+01 2.245029800000000000e+09 0.000000000000000000e+00
1.414173800000000014e+01 1.414173800000000014e+01 1.477992833333333245e+01 1.462446400000000000e+09 1.000000000000000000e+00
1.435657499999999942e+01 1.424915649999999978e+01 1.421335033333333264e+01 1.256220000000000000e+09 0.000000000000000000e+00
1.425365399999999916e+01 1.430511449999999840e+01 1.425065566666666683e+01 1.499782500000000000e+09 1.000000000000000000e+00
1.503877199999999981e+01 1.464621299999999948e+01 1.454966699999999946e+01 1.445234500000000000e+09 1.000000000000000000e+00
1.593604900000000058e+01 1.548741049999999930e+01 1.507615833333333377e+01 1.789337700000000000e+09 1.000000000000000000e+00
1.608830800000000139e+01 1.601217850000000098e+01 1.568770966666666844e+01 2.208123000000000000e+09 0.000000000000000000e+00
1.597580300000000086e+01 1.603205550000000201e+01 1.600005333333333368e+01 9.420133000000000000e+08 1.000000000000000000e+00
1.677271800000000113e+01 1.637426050000000188e+01 1.627894300000000172e+01 1.712060700000000000e+09 0.000000000000000000e+00
1.424536900000000017e+01 1.550904350000000065e+01 1.566463000000000250e+01 2.202348100000000000e+09 1.000000000000000000e+00
1.486595900000000015e+01 1.455566400000000016e+01 1.529468199999999989e+01 1.899896200000000000e+09 0.000000000000000000e+00
1.447103800000000007e+01 1.466849850000000011e+01 1.452745533333333405e+01 1.825985000000000000e+09 1.000000000000000000e+00
1.502563299999999913e+01 1.474833549999999960e+01 1.478754333333333193e+01 1.462413000000000000e+09 1.000000000000000000e+00
1.556327199999999955e+01 1.529445249999999845e+01 1.501998099999999958e+01 1.384767600000000000e+09 1.000000000000000000e+00
1.605374899999999982e+01 1.580851050000000058e+01 1.554755133333333106e+01 1.657598300000000000e+09 1.000000000000000000e+00
1.691551199999999966e+01 1.648463050000000152e+01 1.617751099999999909e+01 1.904433600000000000e+09 0.000000000000000000e+00
1.555318800000000046e+01 1.623434999999999917e+01 1.617414966666666842e+01 2.323949800000000000e+09 0.000000000000000000e+00
1.473957799999999985e+01 1.514638300000000015e+01 1.573609266666666606e+01 1.774722500000000000e+09 1.000000000000000000e+00
1.592595900000000064e+01 1.533276850000000024e+01 1.540624166666666639e+01 1.847663600000000000e+09 1.000000000000000000e+00
1.654287499999999866e+01 1.623441700000000054e+01 1.573613733333333187e+01 1.439213600000000000e+09 0.000000000000000000e+00
1.597341300000000075e+01 1.625814400000000148e+01 1.614741566666666728e+01 1.768999200000000000e+09 0.000000000000000000e+00
1.345810900000000032e+01 1.471576100000000054e+01 1.532479900000000050e+01 2.647678900000000000e+09 0.000000000000000000e+00
1.191623300000000008e+01 1.268717099999999931e+01 1.378258499999999920e+01 3.565521600000000000e+09 1.000000000000000000e+00
1.286800799999999967e+01 1.239212050000000076e+01 1.274745000000000061e+01 2.414500400000000000e+09 1.000000000000000000e+00
1.391058699999999959e+01 1.338929749999999963e+01 1.289827600000000096e+01 2.018072500000000000e+09 1.000000000000000000e+00
1.413032699999999942e+01 1.402045700000000039e+01 1.363630733333333289e+01 1.740978300000000000e+09 0.000000000000000000e+00
1.267812299999999937e+01 1.340422500000000028e+01 1.357301233333333279e+01 2.287844200000000000e+09 1.000000000000000000e+00
1.389066799999999979e+01 1.328439549999999869e+01 1.356637266666666619e+01 1.700008400000000000e+09 1.000000000000000000e+00
1.547241900000000037e+01 1.468154350000000008e+01 1.401373666666666651e+01 1.812381600000000000e+09 0.000000000000000000e+00
1.507251199999999969e+01 1.527246549999999914e+01 1.481186633333333269e+01 1.823989800000000000e+09 1.000000000000000000e+00
1.589114600000000088e+01 1.548182900000000117e+01 1.547869233333333305e+01 1.720270900000000000e+09 1.000000000000000000e+00
2.034066599999999880e+01 1.811590599999999895e+01 1.710144133333333372e+01 3.118245500000000000e+09 1.000000000000000000e+00
2.232047700000000034e+01 2.133057149999999780e+01 1.951742966666666845e+01 2.752975300000000000e+09 0.000000000000000000e+00
2.188547300000000106e+01 2.210297500000000070e+01 2.151553866666666792e+01 1.916861800000000000e+09 1.000000000000000000e+00
2.385748699999999900e+01 2.287147999999999826e+01 2.268781233333332992e+01 1.866239100000000000e+09 0.000000000000000000e+00
2.280381200000000064e+01 2.333064949999999982e+01 2.284892400000000023e+01 2.336311300000000000e+09 0.000000000000000000e+00
2.263091899999999868e+01 2.271736549999999966e+01 2.309740599999999588e+01 1.824040300000000000e+09 0.000000000000000000e+00
2.172916999999999987e+01 2.218004450000000105e+01 2.238796699999999973e+01 1.637101600000000000e+09 1.000000000000000000e+00
2.360022700000000029e+01 2.266469850000000008e+01 2.265343866666666983e+01 1.768208300000000000e+09 0.000000000000000000e+00
2.346403499999999909e+01 2.353213099999999969e+01 2.293114399999999975e+01 1.385076400000000000e+09 0.000000000000000000e+00
2.324029000000000167e+01 2.335216249999999860e+01 2.343485066666666583e+01 1.353689700000000000e+09 1.000000000000000000e+00
2.477694699999999983e+01 2.400861850000000075e+01 2.382709066666666331e+01 1.481992500000000000e+09 1.000000000000000000e+00
2.678139499999999984e+01 2.577917099999999806e+01 2.493287733333333378e+01 1.380163100000000000e+09 1.000000000000000000e+00
2.754406499999999980e+01 2.716272999999999982e+01 2.636746899999999982e+01 1.350989400000000000e+09 1.000000000000000000e+00
2.898706599999999867e+01 2.826556550000000101e+01 2.777084199999999825e+01 1.494582400000000000e+09 1.000000000000000000e+00
3.142229700000000037e+01 3.020468149999999952e+01 2.931780933333333294e+01 1.412129000000000000e+09 1.000000000000000000e+00
3.152048900000000131e+01 3.147139299999999906e+01 3.064328399999999775e+01 1.705884000000000000e+09 0.000000000000000000e+00
2.944858199999999826e+01 3.048453549999999979e+01 3.079712266666666665e+01 1.488464200000000000e+09 1.000000000000000000e+00
2.949009099999999961e+01 2.946933649999999716e+01 3.015305399999999736e+01 1.471183500000000000e+09 0.000000000000000000e+00
2.862273599999999973e+01 2.905641349999999790e+01 2.918713633333333135e+01 1.412700900000000000e+09 0.000000000000000000e+00
2.789847200000000171e+01 2.826060400000000072e+01 2.867043299999999917e+01 1.375968600000000000e+09 1.000000000000000000e+00
3.056064999999999898e+01 2.922956100000000035e+01 2.902728600000000014e+01 1.313220000000000000e+09 1.000000000000000000e+00
3.061013399999999862e+01 3.058539199999999880e+01 2.968975199999999859e+01 1.076190800000000000e+09 0.000000000000000000e+00
