1989-11-01,18.750000,20.125000,17.750000,20.000000,9.366932,38301000
1989-12-01,20.041666,20.625000,18.791666,19.791666,9.369857,29738600
1990-01-01,19.791666,21.083334,18.875000,19.750000,9.350131,50175400
1990-02-01,19.750000,21.375000,19.750000,21.291666,10.079995,37132800
1990-03-01,21.291666,24.833334,21.041666,23.916666,11.432818,56249400
1990-04-01,23.833334,24.916666,22.833334,23.250000,11.114130,38163000
1990-05-01,23.708334,27.875000,23.708334,27.458334,13.125829,54892200
1990-06-01,27.625000,30.375000,27.333334,29.250000,14.118150,57712000
1990-07-01,29.250000,30.937500,26.625000,28.875000,13.937155,44679800
1990-08-01,28.875000,29.000000,21.187500,24.125000,11.644458,96391000
1990-09-01,24.125000,24.562500,19.250000,20.812500,10.140833,52368200
1990-10-01,21.125000,24.687500,20.812500,22.375000,10.902151,59415600
1990-11-01,22.312500,23.750000,21.000000,22.125000,10.780338,54218400
1990-12-01,22.375000,24.000000,21.875000,22.687500,11.180754,34282400
1991-01-01,22.625000,24.812500,21.562500,24.687500,12.166380,49418000
1991-02-01,24.687500,26.250000,22.500000,24.125000,11.889168,105264400
1991-03-01,24.125000,25.625000,23.375000,23.500000,11.693062,53440800
1991-04-01,23.500000,24.750000,22.562500,22.875000,11.382073,70347000
1991-05-01,22.875000,24.750000,22.687500,24.500000,12.190641,50336200
1991-06-01,24.437500,24.875000,22.500000,22.875000,11.504463,41870600
1991-07-01,22.875000,23.437500,21.312500,23.187500,11.661623,43218200
1991-08-01,23.125000,25.125000,22.062500,24.875000,12.510316,45728600
1991-09-01,24.875000,26.500000,24.125000,25.375000,12.900871,49418600
1991-10-01,25.375000,25.562500,23.812500,24.625000,12.519572,34089600
1991-11-01,24.625000,25.000000,21.625000,22.125000,11.248540,44006800
1991-12-01,22.125000,23.875000,20.625000,23.875000,12.262434,52229600
1992-01-01,23.625000,27.312500,23.312500,25.437500,13.064950,62902800
1992-02-01,25.437500,25.562500,22.500000,23.000000,11.813029,55944200
1992-03-01,23.125000,23.812500,21.687500,21.937500,11.381998,44486200
1992-04-01,21.937500,23.750000,21.375000,22.000000,11.414425,42364200
1992-05-01,22.000000,22.375000,21.312500,21.937500,11.381998,38310600
1992-06-01,21.937500,22.687500,19.312500,19.937500,10.462881,43481600
1992-07-01,20.062500,21.062500,19.250000,20.000000,10.495684,55130600
1992-08-01,20.000000,20.375000,18.375000,18.625000,9.774100,35688400
1992-09-01,18.625000,19.062500,17.062500,18.375000,9.764204,50199800
1992-10-01,18.312500,18.937500,17.375000,18.000000,9.564931,40430200
1992-11-01,18.000000,18.500000,16.562500,17.562500,9.332450,50197600
1992-12-01,17.562500,20.125000,17.000000,20.062500,10.810018,64877800
1993-01-01,20.062500,20.437500,17.000000,17.625000,9.496654,61257200
1993-02-01,17.625000,18.125000,16.687500,17.187500,9.260920,42801200
1993-03-01,17.187500,17.875000,16.687500,17.500000,9.563530,49303600
1993-04-01,17.500000,19.187500,17.125000,19.000000,10.383257,40624000
1993-05-01,19.000000,20.500000,18.750000,19.812500,10.827276,40661600
1993-06-01,19.812500,20.000000,18.375000,18.500000,10.241313,28050400
1993-07-01,18.500000,19.875000,18.125000,19.687500,10.898695,25019400
1993-08-01,19.562500,19.937500,18.937500,19.812500,10.967889,26563200
1993-09-01,19.812500,20.375000,19.187500,19.187500,10.760297,30235200
1993-10-01,19.187500,19.562500,18.250000,18.750000,10.514952,29695200
1993-11-01,18.750000,20.500000,17.687500,19.312500,10.830396,44975800
1993-12-01,19.312500,22.375000,18.812500,21.625000,12.291673,61221400
1994-01-01,21.687500,22.750000,21.125000,21.625000,12.291673,45734000
1994-02-01,21.625000,24.375000,21.062500,23.375000,13.286374,50408400
1994-03-01,23.375000,24.125000,21.625000,22.250000,12.797484,40933400
1994-04-01,22.250000,23.062500,21.625000,22.500000,12.941277,30001600
1994-05-01,22.500000,23.625000,21.562500,23.187500,13.336708,29616000
1994-06-01,23.187500,25.062500,22.875000,23.125000,13.451480,39436800
1994-07-01,23.125000,24.125000,22.312500,22.312500,12.978857,23664000
1994-08-01,22.312500,23.250000,21.812500,22.750000,13.233338,31266400
1994-09-01,22.750000,23.187500,21.250000,21.625000,12.720279,31624200
1994-10-01,21.625000,22.312500,21.312500,21.937500,12.904096,28679400
1994-11-01,21.937500,22.875000,21.562500,22.437500,13.198210,27673800
1994-12-01,22.437500,24.187500,22.375000,23.500000,13.982082,36952600
1995-01-01,23.500000,24.875000,22.187500,22.250000,13.238358,43061400
1995-02-01,22.250000,24.125000,22.187500,23.062500,13.721777,50460200
1995-03-01,23.062500,27.000000,22.750000,26.875000,16.163488,56750000
1995-04-01,26.812500,28.500000,26.312500,27.500000,16.539385,46876400
1995-05-01,27.500000,29.437500,26.875000,29.437500,17.704651,48908000
1995-06-01,29.437500,32.687500,29.000000,31.312500,19.005510,61688400
1995-07-01,31.125000,34.062500,30.187500,33.500000,20.333242,53072400
1995-08-01,33.500000,34.062500,31.125000,32.000000,19.422800,38436200
1995-09-01,32.000000,36.187500,31.937500,34.125000,20.871010,41456800
1995-10-01,34.000000,34.062500,31.000000,32.750000,20.030048,41828200
1995-11-01,32.937500,38.000000,32.937500,36.437500,22.285341,50997000
1995-12-01,36.437500,40.000000,36.187500,39.187500,24.140310,41778800
1996-01-01,39.187500,40.687500,37.687500,38.750000,23.870794,55683800
1996-02-01,38.750000,42.312500,38.625000,40.562500,24.987329,43934200
1996-03-01,40.562500,44.562500,38.125000,43.312500,26.848927,55700400
1996-04-01,43.312500,43.562500,38.437500,41.062500,25.454185,58992200
1996-05-01,40.937500,43.375000,37.062500,42.625000,26.422762,59767800
1996-06-01,42.625000,45.250000,41.312500,43.562500,27.190155,44575600
1996-07-01,44.000000,47.062500,39.937500,44.250000,27.619257,51732400
1996-08-01,44.250000,46.750000,44.187500,45.250000,28.243437,41219200
1996-09-01,45.250000,48.000000,44.812500,47.250000,29.675917,43831000
1996-10-01,47.312500,49.625000,46.687500,47.687500,29.950680,42470800
1996-11-01,47.000000,50.187500,45.125000,49.687500,31.206808,55120000
1996-12-01,49.500000,53.750000,47.000000,53.250000,33.649666,64719200
1997-01-01,52.937500,57.250000,51.500000,53.562500,33.847145,72207000
1997-02-01,53.562500,55.562500,50.562500,50.875000,32.148857,47801000
1997-03-01,50.875000,54.312500,49.312500,49.312500,31.325233,62372600
1997-04-01,49.312500,51.437500,47.000000,49.312500,31.325233,85064400
1997-05-01,49.312500,53.125000,48.375000,52.687500,33.469166,87378400
1997-06-01,52.687500,58.000000,52.250000,53.062500,33.896481,65250200
1997-07-01,53.375000,60.500000,53.375000,58.687500,37.489754,83296700
1997-08-01,58.687500,59.437500,54.187500,54.500000,34.814774,60440900
1997-09-01,55.500000,58.187500,51.312500,54.437500,34.860950,87483000
1997-10-01,54.437500,55.250000,43.000000,48.000000,30.738453,181560400
1997-11-01,48.000000,53.375000,44.562500,53.125000,34.020454,78221100
1997-12-01,53.750000,54.625000,47.375000,48.937500,31.433979,66869900
1998-01-01,48.937500,49.812500,42.812500,47.625000,30.590923,98053200
1998-02-01,48.062500,54.750000,46.062500,54.250000,34.846355,81377500
1998-03-01,54.250000,54.250000,50.187500,52.125000,33.578087,72453700
1998-04-01,52.125000,56.250000,48.375000,50.062500,32.249443,85215900
1998-05-01,51.187500,52.375000,45.250000,47.750000,30.759768,55203100
1998-06-01,47.750000,47.750000,42.125000,44.562500,28.787859,81317800
1998-07-01,45.250000,50.125000,37.937500,38.812500,25.073296,129521000
1998-08-01,38.687500,39.437500,29.000000,30.937500,19.985954,109852900
1998-09-01,32.125000,37.750000,32.125000,34.312500,22.248211,101415400
1998-10-01,34.312500,37.875000,29.500000,37.562500,24.355515,82968400
1998-11-01,37.812500,44.000000,37.812500,40.625000,26.341236,75328100
1998-12-01,40.625000,40.687500,31.000000,32.625000,21.223862,163870500
1999-01-01,32.812500,36.750000,32.562500,34.687500,22.565586,89712800
1999-02-01,34.687500,37.687500,33.750000,35.625000,23.175474,65395500
1999-03-01,35.500000,36.562500,33.500000,34.000000,22.201778,76545200
1999-04-01,34.000000,43.000000,33.500000,40.625000,26.527864,103151200
1999-05-01,40.625000,45.875000,40.000000,42.062500,27.466543,67374400
1999-06-01,42.062500,44.750000,40.812500,44.000000,28.824623,55424500
1999-07-01,44.000000,48.500000,42.250000,45.375000,29.725397,63996400
1999-08-01,45.375000,47.125000,43.625000,45.312500,29.684456,52788200
1999-09-01,45.312500,45.750000,41.062500,42.625000,28.008995,50355600
1999-10-01,42.687500,46.437500,39.125000,46.062500,30.267773,68655600
1999-11-01,44.937500,44.937500,39.812500,40.625000,26.694778,81440000
1999-12-01,40.625000,42.125000,37.062500,41.437500,27.315210,82254300
2000-01-01,41.437500,48.125000,39.750000,44.500000,29.333986,88993300
2000-02-01,44.187500,45.187500,35.875000,36.937500,24.348858,74708700
2000-03-01,36.625000,38.937500,32.000000,37.812500,25.011063,103214900
2000-04-01,37.750000,41.250000,34.062500,39.687500,26.251272,78544600
2000-05-01,39.687500,40.187500,36.250000,39.062500,25.837873,64366700
2000-06-01,39.312500,42.250000,37.687500,41.812500,27.758289,68452600
2000-07-01,41.812500,50.250000,41.437500,48.812500,32.405411,88994200
2000-08-01,48.812500,54.875000,45.312500,53.640598,35.610676,99636200
2000-09-01,53.750000,66.937500,53.750000,64.500000,42.943752,117177500
2000-10-01,61.250000,67.875000,54.000000,67.812500,45.149197,100721600
2000-11-01,67.812500,70.000000,61.937500,69.062500,45.981468,73634500
2000-12-01,68.687500,70.937500,61.437500,66.000000,44.037029,78675100
2001-01-01,65.312500,65.312500,54.560001,58.500000,39.032822,82636600
2001-02-01,58.500000,63.900002,56.040001,62.200001,41.501560,53226700
2001-03-01,61.860001,65.599998,49.700001,55.709999,37.282978,99171000
2001-04-01,55.709999,64.910004,53.919998,61.799999,41.358612,64908300
2001-05-01,62.700001,69.849998,62.330002,62.889999,42.088070,65270400
2001-06-01,62.900002,67.550003,55.400002,55.599998,37.307491,84393900
2001-07-01,56.299999,58.900002,52.549999,58.529999,39.273506,63885800
2001-08-01,58.650002,59.799999,50.169998,51.200001,34.355103,63814400
2001-09-01,49.750000,51.970001,27.600000,33.500000,22.547020,150537400
2001-10-01,33.500000,38.099998,32.049999,32.599998,21.941280,125074600
2001-11-01,32.500000,36.250000,31.580000,35.099998,23.623888,84489300
2001-12-01,35.099998,39.419998,34.029999,38.779999,26.233391,69709300
2002-01-01,38.540001,41.889999,37.650002,40.950001,27.701317,80548400
2002-02-01,41.000000,47.470001,40.500000,45.959999,31.090416,77223700
2002-03-01,46.549999,51.070000,45.250000,48.250000,32.775753,74848200
2002-04-01,48.250000,50.049999,41.000000,44.599998,30.296339,102356900
2002-05-01,44.900002,46.029999,42.459999,42.650002,28.971737,60754000
2002-06-01,43.400002,45.090000,41.450001,45.000000,30.682749,56211000
2002-07-01,44.970001,45.279999,37.099998,41.520000,28.309958,97626200
2002-08-01,41.000000,41.650002,34.099998,37.070000,25.275772,92061100
2002-09-01,36.799999,37.799999,33.200001,34.130001,23.377909,66248400
2002-10-01,34.320000,36.020000,28.530001,29.750000,20.377762,110612900
2002-11-01,29.790001,35.139999,29.559999,34.049999,23.323101,81189500
2002-12-01,34.599998,34.880001,31.250000,32.990002,22.719040,55484500
2003-01-01,33.000000,34.590000,30.200001,31.590000,21.754910,56222600
2003-02-01,30.900000,31.629999,27.240000,27.559999,18.979601,64693900
2003-03-01,27.700001,28.420000,24.730000,25.059999,17.352352,102161300
2003-04-01,25.370001,28.660000,25.200001,27.280001,18.889559,99215500
2003-05-01,27.170000,30.860001,27.000000,30.670000,21.236906,92016400
2003-06-01,31.100000,37.360001,31.000000,34.320000,23.901793,108420900
2003-07-01,34.099998,35.549999,31.160000,33.119999,23.066069,90229500
2003-08-01,32.709999,37.459999,31.000000,37.389999,26.039864,66343600
2003-09-01,37.290001,38.900002,33.660000,34.330002,24.034048,69764000
2003-10-01,34.500000,39.209999,34.400002,38.490002,26.946413,67044700
2003-11-01,38.540001,40.150002,37.610001,38.389999,26.876410,57725000
2003-12-01,37.599998,43.369999,37.599998,42.139999,29.633202,75988600
2004-01-01,42.500000,44.709999,41.470001,41.750000,29.358965,63605500
2004-02-01,41.669998,45.099998,41.599998,43.369999,30.498156,69555100
2004-03-01,43.380001,43.869999,38.040001,41.070000,28.993378,70860900
2004-04-01,41.070000,44.900002,40.310001,42.689999,30.137011,53867200
2004-05-01,43.250000,46.619999,42.290001,45.799999,32.332516,63649200
2004-06-01,45.900002,51.490002,45.509998,51.090000,36.235466,75091100
2004-07-01,50.099998,51.250000,46.400002,50.750000,35.994331,67542700
2004-08-01,50.200001,52.820000,48.270000,52.220001,37.036919,65486800
2004-09-01,52.099998,55.240002,50.500000,51.619999,36.759541,62223000
2004-10-01,51.619999,52.869999,48.099998,49.900002,35.534718,69454500
2004-11-01,50.099998,55.480000,49.650002,53.570000,38.148182,71858700
2004-12-01,53.599998,55.290001,51.619999,51.770000,37.008518,63851600
2005-01-01,51.849998,52.250000,49.520000,50.599998,36.172134,68299400
2005-02-01,50.599998,55.049999,50.220001,54.970001,39.296082,75073700
2005-03-01,54.980000,58.939999,54.259998,58.459999,41.987160,93509800
2005-04-01,58.549999,60.099998,56.220001,59.520000,42.748482,83662100
2005-05-01,59.520000,64.199997,58.619999,63.900002,45.894283,83911100
2005-06-01,63.950001,66.849998,59.700001,66.000000,47.597496,103728600
2005-07-01,65.779999,67.949997,63.450001,66.010002,47.604710,70775300
2005-08-01,66.300003,68.379997,65.599998,67.019997,48.333080,63232300
2005-09-01,66.650002,68.250000,62.009998,67.949997,49.186966,87863000
2005-10-01,67.919998,68.980003,63.700001,64.639999,46.790943,96368300
2005-11-01,65.000000,69.900002,64.199997,68.190002,49.360687,84124100
2005-12-01,68.349998,72.400002,68.320000,70.239998,51.038860,67947300
2006-01-01,70.400002,71.269997,65.900002,68.309998,49.636456,76958400
2006-02-01,70.000000,74.889999,70.000000,72.690002,52.819126,74037100
2006-03-01,72.559998,79.500000,71.900002,77.930000,56.865116,66651200
2006-04-01,78.250000,87.250000,77.500000,83.449997,60.893036,71813900
2006-05-01,83.449997,89.580002,81.209999,83.250000,60.747082,82124900
2006-06-01,83.599998,86.230003,76.400002,81.910004,59.973782,101961400
2006-07-01,81.349998,84.059998,76.889999,77.419998,56.686245,84047900
2006-08-01,77.419998,80.830002,72.900002,74.900002,54.841122,89738100
2006-09-01,75.000000,80.349998,72.129997,78.849998,57.955746,78827000
2006-10-01,79.349998,84.389999,77.769997,79.860001,58.698116,99571700
2006-11-01,80.010002,92.050003,79.110001,88.529999,65.070694,110028000
2006-12-01,89.599998,91.849998,88.349998,88.839996,65.530212,62864400
2007-01-01,88.900002,90.339996,84.599998,89.559998,66.061317,91900700
2007-02-01,89.949997,92.239998,85.239998,87.260002,64.364769,82094900
2007-03-01,86.599998,91.870003,85.910004,88.910004,65.835121,87688500
2007-04-01,88.900002,95.580002,88.080002,93.000000,68.863640,87978700
2007-05-01,93.150002,100.959999,92.379997,100.589996,74.483795,86799000
2007-06-01,101.449997,101.449997,93.580002,96.160004,71.469025,94558300
2007-07-01,96.720001,107.830002,96.269997,103.430000,76.872307,107692500
2007-08-01,103.029999,106.349998,90.080002,96.699997,71.870377,136928600
2007-09-01,96.099998,106.150002,94.019997,104.989998,78.297256,107584100
2007-10-01,105.449997,107.150002,92.000000,98.589996,73.524391,184091500
2007-11-01,98.300003,98.669998,86.750000,92.540001,69.012566,139211300
2007-12-01,92.500000,93.639999,85.550003,87.459999,65.458588,124346500
2008-01-01,87.570000,87.839996,74.120003,83.180000,62.255280,183593300
2008-02-01,83.370003,86.879997,78.709999,82.790001,61.963371,114896600
2008-03-01,79.320000,81.320000,71.589996,74.370003,55.935406,158008800
2008-04-01,75.019997,86.449997,74.040001,84.860001,63.825169,149974300
2008-05-01,84.860001,88.290001,80.550003,82.769997,62.253262,108920400
2008-06-01,82.610001,82.610001,65.550003,65.720001,49.660103,172686900
2008-07-01,64.949997,69.500000,61.009998,61.110001,46.176643,172145400
2008-08-01,61.389999,68.750000,60.770000,65.559998,49.539211,133037900
2008-09-01,67.000000,68.470001,54.200001,57.349998,43.602982,169175700
2008-10-01,56.759998,58.000000,39.990002,52.419998,39.854721,253674300
2008-11-01,51.900002,54.650002,36.169998,42.630001,32.411427,177147000
2008-12-01,41.639999,43.689999,36.279999,42.669998,32.685658,158466000
2009-01-01,42.799999,47.000000,39.509998,42.310001,32.409893,139705400
2009-02-01,41.730000,43.669998,31.400000,31.440001,24.083368,152449700
2009-03-01,30.959999,38.680000,29.049999,35.580002,27.529362,227580100
2009-04-01,34.520000,41.740002,34.209999,40.049999,30.987938,158407900
2009-05-01,40.310001,45.840000,40.090000,44.849998,34.701839,119288100
2009-06-01,45.540001,53.389999,41.090000,42.500000,33.206795,203961900
2009-07-01,42.630001,44.500000,38.919998,42.910000,33.527145,157987100
2009-08-01,43.180000,52.529999,42.509998,49.669998,38.808975,150311700
2009-09-01,49.209999,55.480000,47.759998,54.150002,42.715630,109453100
2009-10-01,53.849998,53.900002,47.180000,47.799999,37.706497,126937300
2009-11-01,47.820000,53.000000,47.330002,52.410000,41.343037,83821900
2009-12-01,52.750000,56.560001,52.750000,54.130001,43.075985,103468100
2010-01-01,55.720001,63.400002,54.799999,60.599998,48.224720,130667600
2010-02-01,60.740002,64.470001,57.139999,63.160000,50.261940,108739500
2010-03-01,63.049999,74.529999,63.000000,72.610001,58.176617,163859800
2010-04-01,73.239998,76.000000,69.879997,72.430000,58.032383,117851900
2010-05-01,72.620003,74.699997,60.610001,64.180000,51.422325,152590100
2010-06-01,64.269997,69.339996,59.840000,62.750000,50.568359,141914900
2010-07-01,62.480000,69.750000,60.650002,68.139999,54.911999,110005400
2010-08-01,69.010002,70.000000,59.480000,61.130001,49.262840,99202500
2010-09-01,61.790001,67.970001,61.660000,66.540001,53.948433,97619100
2010-10-01,67.540001,72.489998,65.860001,70.639999,57.272575,97535100
2010-11-01,70.709999,71.889999,61.840000,63.770000,51.702606,150042600
2010-12-01,64.660004,67.389999,62.820000,65.260002,53.231064,103910300
2011-01-01,66.150002,72.989998,66.000000,69.480003,56.673199,128661800
2011-02-01,70.000000,74.290001,69.599998,72.010002,58.736885,91690200
2011-03-01,71.930000,74.470001,67.339996,73.930000,60.653309,119791900
2011-04-01,74.290001,80.339996,70.879997,79.779999,65.452736,95129600
2011-05-01,80.349998,80.650002,75.129997,78.029999,64.017029,87491500
2011-06-01,77.949997,78.099998,70.290001,73.930000,60.973621,103740100
2011-07-01,73.809998,76.199997,69.070000,70.470001,58.120010,106421300
2011-08-01,71.610001,71.629997,56.009998,66.860001,55.142670,194916400
2011-09-01,66.959999,67.730003,57.529999,60.509998,50.244007,124749900
2011-10-01,60.099998,68.760002,56.900002,65.790001,54.628231,127425600
2011-11-01,64.230003,68.970001,62.119999,68.690002,57.036217,114604000
2011-12-01,68.699997,74.739998,68.510002,73.349998,61.293980,116561100
2012-01-01,74.699997,76.699997,72.739998,74.180000,61.987526,103787200
2012-02-01,74.959999,76.739998,74.300003,74.949997,62.630970,84337600
2012-03-01,74.959999,75.809998,72.300003,74.370003,62.512066,89633300
2012-04-01,74.000000,77.570000,70.589996,76.800003,64.554626,85289300
2012-05-01,76.589996,77.830002,68.930000,69.610001,58.511021,88091800
2012-06-01,68.669998,74.370003,66.820000,74.300003,62.819824,88430100
2012-07-01,74.209999,75.959999,70.849998,73.910004,62.490097,86964700
2012-08-01,74.320000,74.690002,70.019997,71.400002,60.367889,85793400
2012-09-01,71.500000,73.269997,69.029999,69.599998,59.198921,103075800
2012-10-01,69.860001,75.000000,69.199997,70.440002,59.913391,92093600
2012-11-01,70.589996,74.860001,69.300003,74.279999,63.179531,101603600
2012-12-01,74.410004,76.559998,72.930000,75.360001,64.492142,90048100
2013-01-01,76.550003,78.019997,72.680000,73.870003,63.217033,191804200
2013-02-01,74.489998,77.930000,74.230003,76.900002,65.810059,101429400
2013-03-01,76.699997,86.839996,76.169998,85.849998,73.941292,105390300
2013-04-01,85.599998,93.379997,83.800003,91.410004,78.730042,106380800
2013-05-01,91.080002,101.470001,90.720001,99.019997,85.284409,111622200
2013-06-01,99.360001,104.150002,96.309998,102.440002,88.683762,99711500
2013-07-01,102.930000,109.489998,98.989998,105.099998,90.986565,152799000
2013-08-01,105.989998,107.949997,101.769997,103.919998,89.965012,79814700
2013-09-01,105.129997,120.379997,104.620003,117.500000,102.184410,89293700
2013-10-01,117.970001,131.880005,113.339996,130.500000,113.489929,102075200
2013-11-01,130.899994,142.000000,130.580002,134.250000,116.751106,88250600
2013-12-01,134.990005,138.880005,130.550003,136.490005,119.131706,78680000
2014-01-01,136.009995,144.570007,123.080002,125.260002,109.329895,113971400
2014-02-01,124.239998,130.940002,118.769997,128.919998,112.524460,119986800
2014-03-01,127.180000,131.000000,121.370003,125.489998,110.148438,97798400
2014-04-01,126.239998,131.500000,121.919998,129.020004,113.246880,77966900
2014-05-01,128.740005,135.440002,128.270004,135.250000,118.715240,61514500
2014-06-01,135.500000,138.389999,126.199997,127.230003,112.302338,78754100
2014-07-01,127.660004,130.580002,120.410004,120.480003,106.344276,111816600
2014-08-01,120.449997,129.130005,117.870003,126.800003,111.922791,79247500
2014-09-01,125.620003,129.869995,124.099998,127.379997,113.115646,75364300
2014-10-01,127.370003,128.000000,116.320000,124.910004,110.922241,107425800
2014-11-01,125.349998,135.779999,123.370003,134.360001,119.314026,72415400
2014-12-01,134.309998,134.399994,120.580002,129.979996,116.097992,96842100
2015-01-01,131.070007,148.250000,126.180000,145.369995,129.844330,108953000
2015-02-01,143.720001,158.830002,143.050003,150.850006,134.739059,92501800
2015-03-01,150.850006,156.910004,145.960007,150.080002,134.880386,81417100
2015-04-01,149.970001,155.500000,142.750000,143.339996,128.822998,84494200
2015-05-01,144.410004,148.300003,140.320007,140.520004,126.288597,79281400
2015-06-01,141.449997,146.529999,138.440002,138.720001,125.469841,70426300
2015-07-01,140.479996,149.179993,139.000000,144.169998,130.399261,70138100
2015-08-01,144.440002,146.770004,115.139999,130.679993,118.197800,92706100
2015-09-01,128.160004,139.910004,126.940002,130.949997,119.197685,81148500
2015-10-01,131.320007,149.600006,128.559998,148.070007,134.781219,92056900
2015-11-01,148.380005,150.589996,141.589996,145.449997,132.396347,52868200
2015-12-01,146.539993,149.800003,138.889999,144.589996,132.427307,79585600
2016-01-01,141.380005,141.699997,115.019997,120.129997,110.024818,135840800
2016-02-01,119.639999,124.910004,102.099998,118.180000,108.238869,153106200
2016-03-01,119.010002,136.779999,118.250000,126.940002,117.337852,107811800
2016-04-01,126.230003,137.889999,125.110001,134.800003,124.603294,96152000
2016-05-01,134.380005,135.240005,125.879997,126.150002,116.607613,82219600
2016-06-01,126.000000,134.550003,122.349998,129.869995,121.025414,102652400
2016-07-01,129.539993,139.449997,123.959999,133.660004,124.557304,76099900
2016-08-01,133.210007,136.369995,129.139999,129.449997,120.634003,61444000
2016-09-01,130.029999,133.080002,126.309998,131.740005,123.785446,71550300
2016-10-01,131.279999,146.229996,130.740005,142.429993,133.829971,80920900
2016-11-01,142.949997,153.080002,138.800003,150.559998,141.469086,73628200
2016-12-01,150.740005,160.070007,150.020004,155.679993,148.541840,62860400
2017-01-01,156.300003,170.000000,155.210007,163.419998,155.926971,73355200
2017-02-01,164.250000,181.929993,160.820007,180.229996,171.966187,67319300
2017-03-01,181.850006,185.710007,173.750000,176.860001,170.202301,71329400
2017-04-01,177.080002,184.929993,175.500000,184.830002,177.872284,52167800
2017-05-01,184.229996,188.259995,175.470001,187.630005,180.566895,66022900
2017-06-01,187.410004,204.389999,184.529999,197.750000,191.762802,64597400
2017-07-01,198.070007,246.490005,197.750000,242.460007,235.119141,75175600
2017-08-01,243.380005,243.990005,230.940002,239.660004,232.403900,84515800
2017-09-01,239.660004,259.299988,234.289993,254.210007,247.983688,76743100
2017-10-01,254.649994,267.209991,253.529999,257.980011,251.661331,68772900
2017-11-01,258.290009,277.040009,256.239990,276.799988,270.020386,52751800
2017-12-01,277.510010,299.329987,270.600006,294.910004,289.233368,71520900
2018-01-01,295.750000,360.970001,295.399994,354.369995,347.548798,125857300
2018-02-01,352.950012,371.600006,317.390015,362.209991,355.237885,116097000
2018-03-01,362.329987,362.739990,311.170013,327.880005,323.156097,138587800
2018-04-01,325.200012,347.670013,311.880005,333.559998,328.754242,103765100
2018-05-01,332.500000,365.000000,319.130005,352.160004,347.086273,85519600
2018-06-01,355.790009,374.480011,327.290009,335.510010,332.325745,84246900
2018-07-01,330.690002,364.540009,329.100006,356.299988,352.918396,60241500
2018-08-01,354.089996,357.910004,328.029999,342.790009,339.536652,62969600
2018-09-01,341.600006,374.220001,337.309998,371.899994,370.190552,64530500
