9.350130999999999304e+00 9.359994000000000369e+00 9.362306666666666999e+00 1.000000000000000000e+00
1.007999500000000026e+01 9.715063000000000670e+00 9.599994333333333074e+00 1.000000000000000000e+00
1.143281799999999926e+01 1.075640650000000065e+01 1.028764799999999902e+01 0.000000000000000000e+00
1.111412999999999940e+01 1.127347400000000022e+01 1.087564766666666571e+01 1.000000000000000000e+00
1.312582899999999952e+01 1.211997949999999946e+01 1.189092566666666606e+01 1.000000000000000000e+00
1.411814999999999998e+01 1.362198949999999975e+01 1.278603633333333356e+01 0.000000000000000000e+00
1.393715500000000063e+01 1.402765250000000030e+01 1.372704466666666612e+01 0.000000000000000000e+00
1.164445800000000020e+01 1.279080650000000041e+01 1.323325433333333478e+01 0.000000000000000000e+00
1.014083300000000065e+01 1.089264550000000042e+01 1.190748200000000168e+01 1.000000000000000000e+00
1.090215099999999993e+01 1.052149200000000029e+01 1.089581400000000144e+01 0.000000000000000000e+00
1.078033800000000042e+01 1.084124450000000017e+01 1.060777400000000092e+01 1.000000000000000000e+00
1.118075400000000030e+01 1.098054600000000036e+01 1.095441433333333237e+01 1.000000000000000000e+00
1.216638000000000019e+01 1.167356700000000025e+01 1.137582399999999971e+01 0.000000000000000000e+00
1.188916799999999974e+01 1.202777400000000085e+01 1.174543400000000126e+01 0.000000000000000000e+00
1.169306199999999940e+01 1.179111499999999957e+01 1.191620333333333370e+01 0.000000000000000000e+00
1.138207300000000011e+01 1.153756749999999975e+01 1.165476766666666641e+01 1.000000000000000000e+00
1.219064099999999939e+01 1.178635699999999886e+01 1.175525866666666808e+01 0.000000000000000000e+00
1.150446299999999944e+01 1.184755200000000031e+01 1.169239233333333239e+01 1.000000000000000000e+00
1.166162300000000052e+01 1.158304299999999998e+01 1.178557566666666645e+01 1.000000000000000000e+00
1.251031599999999955e+01 1.208596950000000092e+01 1.189213399999999865e+01 1.000000000000000000e+00
1.290087100000000042e+01 1.270559349999999910e+01 1.235760333333333527e+01 0.000000000000000000e+00
1.251957200000000014e+01 1.271022149999999939e+01 1.264358633333333159e+01 0.000000000000000000e+00
1.124854000000000021e+01 1.188405600000000106e+01 1.222299433333333241e+01 1.000000000000000000e+00
1.226243400000000072e+01 1.175548700000000046e+01 1.201018200000000036e+01 1.000000000000000000e+00
1.306494999999999962e+01 1.266369200000000106e+01 1.219197466666666685e+01 0.000000000000000000e+00
1.181302900000000022e+01 1.243898949999999992e+01 1.238013766666666804e+01 0.000000000000000000e+00
1.138199799999999939e+01 1.159751349999999981e+01 1.208665899999999915e+01 0.000000000000000000e+00
1.141442499999999960e+01 1.139821149999999861e+01 1.153648399999999974e+01 0.000000000000000000e+00
1.138199799999999939e+01 1.139821149999999861e+01 1.139280699999999946e+01 0.000000000000000000e+00
1.046288099999999943e+01 1.092243949999999941e+01 1.108643466666666733e+01 0.000000000000000000e+00
1.049568400000000068e+01 1.047928250000000006e+01 1.078018766666666828e+01 0.000000000000000000e+00
9.774100000000000676e+00 1.013489200000000068e+01 1.024422166666666634e+01 0.000000000000000000e+00
9.764203999999999439e+00 9.769152000000000058e+00 1.001132933333333419e+01 0.000000000000000000e+00
9.564930999999999628e+00 9.664567500000000422e+00 9.701078333333333248e+00 0.000000000000000000e+00
9.332449999999999690e+00 9.448690499999999659e+00 9.553861666666668029e+00 1.000000000000000000e+00
1.081001799999999946e+01 1.007123400000000046e+01 9.902466333333332926e+00 0.000000000000000000e+00
9.496653999999999485e+00 1.015333599999999947e+01 9.879707333333334063e+00 0.000000000000000000e+00
9.260920000000000485e+00 9.378786999999999097e+00 9.855863999999998626e+00 1.000000000000000000e+00
9.563530000000000086e+00 9.412224999999999397e+00 9.440367999999999427e+00 1.000000000000000000e+00
1.038325700000000040e+01 9.973393500000000245e+00 9.735902333333333658e+00 1.000000000000000000e+00
1.082727599999999946e+01 1.060526649999999904e+01 1.025802099999999939e+01 0.000000000000000000e+00
1.024131299999999989e+01 1.053429449999999967e+01 1.048394866666666481e+01 1.000000000000000000e+00
1.089869500000000002e+01 1.057000400000000084e+01 1.065576133333333253e+01 1.000000000000000000e+00
1.096788899999999956e+01 1.093329199999999979e+01 1.070263233333333375e+01 0.000000000000000000e+00
1.076029699999999956e+01 1.086409300000000044e+01 1.087562699999999971e+01 0.000000000000000000e+00
1.051495199999999919e+01 1.063762449999999937e+01 1.074771266666666669e+01 1.000000000000000000e+00
1.083039600000000036e+01 1.067267400000000066e+01 1.070188166666666518e+01 1.000000000000000000e+00
1.229167299999999940e+01 1.156103449999999988e+01 1.121234033333333535e+01 0.000000000000000000e+00
1.229167299999999940e+01 1.229167299999999940e+01 1.180458066666666639e+01 1.000000000000000000e+00
1.328637400000000035e+01 1.278902349999999899e+01 1.262324000000000090e+01 0.000000000000000000e+00
1.279748400000000075e+01 1.304192899999999966e+01 1.279184366666666506e+01 1.000000000000000000e+00
1.294127699999999948e+01 1.286938050000000011e+01 1.300837833333333293e+01 1.000000000000000000e+00
1.333670799999999979e+01 1.313899250000000052e+01 1.302515633333333334e+01 1.000000000000000000e+00
1.345148000000000010e+01 1.339409399999999906e+01 1.324315500000000156e+01 0.000000000000000000e+00
1.297885699999999964e+01 1.321516850000000076e+01 1.325568166666666592e+01 1.000000000000000000e+00
1.323333799999999982e+01 1.310609750000000062e+01 1.322122499999999867e+01 0.000000000000000000e+00
1.272027899999999967e+01 1.297680850000000063e+01 1.297749133333333305e+01 1.000000000000000000e+00
1.290409599999999912e+01 1.281218750000000028e+01 1.295257100000000072e+01 1.000000000000000000e+00
1.319820999999999955e+01 1.305115299999999934e+01 1.294086166666666848e+01 1.000000000000000000e+00
1.398208200000000012e+01 1.359014600000000073e+01 1.336146266666666627e+01 0.000000000000000000e+00
1.323835799999999985e+01 1.361021999999999998e+01 1.347288333333333377e+01 1.000000000000000000e+00
1.372177699999999945e+01 1.348006750000000054e+01 1.364740566666666588e+01 1.000000000000000000e+00
1.616348800000000097e+01 1.494263250000000021e+01 1.437454100000000068e+01 1.000000000000000000e+00
1.653938499999999934e+01 1.635143649999999838e+01 1.547488333333333266e+01 1.000000000000000000e+00
1.770465099999999836e+01 1.712201799999999707e+01 1.680250799999999956e+01 1.000000000000000000e+00
1.900551000000000101e+01 1.835508049999999969e+01 1.774984866666666505e+01 1.000000000000000000e+00
2.033324199999999848e+01 1.966937599999999975e+01 1.901446766666666477e+01 0.000000000000000000e+00
1.942279999999999873e+01 1.987802099999999683e+01 1.958718399999999704e+01 1.000000000000000000e+00
2.087100999999999829e+01 2.014690499999999673e+01 2.020901733333333183e+01 0.000000000000000000e+00
2.003004800000000074e+01 2.045052899999999951e+01 2.010795266666666592e+01 1.000000000000000000e+00
2.228534099999999896e+01 2.115769449999999807e+01 2.106213299999999933e+01 1.000000000000000000e+00
2.414030999999999949e+01 2.321282550000000100e+01 2.215189966666666521e+01 0.000000000000000000e+00
2.387079400000000007e+01 2.400555200000000156e+01 2.343214833333333402e+01 1.000000000000000000e+00
2.498732899999999901e+01 2.442906149999999954e+01 2.433281100000000308e+01 1.000000000000000000e+00
2.684892699999999977e+01 2.591812799999999939e+01 2.523568333333333058e+01 0.000000000000000000e+00
2.545418499999999895e+01 2.615155599999999936e+01 2.576348033333333376e+01 1.000000000000000000e+00
2.642276199999999875e+01 2.593847350000000063e+01 2.624195800000000034e+01 1.000000000000000000e+00
2.719015500000000074e+01 2.680645849999999797e+01 2.635570066666666733e+01 1.000000000000000000e+00
2.761925700000000106e+01 2.740470600000000090e+01 2.707739133333333470e+01 1.000000000000000000e+00
2.824343700000000013e+01 2.793134700000000237e+01 2.768428300000000419e+01 1.000000000000000000e+00
2.967591699999999832e+01 2.895967699999999923e+01 2.851287033333333554e+01 1.000000000000000000e+00
2.995067999999999842e+01 2.981329849999999837e+01 2.929001133333333584e+01 1.000000000000000000e+00
3.120680799999999877e+01 3.057874400000000037e+01 3.027780166666666517e+01 1.000000000000000000e+00
3.364966600000000341e+01 3.242823700000000287e+01 3.160238466666666568e+01 1.000000000000000000e+00
3.384714499999999759e+01 3.374840550000000405e+01 3.290120633333333444e+01 0.000000000000000000e+00
3.214885699999999957e+01 3.299800100000000214e+01 3.321522266666666923e+01 0.000000000000000000e+00
3.132523300000000077e+01 3.173704500000000195e+01 3.244041166666666953e+01 0.000000000000000000e+00
3.132523300000000077e+01 3.132523300000000077e+01 3.159977433333333252e+01 1.000000000000000000e+00
3.346916600000000130e+01 3.239719949999999926e+01 3.203987733333332955e+01 1.000000000000000000e+00
3.389648100000000142e+01 3.368282349999999781e+01 3.289695999999999998e+01 1.000000000000000000e+00
3.748975399999999780e+01 3.569311749999999961e+01 3.495180033333333114e+01 0.000000000000000000e+00
3.481477399999999989e+01 3.615226400000000240e+01 3.540033633333333540e+01 0.000000000000000000e+00
3.486095000000000255e+01 3.483786200000000122e+01 3.572182600000000008e+01 0.000000000000000000e+00
3.073845299999999980e+01 3.279970149999999762e+01 3.347139233333333408e+01 1.000000000000000000e+00
3.402045400000000086e+01 3.237945349999999678e+01 3.320661899999999633e+01 0.000000000000000000e+00
3.143397900000000078e+01 3.272721649999999727e+01 3.206429533333332671e+01 0.000000000000000000e+00
3.059092300000000009e+01 3.101245099999999866e+01 3.201511866666666606e+01 1.000000000000000000e+00
3.484635500000000263e+01 3.271863900000000314e+01 3.229041899999999998e+01 0.000000000000000000e+00
3.357808699999999646e+01 3.421222099999999955e+01 3.300512166666666758e+01 0.000000000000000000e+00
3.224944299999999942e+01 3.291376499999999794e+01 3.355796166666666380e+01 0.000000000000000000e+00
3.075976800000000111e+01 3.150460550000000026e+01 3.219576599999999900e+01 0.000000000000000000e+00
2.878785900000000098e+01 2.977381350000000282e+01 3.059902333333333502e+01 0.000000000000000000e+00
2.507329599999999914e+01 2.693057749999999828e+01 2.820697433333333493e+01 0.000000000000000000e+00
1.998595399999999955e+01 2.252962499999999935e+01 2.461570299999999634e+01 1.000000000000000000e+00
2.224821100000000129e+01 2.111708250000000220e+01 2.243582033333333570e+01 1.000000000000000000e+00
2.435551500000000047e+01 2.330186300000000088e+01 2.219656000000000162e+01 1.000000000000000000e+00
2.634123599999999854e+01 2.534837549999999951e+01 2.431498733333333462e+01 0.000000000000000000e+00
2.122386200000000045e+01 2.378254899999999950e+01 2.397353766666666885e+01 1.000000000000000000e+00
2.256558599999999970e+01 2.189472400000000007e+01 2.337689466666666860e+01 1.000000000000000000e+00
2.317547400000000124e+01 2.287053000000000225e+01 2.232164066666666713e+01 0.000000000000000000e+00
2.220177800000000090e+01 2.268862599999999929e+01 2.264761266666667083e+01 1.000000000000000000e+00
2.652786400000000100e+01 2.436482099999999917e+01 2.396837199999999868e+01 1.000000000000000000e+00
2.746654300000000148e+01 2.699720350000000124e+01 2.539872833333333446e+01 1.000000000000000000e+00
2.882462299999999900e+01 2.814558300000000202e+01 2.760634333333333146e+01 1.000000000000000000e+00
2.972539700000000096e+01 2.927501000000000175e+01 2.867218766666666951e+01 0.000000000000000000e+00
2.968445600000000084e+01 2.970492649999999912e+01 2.941149199999999908e+01 0.000000000000000000e+00
2.800899499999999875e+01 2.884672549999999802e+01 2.913961600000000018e+01 1.000000000000000000e+00
3.026777299999999826e+01 2.913838399999999851e+01 2.932040799999999692e+01 0.000000000000000000e+00
2.669477799999999945e+01 2.848127549999999886e+01 2.832384866666666312e+01 1.000000000000000000e+00
2.731521000000000043e+01 2.700499399999999994e+01 2.809258699999999820e+01 1.000000000000000000e+00
2.933398599999999945e+01 2.832459800000000172e+01 2.778132466666666645e+01 0.000000000000000000e+00
2.434885799999999989e+01 2.684142200000000145e+01 2.699935133333333326e+01 1.000000000000000000e+00
2.501106300000000005e+01 2.467996049999999997e+01 2.623130233333333194e+01 1.000000000000000000e+00
2.625127200000000016e+01 2.563116750000000010e+01 2.520373100000000122e+01 0.000000000000000000e+00
2.583787299999999831e+01 2.604457250000000101e+01 2.570006933333333166e+01 1.000000000000000000e+00
2.775828900000000132e+01 2.679808099999999982e+01 2.661581133333333682e+01 1.000000000000000000e+00
3.240541100000000085e+01 3.008185000000000286e+01 2.866719100000000253e+01 1.000000000000000000e+00
3.561067599999999800e+01 3.400804349999999943e+01 3.192479200000000006e+01 1.000000000000000000e+00
4.294375200000000348e+01 3.927721400000000074e+01 3.698661299999999841e+01 1.000000000000000000e+00
4.514919700000000091e+01 4.404647450000000219e+01 4.123454166666666509e+01 1.000000000000000000e+00
4.598146799999999956e+01 4.556533249999999668e+01 4.469147233333333702e+01 0.000000000000000000e+00
4.403702899999999687e+01 4.500924849999999822e+01 4.505589799999999201e+01 0.000000000000000000e+00
3.903282200000000302e+01 4.153492549999999994e+01 4.301710633333333789e+01 1.000000000000000000e+00
4.150155999999999779e+01 4.026719099999999685e+01 4.152380366666666589e+01 0.000000000000000000e+00
3.728297799999999995e+01 3.939226899999999887e+01 3.927245333333333122e+01 1.000000000000000000e+00
4.135861200000000082e+01 3.932079500000000394e+01 4.004771666666666619e+01 1.000000000000000000e+00
4.208807000000000187e+01 4.172334100000000490e+01 4.024322000000000088e+01 0.000000000000000000e+00
3.730749099999999885e+01 3.969778050000000036e+01 4.025139100000000525e+01 1.000000000000000000e+00
3.927350599999999758e+01 3.829049849999999822e+01 3.955635566666666847e+01 0.000000000000000000e+00
3.435510299999999972e+01 3.681430449999999865e+01 3.697869999999999635e+01 0.000000000000000000e+00
2.254701999999999984e+01 2.845106150000000156e+01 3.205854300000000023e+01 0.000000000000000000e+00
2.194127999999999901e+01 2.224414999999999765e+01 2.628113433333333049e+01 1.000000000000000000e+00
2.362388800000000089e+01 2.278258399999999995e+01 2.270406266666666895e+01 1.000000000000000000e+00
2.623339100000000101e+01 2.492863950000000273e+01 2.393285299999999793e+01 1.000000000000000000e+00
2.770131699999999952e+01 2.696735400000000027e+01 2.585286533333333736e+01 1.000000000000000000e+00
3.109041600000000116e+01 2.939586650000000034e+01 2.834170800000000057e+01 1.000000000000000000e+00
3.277575300000000169e+01 3.193308449999999965e+01 3.052249533333333531e+01 0.000000000000000000e+00
3.029633899999999969e+01 3.153604599999999891e+01 3.138750266666666633e+01 0.000000000000000000e+00
2.897173700000000096e+01 2.963403800000000032e+01 3.068127633333333293e+01 1.000000000000000000e+00
3.068274900000000116e+01 2.982724300000000284e+01 2.998360833333333630e+01 0.000000000000000000e+00
2.830995800000000173e+01 2.949635350000000145e+01 2.932148133333333817e+01 0.000000000000000000e+00
2.527577199999999991e+01 2.679286499999999904e+01 2.808949300000000093e+01 0.000000000000000000e+00
2.337790899999999894e+01 2.432684049999999942e+01 2.565454633333333234e+01 0.000000000000000000e+00
2.037776200000000060e+01 2.187783549999999977e+01 2.301048099999999863e+01 1.000000000000000000e+00
2.332310100000000119e+01 2.185043149999999912e+01 2.235959066666666573e+01 0.000000000000000000e+00
2.271903999999999968e+01 2.302107050000000044e+01 2.213996766666666716e+01 0.000000000000000000e+00
2.175490999999999886e+01 2.223697500000000105e+01 2.259901699999999991e+01 0.000000000000000000e+00
1.897960099999999883e+01 2.036725549999999885e+01 2.115118366666666816e+01 0.000000000000000000e+00
1.735235199999999978e+01 1.816597649999999931e+01 1.936228766666666345e+01 1.000000000000000000e+00
1.888955899999999843e+01 1.812095550000000088e+01 1.840717066666666568e+01 1.000000000000000000e+00
2.123690600000000117e+01 2.006323249999999803e+01 1.915960566666666764e+01 1.000000000000000000e+00
2.390179300000000140e+01 2.256934950000000129e+01 2.134275266666666582e+01 0.000000000000000000e+00
2.306606899999999882e+01 2.348393099999999833e+01 2.273492266666666595e+01 1.000000000000000000e+00
2.603986400000000145e+01 2.455296650000000014e+01 2.433590866666666486e+01 0.000000000000000000e+00
2.403404799999999852e+01 2.503695599999999999e+01 2.437999366666666745e+01 1.000000000000000000e+00
2.694641299999999973e+01 2.549023049999999913e+01 2.567344166666666538e+01 0.000000000000000000e+00
2.687640999999999991e+01 2.691141149999999982e+01 2.595229033333333390e+01 1.000000000000000000e+00
2.963320200000000071e+01 2.825480600000000209e+01 2.781867499999999893e+01 0.000000000000000000e+00
2.935896500000000131e+01 2.949608350000000101e+01 2.862285900000000183e+01 1.000000000000000000e+00
3.049815600000000160e+01 2.992856050000000323e+01 2.983010766666666669e+01 0.000000000000000000e+00
2.899337799999999987e+01 2.974576700000000073e+01 2.961683300000000330e+01 1.000000000000000000e+00
3.013701100000000110e+01 2.956519450000000049e+01 2.987618166666666752e+01 1.000000000000000000e+00
3.233251599999999826e+01 3.123476349999999968e+01 3.048763500000000093e+01 1.000000000000000000e+00
3.623546600000000240e+01 3.428399100000000033e+01 3.290166433333333629e+01 0.000000000000000000e+00
3.599433100000000252e+01 3.611489850000000246e+01 3.485410433333333202e+01 1.000000000000000000e+00
3.703691899999999748e+01 3.651562500000000000e+01 3.642223866666666510e+01 0.000000000000000000e+00
3.675954099999999869e+01 3.689822999999999809e+01 3.659693033333333290e+01 0.000000000000000000e+00
3.553471799999999803e+01 3.614712949999999836e+01 3.644372599999999807e+01 1.000000000000000000e+00
3.814818199999999848e+01 3.684144999999999470e+01 3.681414699999999840e+01 0.000000000000000000e+00
3.700851800000000225e+01 3.757835000000000036e+01 3.689713933333333529e+01 0.000000000000000000e+00
3.617213399999999979e+01 3.659032600000000457e+01 3.710961133333333350e+01 1.000000000000000000e+00
3.929608199999999840e+01 3.773410799999999909e+01 3.749224466666667155e+01 1.000000000000000000e+00
4.198716000000000292e+01 4.064162100000000066e+01 3.915179200000000037e+01 1.000000000000000000e+00
4.274848200000000276e+01 4.236782100000000639e+01 4.134390799999999899e+01 1.000000000000000000e+00
4.589428300000000149e+01 4.432138249999999857e+01 4.354330833333333572e+01 1.000000000000000000e+00
4.759749599999999958e+01 4.674588950000000409e+01 4.541342033333333461e+01 0.000000000000000000e+00
4.760470999999999719e+01 4.760110299999999484e+01 4.703216300000000416e+01 1.000000000000000000e+00
4.833308000000000249e+01 4.796889500000000339e+01 4.784509533333332598e+01 1.000000000000000000e+00
4.918696599999999819e+01 4.876002300000000389e+01 4.837491866666666596e+01 0.000000000000000000e+00
4.679094299999999862e+01 4.798895449999999840e+01 4.810366300000000450e+01 1.000000000000000000e+00
4.936068699999999865e+01 4.807581499999999863e+01 4.844619866666666752e+01 1.000000000000000000e+00
5.103885999999999967e+01 5.019977349999999916e+01 4.906349666666667275e+01 0.000000000000000000e+00
4.963645600000000258e+01 5.033765800000000468e+01 5.001200099999999793e+01 1.000000000000000000e+00
5.281912599999999713e+01 5.122779099999999630e+01 5.116481399999999979e+01 1.000000000000000000e+00
5.686511600000000044e+01 5.484212099999999879e+01 5.310689933333333101e+01 1.000000000000000000e+00
6.089303600000000216e+01 5.887907599999999775e+01 5.685909266666666895e+01 0.000000000000000000e+00
6.074708199999999891e+01 6.082005900000000054e+01 5.950174466666666717e+01 0.000000000000000000e+00
5.997378199999999993e+01 6.036043200000000297e+01 6.053796666666666937e+01 0.000000000000000000e+00
5.668624499999999955e+01 5.833001349999999974e+01 5.913570299999999946e+01 0.000000000000000000e+00
5.484112199999999859e+01 5.576368349999999907e+01 5.716704966666666365e+01 1.000000000000000000e+00
5.795574599999999776e+01 5.639843399999999463e+01 5.649437100000000100e+01 1.000000000000000000e+00
5.869811599999999885e+01 5.832693100000000186e+01 5.716499466666666507e+01 1.000000000000000000e+00
6.507069400000000314e+01 6.188440500000000100e+01 6.057485199999999992e+01 1.000000000000000000e+00
6.553021200000000590e+01 6.530045300000000452e+01 6.309967400000000026e+01 1.000000000000000000e+00
6.606131700000000251e+01 6.579576450000000420e+01 6.555407433333333245e+01 0.000000000000000000e+00
6.436476899999999546e+01 6.521304299999999898e+01 6.531876599999999655e+01 1.000000000000000000e+00
6.583512100000000089e+01 6.509994499999999107e+01 6.542040233333334243e+01 1.000000000000000000e+00
6.886364000000000374e+01 6.734938049999999521e+01 6.635450999999999055e+01 1.000000000000000000e+00
7.448379500000000064e+01 7.167371750000000930e+01 6.972751866666665421e+01 0.000000000000000000e+00
7.146902500000000202e+01 7.297641000000000133e+01 7.160548666666666406e+01 1.000000000000000000e+00
7.687230700000000638e+01 7.417066600000001131e+01 7.427504233333333161e+01 0.000000000000000000e+00
7.187037700000000484e+01 7.437134199999999851e+01 7.340390300000001389e+01 1.000000000000000000e+00
7.829725600000000441e+01 7.508381650000001173e+01 7.567998000000000047e+01 0.000000000000000000e+00
7.352439099999999428e+01 7.591082349999999224e+01 7.456400800000000118e+01 0.000000000000000000e+00
6.901256600000000674e+01 7.126847850000000051e+01 7.361140433333332567e+01 0.000000000000000000e+00
6.545858800000000599e+01 6.723557700000000636e+01 6.933184833333332620e+01 0.000000000000000000e+00
6.225527999999999906e+01 6.385693400000000253e+01 6.557547800000000393e+01 0.000000000000000000e+00
6.196337100000000220e+01 6.210932549999999708e+01 6.322574633333334049e+01 0.000000000000000000e+00
5.593540600000000040e+01 5.894938849999999775e+01 6.005135233333333389e+01 1.000000000000000000e+00
6.382516900000000248e+01 5.988028750000000144e+01 6.057464866666666836e+01 0.000000000000000000e+00
6.225326199999999943e+01 6.303921549999999741e+01 6.067127899999999840e+01 0.000000000000000000e+00
4.966010299999999944e+01 5.595668249999999944e+01 5.857951133333332905e+01 0.000000000000000000e+00
4.617664299999999855e+01 4.791837300000000255e+01 5.269666933333333958e+01 1.000000000000000000e+00
4.953921100000000166e+01 4.785792700000000366e+01 4.845865233333333322e+01 0.000000000000000000e+00
4.360298199999999724e+01 4.657109649999999590e+01 4.643961200000000389e+01 0.000000000000000000e+00
3.985472099999999784e+01 4.172885149999999754e+01 4.433230466666666558e+01 0.000000000000000000e+00
3.241142700000000332e+01 3.613307400000000058e+01 3.862304333333333517e+01 1.000000000000000000e+00
3.268565799999999655e+01 3.254854249999999638e+01 3.498393533333333494e+01 0.000000000000000000e+00
3.240989299999999673e+01 3.254777550000000019e+01 3.250232599999999650e+01 0.000000000000000000e+00
2.408336800000000011e+01 2.824663049999999842e+01 2.972630633333333705e+01 1.000000000000000000e+00
2.752936199999999900e+01 2.580636499999999955e+01 2.800754099999999980e+01 1.000000000000000000e+00
3.098793799999999976e+01 2.925864999999999938e+01 2.753355600000000081e+01 1.000000000000000000e+00
3.470183899999999966e+01 3.284488849999999616e+01 3.107304633333333399e+01 0.000000000000000000e+00
3.320679499999999962e+01 3.395431700000000319e+01 3.296552399999999494e+01 1.000000000000000000e+00
3.352714499999999731e+01 3.336696999999999491e+01 3.381192633333333220e+01 1.000000000000000000e+00
3.880897499999999667e+01 3.616805999999999699e+01 3.518097166666666453e+01 1.000000000000000000e+00
4.271562999999999732e+01 4.076230249999999700e+01 3.835058333333333280e+01 0.000000000000000000e+00
3.770649699999999882e+01 4.021106349999999452e+01 3.974370066666666190e+01 1.000000000000000000e+00
4.134303700000000248e+01 3.952476699999999710e+01 4.058838800000000191e+01 1.000000000000000000e+00
4.307598500000000286e+01 4.220951100000000622e+01 4.070850633333333235e+01 1.000000000000000000e+00
4.822471999999999781e+01 4.565035249999999678e+01 4.421458066666667008e+01 1.000000000000000000e+00
5.026194000000000273e+01 4.924333000000000027e+01 4.718754833333333210e+01 1.000000000000000000e+00
5.817661700000000025e+01 5.421927850000000149e+01 5.222109233333333123e+01 0.000000000000000000e+00
5.803238300000000294e+01 5.810450000000000159e+01 5.549031333333334004e+01 0.000000000000000000e+00
5.142232500000000073e+01 5.472735400000000539e+01 5.587710833333333227e+01 0.000000000000000000e+00
5.056835900000000095e+01 5.099534200000000084e+01 5.334102233333334198e+01 1.000000000000000000e+00
5.491199900000000156e+01 5.274017899999999770e+01 5.230089433333333204e+01 0.000000000000000000e+00
4.926283999999999708e+01 5.208741949999999576e+01 5.158106599999999986e+01 1.000000000000000000e+00
5.394843300000000141e+01 5.160563650000000280e+01 5.270775733333332624e+01 1.000000000000000000e+00
5.727257500000000334e+01 5.561050400000000593e+01 5.349461600000000772e+01 0.000000000000000000e+00
5.170260600000000295e+01 5.448759050000000315e+01 5.430787133333333827e+01 1.000000000000000000e+00
5.323106400000000349e+01 5.246683500000000322e+01 5.406874833333333896e+01 1.000000000000000000e+00
5.667319899999999677e+01 5.495213150000000013e+01 5.386895633333333677e+01 1.000000000000000000e+00
5.873688500000000090e+01 5.770504199999999884e+01 5.621371599999999802e+01 1.000000000000000000e+00
6.065330900000000014e+01 5.969509700000000407e+01 5.868779766666666120e+01 1.000000000000000000e+00
6.545273600000000158e+01 6.305302249999999731e+01 6.161431000000001035e+01 0.000000000000000000e+00
6.401702899999999374e+01 6.473488249999999766e+01 6.337435799999999375e+01 0.000000000000000000e+00
6.097362100000000140e+01 6.249532499999999402e+01 6.348112866666667031e+01 0.000000000000000000e+00
5.812001000000000062e+01 5.954681550000000101e+01 6.103688666666666762e+01 0.000000000000000000e+00
5.514267000000000252e+01 5.663134000000000157e+01 5.807876699999999914e+01 0.000000000000000000e+00
5.024400700000000342e+01 5.269333850000000297e+01 5.450222899999999981e+01 1.000000000000000000e+00
5.462823099999999954e+01 5.243611900000000503e+01 5.333830266666666375e+01 1.000000000000000000e+00
5.703621700000000061e+01 5.583222399999999652e+01 5.396948499999999882e+01 1.000000000000000000e+00
6.129397999999999769e+01 5.916509849999999915e+01 5.765280933333333024e+01 1.000000000000000000e+00
6.198752600000000257e+01 6.164075300000000368e+01 6.010590766666666696e+01 1.000000000000000000e+00
6.263096999999999781e+01 6.230924799999999664e+01 6.197082533333333032e+01 0.000000000000000000e+00
6.251206599999999725e+01 6.257151799999999753e+01 6.237685400000000158e+01 1.000000000000000000e+00
6.455462599999999895e+01 6.353334599999999455e+01 6.323255399999999327e+01 0.000000000000000000e+00
5.851102099999999950e+01 6.153282349999999923e+01 6.185923766666666523e+01 1.000000000000000000e+00
6.281982399999999700e+01 6.066542249999999825e+01 6.196182366666666752e+01 0.000000000000000000e+00
6.249009699999999867e+01 6.265496050000000139e+01 6.127364733333333646e+01 0.000000000000000000e+00
6.036788899999999813e+01 6.142899299999999840e+01 6.189260333333333364e+01 0.000000000000000000e+00
5.919892099999999857e+01 5.978340500000000191e+01 6.068563566666666276e+01 1.000000000000000000e+00
5.991339099999999718e+01 5.955615600000000143e+01 5.982673366666666226e+01 1.000000000000000000e+00
6.317953099999999722e+01 6.154646099999999365e+01 6.076394766666666669e+01 1.000000000000000000e+00
6.449214200000000119e+01 6.383583649999999921e+01 6.252835466666666520e+01 0.000000000000000000e+00
6.321703300000000070e+01 6.385458750000000094e+01 6.362956866666667111e+01 1.000000000000000000e+00
6.581005899999999542e+01 6.451354599999999095e+01 6.450641133333333244e+01 1.000000000000000000e+00
7.394129200000000424e+01 6.987567549999999983e+01 6.765612799999999538e+01 1.000000000000000000e+00
7.873004199999999742e+01 7.633566700000000083e+01 7.282713099999999429e+01 1.000000000000000000e+00
8.528440899999999658e+01 8.200722550000000410e+01 7.931858099999999467e+01 1.000000000000000000e+00
8.868376200000000154e+01 8.698408549999999195e+01 8.423273766666666518e+01 1.000000000000000000e+00
9.098656499999999880e+01 8.983516349999999306e+01 8.831824533333332283e+01 0.000000000000000000e+00
8.996501200000000154e+01 9.047578849999999306e+01 8.987844633333332922e+01 1.000000000000000000e+00
1.021844099999999997e+02 9.607471100000000774e+01 9.437866233333333810e+01 1.000000000000000000e+00
1.134899290000000036e+02 1.078371695000000017e+02 1.018797836666666825e+02 1.000000000000000000e+00
1.167511059999999929e+02 1.151205175000000054e+02 1.108084816666666512e+02 1.000000000000000000e+00
1.191317059999999941e+02 1.179414060000000006e+02 1.164575803333333397e+02 0.000000000000000000e+00
1.093298949999999934e+02 1.142308004999999866e+02 1.150709023333333363e+02 1.000000000000000000e+00
1.125244600000000048e+02 1.109271774999999991e+02 1.136620203333333166e+02 0.000000000000000000e+00
1.101484379999999987e+02 1.113364490000000018e+02 1.106675976666666656e+02 1.000000000000000000e+00
1.132468800000000044e+02 1.116976590000000016e+02 1.119732593333333313e+02 1.000000000000000000e+00
1.187152399999999943e+02 1.159810599999999994e+02 1.140368526666666611e+02 0.000000000000000000e+00
1.123023380000000060e+02 1.155087890000000073e+02 1.147548193333333302e+02 0.000000000000000000e+00
1.063442759999999936e+02 1.093233069999999998e+02 1.124539513333333360e+02 1.000000000000000000e+00
1.119227910000000037e+02 1.091335334999999986e+02 1.101898016666666678e+02 1.000000000000000000e+00
1.131156459999999981e+02 1.125192184999999938e+02 1.104609043333333176e+02 0.000000000000000000e+00
1.109222409999999996e+02 1.120189435000000060e+02 1.119868926666666624e+02 1.000000000000000000e+00
1.193140259999999984e+02 1.151181334999999990e+02 1.144506376666666796e+02 0.000000000000000000e+00
1.160979920000000050e+02 1.177060089999999946e+02 1.154447529999999915e+02 1.000000000000000000e+00
1.298443300000000136e+02 1.229711610000000093e+02 1.217521160000000009e+02 1.000000000000000000e+00
1.347390589999999975e+02 1.322916945000000055e+02 1.268937936666666673e+02 0.000000000000000000e+00
1.348803859999999872e+02 1.348097224999999924e+02 1.331545916666666756e+02 0.000000000000000000e+00
1.288229980000000126e+02 1.318516920000000141e+02 1.328141476666666847e+02 0.000000000000000000e+00
1.262885969999999958e+02 1.275557975000000113e+02 1.299973270000000127e+02 0.000000000000000000e+00
1.254698410000000024e+02 1.258792190000000062e+02 1.268604786666666797e+02 1.000000000000000000e+00
1.303992609999999956e+02 1.279345509999999990e+02 1.273858996666666599e+02 0.000000000000000000e+00
1.181978000000000009e+02 1.242985304999999983e+02 1.246889673333333377e+02 1.000000000000000000e+00
1.191976850000000070e+02 1.186977425000000039e+02 1.225982486666666773e+02 1.000000000000000000e+00
1.347812189999999930e+02 1.269894520000000000e+02 1.240589013333333241e+02 0.000000000000000000e+00
1.323963469999999916e+02 1.335887829999999781e+02 1.287917503333333400e+02 0.000000000000000000e+00
1.324273070000000132e+02 1.324118270000000166e+02 1.332016243333333421e+02 0.000000000000000000e+00
1.100248179999999962e+02 1.212260625000000118e+02 1.249494906666666765e+02 0.000000000000000000e+00
1.082388689999999940e+02 1.091318435000000022e+02 1.168969980000000106e+02 1.000000000000000000e+00
1.173378519999999980e+02 1.127883604999999960e+02 1.118671796666666722e+02 1.000000000000000000e+00
1.246032940000000053e+02 1.209705730000000017e+02 1.167266716666666753e+02 0.000000000000000000e+00
1.166076130000000006e+02 1.206054535000000101e+02 1.195162530000000061e+02 1.000000000000000000e+00
1.210254139999999978e+02 1.188165134999999992e+02 1.207454403333333488e+02 1.000000000000000000e+00
1.245573040000000020e+02 1.227913589999999999e+02 1.207301103333333430e+02 0.000000000000000000e+00
1.206340030000000070e+02 1.225956534999999974e+02 1.220722403333333403e+02 1.000000000000000000e+00
1.237854459999999932e+02 1.222097244999999930e+02 1.229922509999999960e+02 1.000000000000000000e+00
1.338299710000000005e+02 1.288077084999999897e+02 1.260831400000000002e+02 1.000000000000000000e+00
1.414690860000000043e+02 1.376495285000000024e+02 1.330281676666666613e+02 1.000000000000000000e+00
1.485418400000000076e+02 1.450054630000000202e+02 1.412802990000000136e+02 1.000000000000000000e+00
1.559269710000000089e+02 1.522344055000000083e+02 1.486459656666666831e+02 1.000000000000000000e+00
1.719661869999999908e+02 1.639465789999999856e+02 1.588116660000000024e+02 0.000000000000000000e+00
1.702023010000000056e+02 1.710842440000000124e+02 1.660318196666666779e+02 1.000000000000000000e+00
1.778722840000000076e+02 1.740372925000000066e+02 1.733469240000000298e+02 1.000000000000000000e+00
1.805668949999999882e+02 1.792195894999999837e+02 1.762138266666666766e+02 1.000000000000000000e+00
1.917628019999999935e+02 1.861648485000000051e+02 1.834006603333333203e+02 1.000000000000000000e+00
2.351191410000000133e+02 2.134409714999999892e+02 2.024829459999999983e+02 0.000000000000000000e+00
2.324038999999999930e+02 2.337615205000000174e+02 2.197619476666666571e+02 1.000000000000000000e+00
2.479836880000000008e+02 2.401937939999999969e+02 2.385022430000000213e+02 1.000000000000000000e+00
2.516613309999999899e+02 2.498225094999999953e+02 2.440163063333333184e+02 1.000000000000000000e+00
2.700203859999999736e+02 2.608408584999999675e+02 2.565551350000000070e+02 1.000000000000000000e+00
2.892333679999999845e+02 2.796268769999999790e+02 2.703050283333332686e+02 1.000000000000000000e+00
3.475487979999999766e+02 3.183910829999999805e+02 3.022675173333332737e+02 1.000000000000000000e+00
3.552378850000000057e+02 3.513933415000000196e+02 3.306733503333333033e+02 0.000000000000000000e+00
3.231560969999999884e+02 3.391969910000000255e+02 3.419809266666666758e+02 1.000000000000000000e+00
3.287542419999999765e+02 3.259551695000000109e+02 3.357160746666666569e+02 1.000000000000000000e+00
3.470862730000000056e+02 3.379202574999999911e+02 3.329988706666666758e+02 0.000000000000000000e+00
3.323257449999999835e+02 3.397060089999999946e+02 3.360554199999999696e+02 1.000000000000000000e+00
3.529183959999999729e+02 3.426220704999999498e+02 3.441101380000000063e+02 0.000000000000000000e+00
3.395366520000000037e+02 3.462275240000000167e+02 3.415935976666666534e+02 1.000000000000000000e+00
