2.275100000000000122e+00 2.289983499999999950e+00 2.304867333333333601e+00 0.000000000000000000e+00
2.283605000000000107e+00 2.279352499999999893e+00 2.287857333333333187e+00 1.000000000000000000e+00
2.396320999999999923e+00 2.339963000000000015e+00 2.318341999999999903e+00 0.000000000000000000e+00
2.338632000000000044e+00 2.367476499999999984e+00 2.339519333333333506e+00 1.000000000000000000e+00
2.485072000000000170e+00 2.411852000000000107e+00 2.406674999999999898e+00 1.000000000000000000e+00
2.609293000000000085e+00 2.547182499999999905e+00 2.477665666666666766e+00 1.000000000000000000e+00
2.942985999999999880e+00 2.776139500000000204e+00 2.679116999999999749e+00 0.000000000000000000e+00
2.928148000000000195e+00 2.935566999999999815e+00 2.826809000000000349e+00 0.000000000000000000e+00
2.855789000000000133e+00 2.891968499999999942e+00 2.908974333333333107e+00 0.000000000000000000e+00
2.629062999999999928e+00 2.742426000000000030e+00 2.804333333333333567e+00 1.000000000000000000e+00
2.696598999999999968e+00 2.662830999999999726e+00 2.727150333333332899e+00 1.000000000000000000e+00
2.932148999999999894e+00 2.814373999999999931e+00 2.752603666666666893e+00 0.000000000000000000e+00
2.881680999999999937e+00 2.906914999999999694e+00 2.836809666666666896e+00 1.000000000000000000e+00
3.038130999999999915e+00 2.959906000000000148e+00 2.950653666666666286e+00 1.000000000000000000e+00
3.253147999999999929e+00 3.145639499999999700e+00 3.057653333333333112e+00 0.000000000000000000e+00
3.268988999999999923e+00 3.261068499999999926e+00 3.186755999999999478e+00 0.000000000000000000e+00
3.261384000000000061e+00 3.265186499999999992e+00 3.261173666666666637e+00 0.000000000000000000e+00
3.106867999999999963e+00 3.184126000000000012e+00 3.212413666666666501e+00 1.000000000000000000e+00
3.184124999999999872e+00 3.145496500000000140e+00 3.184125666666666632e+00 0.000000000000000000e+00
3.167568999999999857e+00 3.175847000000000087e+00 3.152854000000000045e+00 1.000000000000000000e+00
3.401876000000000122e+00 3.284722499999999989e+00 3.251189999999999802e+00 1.000000000000000000e+00
3.459731999999999807e+00 3.430804000000000187e+00 3.343059000000000225e+00 0.000000000000000000e+00
3.089459000000000177e+00 3.274595500000000214e+00 3.317022333333333517e+00 1.000000000000000000e+00
3.340110000000000134e+00 3.214784500000000378e+00 3.296433666666666706e+00 0.000000000000000000e+00
3.079921000000000131e+00 3.210015499999999911e+00 3.169830000000000592e+00 0.000000000000000000e+00
2.983105000000000118e+00 3.031513000000000346e+00 3.134378666666666646e+00 1.000000000000000000e+00
3.260165000000000202e+00 3.121635000000000382e+00 3.107730333333333927e+00 1.000000000000000000e+00
3.560024999999999995e+00 3.410095000000000098e+00 3.267765000000000253e+00 1.000000000000000000e+00
3.642961999999999811e+00 3.601493500000000125e+00 3.487717333333333780e+00 0.000000000000000000e+00
3.589212999999999987e+00 3.616087499999999899e+00 3.597400000000000375e+00 1.000000000000000000e+00
3.823583000000000176e+00 3.706398000000000081e+00 3.685252666666666954e+00 1.000000000000000000e+00
3.937421000000000060e+00 3.880501999999999896e+00 3.783405666666666889e+00 1.000000000000000000e+00
4.163091999999999793e+00 4.050256499999999704e+00 3.974698666666666380e+00 0.000000000000000000e+00
3.987582999999999878e+00 4.075337499999999835e+00 4.029365333333333687e+00 0.000000000000000000e+00
3.861216999999999899e+00 3.924399999999999888e+00 4.003963999999999857e+00 1.000000000000000000e+00
4.094006000000000256e+00 3.977611500000000078e+00 3.980935333333333492e+00 1.000000000000000000e+00
4.285448999999999842e+00 4.189727500000000049e+00 4.080224000000000295e+00 1.000000000000000000e+00
4.535802999999999585e+00 4.410625999999999713e+00 4.305086000000000190e+00 1.000000000000000000e+00
5.137618999999999936e+00 4.836710999999999316e+00 4.652956999999999788e+00 1.000000000000000000e+00
5.323039999999999772e+00 5.230329499999999854e+00 4.998820666666666135e+00 1.000000000000000000e+00
5.446651000000000131e+00 5.384845499999999952e+00 5.302436666666666021e+00 1.000000000000000000e+00
5.655019000000000240e+00 5.550835000000000186e+00 5.474903333333333677e+00 1.000000000000000000e+00
5.695299000000000333e+00 5.675159000000000731e+00 5.598989666666667198e+00 1.000000000000000000e+00
6.001409999999999911e+00 5.848354500000000122e+00 5.783909333333333791e+00 1.000000000000000000e+00
6.555527999999999800e+00 6.278468999999999411e+00 6.084079000000000015e+00 0.000000000000000000e+00
6.505227999999999788e+00 6.530377999999999794e+00 6.354055333333332278e+00 0.000000000000000000e+00
5.826204999999999856e+00 6.165716500000000266e+00 6.295653666666666481e+00 1.000000000000000000e+00
6.067139000000000060e+00 5.946671999999999514e+00 6.132857333333333827e+00 1.000000000000000000e+00
6.502369999999999983e+00 6.284754500000000021e+00 6.131904666666666337e+00 0.000000000000000000e+00
6.032320000000000348e+00 6.267345000000000610e+00 6.200609666666667685e+00 1.000000000000000000e+00
6.088267000000000095e+00 6.060293500000000222e+00 6.207652333333332884e+00 1.000000000000000000e+00
6.450662999999999592e+00 6.269465000000000288e+00 6.190416666666666679e+00 0.000000000000000000e+00
6.305701000000000001e+00 6.378181999999999796e+00 6.281543666666666859e+00 1.000000000000000000e+00
6.339425999999999561e+00 6.322563499999999337e+00 6.365263333333333939e+00 1.000000000000000000e+00
6.717896999999999785e+00 6.528661500000000117e+00 6.454341333333332820e+00 0.000000000000000000e+00
6.415121000000000073e+00 6.566508999999999929e+00 6.490814666666666177e+00 0.000000000000000000e+00
6.438921999999999812e+00 6.427021500000000387e+00 6.523979999999999002e+00 1.000000000000000000e+00
6.960993000000000208e+00 6.699957500000000010e+00 6.605011999999999439e+00 0.000000000000000000e+00
6.748301999999999801e+00 6.854647500000000448e+00 6.716072333333332978e+00 1.000000000000000000e+00
7.049558000000000213e+00 6.898930000000000007e+00 6.919617666666667333e+00 0.000000000000000000e+00
7.049558000000000213e+00 7.049558000000000213e+00 6.949139333333334001e+00 1.000000000000000000e+00
7.523475999999999608e+00 7.286516999999999911e+00 7.207530666666666974e+00 1.000000000000000000e+00
7.735807000000000322e+00 7.629641499999999965e+00 7.436280333333333381e+00 0.000000000000000000e+00
7.635080999999999563e+00 7.685444000000000386e+00 7.631454666666666498e+00 1.000000000000000000e+00
7.917118000000000322e+00 7.776099499999999942e+00 7.762668666666667328e+00 0.000000000000000000e+00
7.617009999999999614e+00 7.767063999999999524e+00 7.723069666666666500e+00 1.000000000000000000e+00
8.109754999999999825e+00 7.863382500000000164e+00 7.881294333333332958e+00 0.000000000000000000e+00
7.945508000000000237e+00 8.027631500000000031e+00 7.890757666666666559e+00 1.000000000000000000e+00
8.174348000000000170e+00 8.059927999999999315e+00 8.076537000000000077e+00 0.000000000000000000e+00
7.838987999999999623e+00 8.006667999999999452e+00 7.986281333333333343e+00 1.000000000000000000e+00
8.279147999999999286e+00 8.059067999999999898e+00 8.097494666666666063e+00 1.000000000000000000e+00
8.967563999999999425e+00 8.623355999999999355e+00 8.361900000000000333e+00 0.000000000000000000e+00
8.881952999999999321e+00 8.924758499999999373e+00 8.709554999999999936e+00 1.000000000000000000e+00
9.524022999999999683e+00 9.202987999999999502e+00 9.124513333333332810e+00 1.000000000000000000e+00
9.783958000000000155e+00 9.653990499999999031e+00 9.396644666666666978e+00 1.000000000000000000e+00
1.011081399999999952e+01 9.947385999999999839e+00 9.806264999999998011e+00 1.000000000000000000e+00
1.041587900000000033e+01 1.026334650000000082e+01 1.010355033333333274e+01 0.000000000000000000e+00
1.046170799999999979e+01 1.043879349999999917e+01 1.032946700000000106e+01 0.000000000000000000e+00
1.026222800000000035e+01 1.036196800000000096e+01 1.037993833333333349e+01 1.000000000000000000e+00
1.043953899999999990e+01 1.035088350000000013e+01 1.038782500000000120e+01 1.000000000000000000e+00
1.131379899999999950e+01 1.087666899999999970e+01 1.067185533333333325e+01 1.000000000000000000e+00
1.187835800000000042e+01 1.159607850000000084e+01 1.121056533333333327e+01 1.000000000000000000e+00
1.210418199999999977e+01 1.199127000000000010e+01 1.176544633333333501e+01 0.000000000000000000e+00
1.193784100000000059e+01 1.202101150000000018e+01 1.197346033333333359e+01 1.000000000000000000e+00
1.219037400000000027e+01 1.206410750000000043e+01 1.207746566666666688e+01 0.000000000000000000e+00
1.184600999999999971e+01 1.201819199999999910e+01 1.199140833333333411e+01 1.000000000000000000e+00
1.299249000000000009e+01 1.241924999999999990e+01 1.234295800000000121e+01 0.000000000000000000e+00
1.278254899999999950e+01 1.288751949999999979e+01 1.254034966666666584e+01 1.000000000000000000e+00
1.306245900000000049e+01 1.292250399999999999e+01 1.294583266666666610e+01 1.000000000000000000e+00
1.402679999999999971e+01 1.354462949999999921e+01 1.329060266666666656e+01 1.000000000000000000e+00
1.498722099999999990e+01 1.450701049999999981e+01 1.402549333333333159e+01 0.000000000000000000e+00
1.469078999999999979e+01 1.483900549999999896e+01 1.456827033333333254e+01 1.000000000000000000e+00
1.599834500000000048e+01 1.534456750000000014e+01 1.522545199999999888e+01 0.000000000000000000e+00
1.597427399999999942e+01 1.598630950000000084e+01 1.555446966666666775e+01 0.000000000000000000e+00
1.544460199999999972e+01 1.570943799999999868e+01 1.580574033333333261e+01 0.000000000000000000e+00
1.503912399999999927e+01 1.524186299999999861e+01 1.548599999999999888e+01 0.000000000000000000e+00
1.459967400000000026e+01 1.481939900000000065e+01 1.502779999999999916e+01 1.000000000000000000e+00
1.579597500000000032e+01 1.519782449999999940e+01 1.514492433333333388e+01 1.000000000000000000e+00
1.593720099999999995e+01 1.586658800000000014e+01 1.544428333333333292e+01 1.000000000000000000e+00
1.640848899999999944e+01 1.617284499999999881e+01 1.604722166666666894e+01 0.000000000000000000e+00
1.585037100000000088e+01 1.612942999999999927e+01 1.606535366666666675e+01 1.000000000000000000e+00
1.686132999999999882e+01 1.635585049999999896e+01 1.637339666666666460e+01 0.000000000000000000e+00
1.663483599999999996e+01 1.674808300000000116e+01 1.644884566666666714e+01 0.000000000000000000e+00
1.491095800000000082e+01 1.577289700000000039e+01 1.613570800000000105e+01 1.000000000000000000e+00
1.718285399999999896e+01 1.604690599999999989e+01 1.624288266666666658e+01 0.000000000000000000e+00
1.665906899999999879e+01 1.692096149999999710e+01 1.625096033333333523e+01 1.000000000000000000e+00
1.709342799999999940e+01 1.687624849999999910e+01 1.697845033333333120e+01 1.000000000000000000e+00
1.721296099999999996e+01 1.715319449999999790e+01 1.698848599999999820e+01 0.000000000000000000e+00
1.546182800000000057e+01 1.633739450000000204e+01 1.658940566666666427e+01 1.000000000000000000e+00
1.595474300000000056e+01 1.570828550000000057e+01 1.620984400000000036e+01 1.000000000000000000e+00
1.870636400000000066e+01 1.733055350000000061e+01 1.670764499999999941e+01 1.000000000000000000e+00
2.102489500000000078e+01 1.986562950000000072e+01 1.856200066666666615e+01 0.000000000000000000e+00
1.949676300000000140e+01 2.026082900000000109e+01 1.974267400000000094e+01 1.000000000000000000e+00
2.029513400000000090e+01 1.989594850000000292e+01 2.027226400000000339e+01 0.000000000000000000e+00
1.948118799999999951e+01 1.988816100000000020e+01 1.975769500000000178e+01 1.000000000000000000e+00
1.970802700000000129e+01 1.959460750000000218e+01 1.982811633333333390e+01 0.000000000000000000e+00
1.919297399999999953e+01 1.945050050000000041e+01 1.946072966666666915e+01 1.000000000000000000e+00
1.974714300000000122e+01 1.947005850000000038e+01 1.954938133333333283e+01 0.000000000000000000e+00
1.915243500000000054e+01 1.944978900000000266e+01 1.936418399999999806e+01 0.000000000000000000e+00
1.899702500000000072e+01 1.907473000000000241e+01 1.929886766666666986e+01 0.000000000000000000e+00
1.833912499999999923e+01 1.866807500000000175e+01 1.882952833333333231e+01 0.000000000000000000e+00
1.637910700000000119e+01 1.735911600000000021e+01 1.790508566666666823e+01 1.000000000000000000e+00
2.061756700000000109e+01 1.849833699999999936e+01 1.844526633333333265e+01 0.000000000000000000e+00
1.898655899999999974e+01 1.980206300000000041e+01 1.866107766666666734e+01 1.000000000000000000e+00
2.061756700000000109e+01 1.980206300000000041e+01 2.007389766666666731e+01 0.000000000000000000e+00
1.918521700000000152e+01 1.990139200000000130e+01 1.959644766666666627e+01 0.000000000000000000e+00
1.786683999999999983e+01 1.852602850000000245e+01 1.922320799999999963e+01 1.000000000000000000e+00
1.911804599999999965e+01 1.849244300000000152e+01 1.872336766666666819e+01 1.000000000000000000e+00
1.958916299999999922e+01 1.935360449999999943e+01 1.885801633333333527e+01 0.000000000000000000e+00
1.887108999999999881e+01 1.923012649999999724e+01 1.919276633333333493e+01 0.000000000000000000e+00
1.881364100000000050e+01 1.884236549999999966e+01 1.909129799999999832e+01 1.000000000000000000e+00
1.970654100000000142e+01 1.926009100000000274e+01 1.913042400000000143e+01 0.000000000000000000e+00
1.943639200000000145e+01 1.957146649999999966e+01 1.931885800000000231e+01 1.000000000000000000e+00
1.999185599999999852e+01 1.971412399999999820e+01 1.971159633333333261e+01 1.000000000000000000e+00
2.080580499999999944e+01 2.039883049999999898e+01 2.007801766666666410e+01 1.000000000000000000e+00
2.288163899999999984e+01 2.184372199999999964e+01 2.122643333333333260e+01 0.000000000000000000e+00
2.276078800000000157e+01 2.282121349999999893e+01 2.214941066666666813e+01 0.000000000000000000e+00
2.174189799999999906e+01 2.225134299999999854e+01 2.246144166666666209e+01 1.000000000000000000e+00
2.195570400000000078e+01 2.184880100000000169e+01 2.215279666666666358e+01 0.000000000000000000e+00
2.180196000000000112e+01 2.187883200000000272e+01 2.183318733333333128e+01 0.000000000000000000e+00
2.065156400000000048e+01 2.122676200000000080e+01 2.146974266666667219e+01 1.000000000000000000e+00
2.157752999999999943e+01 2.111454700000000173e+01 2.134368466666666464e+01 0.000000000000000000e+00
2.071491999999999933e+01 2.114622500000000116e+01 2.098133800000000093e+01 1.000000000000000000e+00
2.218019299999999916e+01 2.144755649999999747e+01 2.149088100000000168e+01 0.000000000000000000e+00
2.074211100000000130e+01 2.146115199999999845e+01 2.121240799999999993e+01 1.000000000000000000e+00
2.090052199999999871e+01 2.082131650000000178e+01 2.127427533333333187e+01 1.000000000000000000e+00
2.272978799999999922e+01 2.181515499999999719e+01 2.145747366666666878e+01 0.000000000000000000e+00
2.183339499999999944e+01 2.228159149999999755e+01 2.182123499999999794e+01 1.000000000000000000e+00
2.196935699999999869e+01 2.190137599999999907e+01 2.217751333333333363e+01 1.000000000000000000e+00
2.263663100000000128e+01 2.230299399999999821e+01 2.214646099999999862e+01 0.000000000000000000e+00
1.918357999999999919e+01 2.091010550000000023e+01 2.126318933333333305e+01 1.000000000000000000e+00
1.960050599999999932e+01 1.939204300000000103e+01 2.047357233333333326e+01 0.000000000000000000e+00
1.803913100000000114e+01 1.881981850000000023e+01 1.894107233333333440e+01 0.000000000000000000e+00
1.761713599999999857e+01 1.782813349999999986e+01 1.841892433333333301e+01 0.000000000000000000e+00
1.746084199999999953e+01 1.753898900000000083e+01 1.770570299999999975e+01 1.000000000000000000e+00
1.768998500000000007e+01 1.757541349999999980e+01 1.758932100000000176e+01 0.000000000000000000e+00
1.713651499999999928e+01 1.741324999999999790e+01 1.742911399999999844e+01 0.000000000000000000e+00
1.707530799999999971e+01 1.710591149999999772e+01 1.730060266666666635e+01 1.000000000000000000e+00
1.758453799999999845e+01 1.732992300000000085e+01 1.726545366666666226e+01 0.000000000000000000e+00
1.708406599999999997e+01 1.733430200000000099e+01 1.724797066666666723e+01 1.000000000000000000e+00
1.929539300000000068e+01 1.818972949999999855e+01 1.798799900000000207e+01 1.000000000000000000e+00
2.005203600000000108e+01 1.967371450000000266e+01 1.881049833333333154e+01 0.000000000000000000e+00
2.002704200000000156e+01 2.003953900000000132e+01 1.979149033333333563e+01 1.000000000000000000e+00
2.023811299999999846e+01 2.013257750000000001e+01 2.010573033333333370e+01 0.000000000000000000e+00
2.024181600000000003e+01 2.023996449999999925e+01 2.016899033333333335e+01 1.000000000000000000e+00
2.104922699999999836e+01 2.064552150000000097e+01 2.050971866666666799e+01 1.000000000000000000e+00
2.127586000000000155e+01 2.116254349999999818e+01 2.085563433333333450e+01 1.000000000000000000e+00
2.495531099999999824e+01 2.311558550000000167e+01 2.242679933333333153e+01 0.000000000000000000e+00
2.494375799999999899e+01 2.494953449999999862e+01 2.372497633333333411e+01 1.000000000000000000e+00
2.552149199999999851e+01 2.523262499999999875e+01 2.514018699999999740e+01 1.000000000000000000e+00
2.578751600000000010e+01 2.565450399999999931e+01 2.541758866666666350e+01 1.000000000000000000e+00
2.688036299999999912e+01 2.633393949999999961e+01 2.606312366666666591e+01 0.000000000000000000e+00
2.655719799999999964e+01 2.671878050000000115e+01 2.640835900000000080e+01 1.000000000000000000e+00
2.808955200000000119e+01 2.732337499999999864e+01 2.717570433333333213e+01 1.000000000000000000e+00
2.854920999999999864e+01 2.831938099999999991e+01 2.773198666666666767e+01 1.000000000000000000e+00
2.910139099999999956e+01 2.882530049999999733e+01 2.858005099999999743e+01 1.000000000000000000e+00
3.255942499999999740e+01 3.083040799999999848e+01 3.007000866666666639e+01 0.000000000000000000e+00
3.220737499999999898e+01 3.238339999999999463e+01 3.128939699999999746e+01 1.000000000000000000e+00
3.314215099999999836e+01 3.267476299999999867e+01 3.263631699999999825e+01 0.000000000000000000e+00
3.211605099999999879e+01 3.262910099999999858e+01 3.248852566666666775e+01 1.000000000000000000e+00
3.327200700000000211e+01 3.269402900000000045e+01 3.284340300000000212e+01 1.000000000000000000e+00
3.796923100000000062e+01 3.562061900000000492e+01 3.445242966666666717e+01 0.000000000000000000e+00
3.591040799999999678e+01 3.693981949999999870e+01 3.571721533333333554e+01 0.000000000000000000e+00
3.202437199999999962e+01 3.396738999999999464e+01 3.530133699999999664e+01 1.000000000000000000e+00
3.312058999999999997e+01 3.257248099999999624e+01 3.368512333333332975e+01 1.000000000000000000e+00
3.474810000000000088e+01 3.393434500000000043e+01 3.329768733333332875e+01 1.000000000000000000e+00
3.604679099999999892e+01 3.539744550000000345e+01 3.463849366666666896e+01 1.000000000000000000e+00
3.815330500000000313e+01 3.710004800000000103e+01 3.631606533333333431e+01 1.000000000000000000e+00
4.052176699999999698e+01 3.933753600000000006e+01 3.824062099999999731e+01 0.000000000000000000e+00
3.572650900000000007e+01 3.812413800000000208e+01 3.813386033333333103e+01 0.000000000000000000e+00
3.587673999999999808e+01 3.580162450000000263e+01 3.737500533333333408e+01 0.000000000000000000e+00
3.582305499999999654e+01 3.584989749999999731e+01 3.580876800000000060e+01 1.000000000000000000e+00
3.747002400000000222e+01 3.664653950000000293e+01 3.638993966666666324e+01 0.000000000000000000e+00
3.564007200000000353e+01 3.655504799999999932e+01 3.631105033333333409e+01 1.000000000000000000e+00
3.687334800000000001e+01 3.625670999999999822e+01 3.666114799999999718e+01 1.000000000000000000e+00
3.881338099999999969e+01 3.784336449999999985e+01 3.710893366666666537e+01 0.000000000000000000e+00
3.803099799999999675e+01 3.842218950000000177e+01 3.790590900000000119e+01 1.000000000000000000e+00
3.981419400000000053e+01 3.892259599999999864e+01 3.888619100000000373e+01 1.000000000000000000e+00
4.220074499999999773e+01 4.100746949999999913e+01 4.001531233333333404e+01 0.000000000000000000e+00
4.131540700000000044e+01 4.175807600000000264e+01 4.111011533333333290e+01 1.000000000000000000e+00
4.193668000000000262e+01 4.162604350000000153e+01 4.181761066666666693e+01 1.000000000000000000e+00
4.344964199999999721e+01 4.269316100000000347e+01 4.223390966666666912e+01 1.000000000000000000e+00
4.676009799999999927e+01 4.510486999999999824e+01 4.404880666666667111e+01 1.000000000000000000e+00
4.789632799999999690e+01 4.732821299999999809e+01 4.603535600000000017e+01 0.000000000000000000e+00
4.747291899999999742e+01 4.768462350000000072e+01 4.737644833333333594e+01 0.000000000000000000e+00
4.463288500000000170e+01 4.605290200000000311e+01 4.666737733333334148e+01 1.000000000000000000e+00
4.852287700000000115e+01 4.657788100000000497e+01 4.687622700000000009e+01 1.000000000000000000e+00
5.103562900000000013e+01 4.977925299999999709e+01 4.806379700000000099e+01 1.000000000000000000e+00
5.346307000000000187e+01 5.224934950000000100e+01 5.100719199999999631e+01 1.000000000000000000e+00
5.566719799999999907e+01 5.456513400000000047e+01 5.338863233333333369e+01 1.000000000000000000e+00
5.634124400000000321e+01 5.600422100000000114e+01 5.515717066666667279e+01 1.000000000000000000e+00
5.799327900000000113e+01 5.716726150000000217e+01 5.666724033333333210e+01 1.000000000000000000e+00
6.227732799999999713e+01 6.013530349999999913e+01 5.887061700000000286e+01 0.000000000000000000e+00
6.089974600000000038e+01 6.158853700000000231e+01 6.039011766666666858e+01 0.000000000000000000e+00
5.841079299999999819e+01 5.965526950000000284e+01 6.052928900000000567e+01 1.000000000000000000e+00
6.252861000000000047e+01 6.046970149999999933e+01 6.061304966666667582e+01 0.000000000000000000e+00
5.577528000000000219e+01 5.915194499999999778e+01 5.890489433333333835e+01 1.000000000000000000e+00
5.805989499999999737e+01 5.691758749999999623e+01 5.878792833333333334e+01 0.000000000000000000e+00
5.760075799999999902e+01 5.783032649999999819e+01 5.714531099999999242e+01 1.000000000000000000e+00
6.488183600000000695e+01 6.124129700000000298e+01 6.018082966666666067e+01 1.000000000000000000e+00
6.690624200000000599e+01 6.589403900000000647e+01 6.312961200000000872e+01 1.000000000000000000e+00
6.734067500000000450e+01 6.712345849999999814e+01 6.637625100000001055e+01 0.000000000000000000e+00
5.744303099999999773e+01 6.239185299999999756e+01 6.389664933333332897e+01 1.000000000000000000e+00
5.863863400000000325e+01 5.804083250000000049e+01 6.114077999999999946e+01 0.000000000000000000e+00
5.645387999999999806e+01 5.754625699999999711e+01 5.751184833333334012e+01 0.000000000000000000e+00
5.106036799999999687e+01 5.375712399999999747e+01 5.538429399999998992e+01 1.000000000000000000e+00
5.407881199999999922e+01 5.256958999999999804e+01 5.386435333333332665e+01 0.000000000000000000e+00
5.106759600000000177e+01 5.257320400000000404e+01 5.206892533333333262e+01 0.000000000000000000e+00
4.868577599999999705e+01 4.987668599999999941e+01 5.127739466666667312e+01 0.000000000000000000e+00
4.191311300000000273e+01 4.529944449999999989e+01 4.722216166666666481e+01 1.000000000000000000e+00
4.684865200000000129e+01 4.438088249999999846e+01 4.581584699999999799e+01 0.000000000000000000e+00
4.605436300000000216e+01 4.645150750000000528e+01 4.493870933333332829e+01 1.000000000000000000e+00
4.645151500000000055e+01 4.625293899999999780e+01 4.645151000000000607e+01 0.000000000000000000e+00
4.660535399999999839e+01 4.652843450000000303e+01 4.637041066666666467e+01 1.000000000000000000e+00
4.887056400000000167e+01 4.773795900000000358e+01 4.730914433333333591e+01 1.000000000000000000e+00
4.920119900000000257e+01 4.903588150000000212e+01 4.822570566666666991e+01 1.000000000000000000e+00
5.004172499999999957e+01 4.962146200000000107e+01 4.937116266666667030e+01 1.000000000000000000e+00
5.438295699999999755e+01 5.221234099999999501e+01 5.120862699999999990e+01 1.000000000000000000e+00
5.544875700000000052e+01 5.491585700000000259e+01 5.329114633333333018e+01 0.000000000000000000e+00
5.518417399999999873e+01 5.531646549999999962e+01 5.500529600000000841e+01 0.000000000000000000e+00
5.169351999999999947e+01 5.343884699999999555e+01 5.410881699999999483e+01 0.000000000000000000e+00
5.182252100000000183e+01 5.175802050000000065e+01 5.290007166666666194e+01 1.000000000000000000e+00
5.487292099999999806e+01 5.334772099999999995e+01 5.279632066666666645e+01 1.000000000000000000e+00
5.893249099999999885e+01 5.690270599999999490e+01 5.520931099999999248e+01 0.000000000000000000e+00
5.345460899999999782e+01 5.619355000000000189e+01 5.575334033333333394e+01 0.000000000000000000e+00
4.956407899999999955e+01 5.150934399999999869e+01 5.398372633333332971e+01 1.000000000000000000e+00
5.566281500000000193e+01 5.261344700000000074e+01 5.289383433333333073e+01 0.000000000000000000e+00
5.410710900000000123e+01 5.488496200000000158e+01 5.311133433333333187e+01 1.000000000000000000e+00
5.975152200000000136e+01 5.692931550000000129e+01 5.650714866666666580e+01 1.000000000000000000e+00
6.089421500000000265e+01 6.032286849999999845e+01 5.825094866666666604e+01 0.000000000000000000e+00
5.969254300000000057e+01 6.029337900000000161e+01 6.011276000000000153e+01 1.000000000000000000e+00
6.784677899999999795e+01 6.376966099999999926e+01 6.281117900000000276e+01 1.000000000000000000e+00
7.058296199999999487e+01 6.921487049999998931e+01 6.604076133333332166e+01 1.000000000000000000e+00
7.714086199999999849e+01 7.386191199999998958e+01 7.185686766666665903e+01 1.000000000000000000e+00
8.052275799999999606e+01 7.883180999999999017e+01 7.608219400000000121e+01 1.000000000000000000e+00
8.198355100000000562e+01 8.125315449999999373e+01 7.988239033333333339e+01 0.000000000000000000e+00
7.859003400000000283e+01 8.028679250000000422e+01 8.036544766666666817e+01 0.000000000000000000e+00
7.763507099999999639e+01 7.811255249999999251e+01 7.940288533333334442e+01 1.000000000000000000e+00
7.852587900000000332e+01 7.808047500000000696e+01 7.825032799999999611e+01 0.000000000000000000e+00
7.461543299999999590e+01 7.657065599999999961e+01 7.692546099999999853e+01 0.000000000000000000e+00
7.045720699999999681e+01 7.253631999999998925e+01 7.453283966666667482e+01 1.000000000000000000e+00
7.993876600000000110e+01 7.519798649999999895e+01 7.500380199999999320e+01 0.000000000000000000e+00
7.824182899999999563e+01 7.909029749999999126e+01 7.621260066666665978e+01 1.000000000000000000e+00
8.160615500000000111e+01 7.992399199999999837e+01 7.992891666666666595e+01 0.000000000000000000e+00
7.909047700000000702e+01 8.034831600000001117e+01 7.964615366666667740e+01 1.000000000000000000e+00
8.369232900000000086e+01 8.139140299999999684e+01 8.146298700000001247e+01 0.000000000000000000e+00
8.285762800000000539e+01 8.327497850000000312e+01 8.188014466666666635e+01 0.000000000000000000e+00
8.235528600000000665e+01 8.260645700000000602e+01 8.296841433333334237e+01 0.000000000000000000e+00
7.597924799999999834e+01 7.916726700000000960e+01 8.039738733333332732e+01 1.000000000000000000e+00
8.226989700000000028e+01 7.912457249999999931e+01 8.020147700000001123e+01 1.000000000000000000e+00
8.545151500000000055e+01 8.386070599999999331e+01 8.123355333333333306e+01 1.000000000000000000e+00
8.746341700000000685e+01 8.645746600000001081e+01 8.506160966666665502e+01 1.000000000000000000e+00
9.162224600000000407e+01 8.954283150000000546e+01 8.817905933333334190e+01 0.000000000000000000e+00
8.665438799999999731e+01 8.913831700000000069e+01 8.858001699999999801e+01 0.000000000000000000e+00
8.307788800000000151e+01 8.486613800000000651e+01 8.711817399999999623e+01 1.000000000000000000e+00
8.573661800000000710e+01 8.440725299999999720e+01 8.515629800000000671e+01 1.000000000000000000e+00
9.129436499999999910e+01 8.851549149999999599e+01 8.670295700000001204e+01 1.000000000000000000e+00
9.288001300000000526e+01 9.208718899999999508e+01 8.997033199999999908e+01 1.000000000000000000e+00
9.493746899999999300e+01 9.390874099999999203e+01 9.303728233333333719e+01 1.000000000000000000e+00
9.748628200000000277e+01 9.621187549999999078e+01 9.510125466666666227e+01 1.000000000000000000e+00
9.807752200000000187e+01 9.778190200000000232e+01 9.683375766666665641e+01 0.000000000000000000e+00
9.531647499999999695e+01 9.669699850000000652e+01 9.696009299999998632e+01 1.000000000000000000e+00
1.013975980000000021e+02 9.835703649999999243e+01 9.826386500000000979e+01 0.000000000000000000e+00
9.699984000000000606e+01 9.919871900000001119e+01 9.790463766666665890e+01 1.000000000000000000e+00
9.867011300000000062e+01 9.783497650000001045e+01 9.902251700000000767e+01 0.000000000000000000e+00
9.741948700000000372e+01 9.804480000000000928e+01 9.769648000000000820e+01 1.000000000000000000e+00
9.943349499999999352e+01 9.842649099999999862e+01 9.850769833333333736e+01 1.000000000000000000e+00
1.022911759999999930e+02 1.008623355000000004e+02 9.971471933333333482e+01 0.000000000000000000e+00
9.141592400000000396e+01 9.685354999999999848e+01 9.771353166666666823e+01 1.000000000000000000e+00
9.444591499999999940e+01 9.293091950000000168e+01 9.605100499999998931e+01 1.000000000000000000e+00
9.824263799999999947e+01 9.634427650000000654e+01 9.470149233333332006e+01 1.000000000000000000e+00
1.037037660000000017e+02 1.009732020000000006e+02 9.879743966666667632e+01 0.000000000000000000e+00
1.014482419999999934e+02 1.025760039999999975e+02 1.011315486666666601e+02 1.000000000000000000e+00
1.087802049999999952e+02 1.051142234999999943e+02 1.046440709999999967e+02 0.000000000000000000e+00
1.076886669999999953e+02 1.082344359999999881e+02 1.059723713333333279e+02 0.000000000000000000e+00
1.078636400000000037e+02 1.077761534999999924e+02 1.081108373333333219e+02 0.000000000000000000e+00
1.002679059999999964e+02 1.040657730000000072e+02 1.052734043333333176e+02 1.000000000000000000e+00
1.007973099999999960e+02 1.005326079999999962e+02 1.029762853333333368e+02 0.000000000000000000e+00
9.148648099999999772e+01 9.614189550000000395e+01 9.751723233333332530e+01 1.000000000000000000e+00
9.514217399999999714e+01 9.331432749999999032e+01 9.580865500000000168e+01 0.000000000000000000e+00
8.695781700000000569e+01 9.104999549999999431e+01 9.119549066666665738e+01 1.000000000000000000e+00
9.047750899999999774e+01 8.871766300000000172e+01 9.085916666666666686e+01 0.000000000000000000e+00
8.991045400000000143e+01 9.019398150000000669e+01 8.911525999999999215e+01 1.000000000000000000e+00
9.511768299999999954e+01 9.251406850000000759e+01 9.183521533333333764e+01 0.000000000000000000e+00
8.821468400000000543e+01 9.166618350000000248e+01 9.108094033333334494e+01 0.000000000000000000e+00
8.344531999999999528e+01 8.583000200000000746e+01 8.892589566666667622e+01 0.000000000000000000e+00
7.653408100000000047e+01 7.998970049999999787e+01 8.273136166666667179e+01 0.000000000000000000e+00
7.005532800000000293e+01 7.329470449999999460e+01 7.667824299999999482e+01 0.000000000000000000e+00
6.908991199999999822e+01 6.957262000000000057e+01 7.189310700000000054e+01 1.000000000000000000e+00
7.960053999999999519e+01 7.434522599999999670e+01 7.291526000000000352e+01 0.000000000000000000e+00
7.998591600000000312e+01 7.979322799999999916e+01 7.622545599999999411e+01 0.000000000000000000e+00
7.975706499999999721e+01 7.987149049999999306e+01 7.978117366666667465e+01 0.000000000000000000e+00
7.666288799999999526e+01 7.820997649999999624e+01 7.880195633333333660e+01 0.000000000000000000e+00
7.397653999999999996e+01 7.531971400000000472e+01 7.679883099999999274e+01 1.000000000000000000e+00
8.565286299999999642e+01 7.981470149999999819e+01 7.876409700000000669e+01 1.000000000000000000e+00
9.174014999999999986e+01 8.869650649999999814e+01 8.378985099999999875e+01 0.000000000000000000e+00
9.068071000000000481e+01 9.121043000000000234e+01 8.935790766666666229e+01 1.000000000000000000e+00
9.511434900000000425e+01 9.289752950000000453e+01 9.251173633333333157e+01 0.000000000000000000e+00
9.298214000000000112e+01 9.404824450000000979e+01 9.292573299999999392e+01 0.000000000000000000e+00
9.125822399999999845e+01 9.212018199999999979e+01 9.311823766666667268e+01 1.000000000000000000e+00
9.436527999999999849e+01 9.281175199999999847e+01 9.286854799999998988e+01 1.000000000000000000e+00
9.604318200000000161e+01 9.520423099999999295e+01 9.388889533333333759e+01 1.000000000000000000e+00
1.022871250000000032e+02 9.916515350000000240e+01 9.756519566666666776e+01 1.000000000000000000e+00
1.089971390000000042e+02 1.056421320000000037e+02 1.024424819999999983e+02 0.000000000000000000e+00
1.031166690000000017e+02 1.060569040000000030e+02 1.048003110000000078e+02 1.000000000000000000e+00
1.041816330000000050e+02 1.036491510000000034e+02 1.054318136666666561e+02 0.000000000000000000e+00
1.003827129999999954e+02 1.022821730000000002e+02 1.025603383333333340e+02 0.000000000000000000e+00
9.975630200000000514e+01 1.000695075000000003e+02 1.014402160000000066e+02 0.000000000000000000e+00
9.674584199999999612e+01 9.825107199999999352e+01 9.896161899999999889e+01 1.000000000000000000e+00
9.853273799999999483e+01 9.763928999999998837e+01 9.834496066666666536e+01 1.000000000000000000e+00
1.031226879999999966e+02 1.008277129999999886e+02 9.946708933333331970e+01 0.000000000000000000e+00
1.016399380000000008e+02 1.023813130000000058e+02 1.010984546666666546e+02 1.000000000000000000e+00
1.120859070000000060e+02 1.068629224999999963e+02 1.056161776666666725e+02 0.000000000000000000e+00
1.105500870000000049e+02 1.113179970000000054e+02 1.080919773333333325e+02 1.000000000000000000e+00
1.135072559999999982e+02 1.120286715000000015e+02 1.120477500000000077e+02 1.000000000000000000e+00
1.205395050000000055e+02 1.170233805000000018e+02 1.148656160000000028e+02 0.000000000000000000e+00
1.206935500000000019e+02 1.206165275000000037e+02 1.182467703333333446e+02 0.000000000000000000e+00
1.077624440000000021e+02 1.142279970000000020e+02 1.163318330000000032e+02 1.000000000000000000e+00
1.108967590000000030e+02 1.093296014999999954e+02 1.131175843333333404e+02 1.000000000000000000e+00
1.216616439999999955e+02 1.162792014999999992e+02 1.134402823333333146e+02 0.000000000000000000e+00
1.208739620000000059e+02 1.212678030000000007e+02 1.178107883333333348e+02 1.000000000000000000e+00
1.240173419999999993e+02 1.224456519999999955e+02 1.221843160000000097e+02 0.000000000000000000e+00
1.238603970000000061e+02 1.239388695000000098e+02 1.229172336666666752e+02 0.000000000000000000e+00
1.161994320000000016e+02 1.200299145000000038e+02 1.213590570000000071e+02 1.000000000000000000e+00
