1989-11-01,17.093750,17.281250,15.250000,17.156250,2.334635,117798400
1989-12-01,17.187500,18.375000,16.375000,16.937500,2.304867,85676400
1990-01-01,16.843750,17.312500,15.781250,16.718750,2.275100,48614400
1990-02-01,16.750000,17.656250,16.437500,16.781250,2.283605,44566000
1990-03-01,16.781250,17.625000,16.625000,16.875000,2.396321,36794000
1990-04-01,16.687500,17.187500,15.906250,16.468750,2.338632,29610800
1990-05-01,16.437500,17.750000,16.343750,17.500000,2.485072,36984000
1990-06-01,17.625000,18.062500,16.937500,17.593750,2.609293,40874400
1990-07-01,17.593750,19.968750,17.281250,19.843750,2.942986,54064000
1990-08-01,19.875000,20.406250,18.437500,18.968750,2.928148,101664800
1990-09-01,18.812500,19.593750,18.312500,18.500000,2.855789,34142400
1990-10-01,18.500000,18.687500,16.625000,17.031250,2.629063,44988000
1990-11-01,17.093750,17.625000,16.812500,17.468750,2.696599,35916000
1990-12-01,17.500000,18.343750,17.156250,18.156250,2.932149,32778400
1991-01-01,18.156250,18.562500,17.468750,17.843750,2.881681,35381200
1991-02-01,17.843750,18.875000,17.187500,18.812500,3.038131,46930400
1991-03-01,18.812500,20.031250,18.562500,19.250000,3.253148,32504400
1991-04-01,19.156250,19.937500,18.625000,19.343750,3.268989,34960400
1991-05-01,19.500000,19.656250,18.062500,18.468750,3.261384,33173200
1991-06-01,18.468750,18.625000,17.218750,17.593750,3.106868,35006000
1991-07-01,17.625000,18.656250,17.093750,18.031250,3.184125,32866000
1991-08-01,18.000000,18.218750,17.093750,17.937500,3.167569,34166800
1991-09-01,17.968750,18.406250,17.718750,18.375000,3.401876,27174800
1991-10-01,18.437500,19.468750,18.281250,18.687500,3.459732,33139200
1991-11-01,18.562500,18.812500,16.687500,16.687500,3.089459,32751200
1991-12-01,16.593750,17.312500,15.875000,17.250000,3.340110,36424400
1992-01-01,17.281250,17.531250,15.812500,15.906250,3.079921,50604400
1992-02-01,15.906250,16.593750,15.031250,15.406250,2.983105,43651200
1992-03-01,15.343750,16.093750,15.218750,15.968750,3.260165,37964400
1992-04-01,15.937500,17.437500,15.781250,17.437500,3.560025,42252000
1992-05-01,17.500000,18.156250,16.562500,17.843750,3.642962,36289600
1992-06-01,17.750000,18.437500,16.687500,16.750000,3.589213,32501200
1992-07-01,16.750000,17.906250,16.375000,17.843750,3.823583,32974800
1992-08-01,17.843750,18.437500,17.468750,18.375000,3.937421,37070400
1992-09-01,18.312500,18.843750,18.062500,18.531250,4.163092,37231600
1992-10-01,18.750000,18.812500,17.750000,17.750000,3.987583,34117200
1992-11-01,17.812500,17.812500,16.656250,17.187500,3.861217,34274000
1992-12-01,17.187500,17.593750,16.750000,17.375000,4.094006,36197200
1993-01-01,17.437500,18.187500,16.843750,18.187500,4.285449,45754800
1993-02-01,18.250000,19.906250,18.187500,19.250000,4.535803,49798400
1993-03-01,19.281250,20.875000,18.812500,20.781250,5.137619,50536800
1993-04-01,20.718750,21.625000,19.875000,21.531250,5.323040,50942800
1993-05-01,21.531250,22.156250,20.906250,22.031250,5.446651,43216400
1993-06-01,22.031250,22.718750,21.187500,21.937500,5.655019,43639600
1993-07-01,21.937500,22.468750,20.312500,22.093750,5.695299,39445600
1993-08-01,22.000000,23.343750,21.062500,23.281250,6.001410,38451200
1993-09-01,23.218750,24.468750,22.062500,24.437500,6.555528,45430800
1993-10-01,24.437500,24.687500,23.437500,24.250000,6.505228,39918800
1993-11-01,24.250000,24.250000,21.062500,21.718750,5.826205,96618000
1993-12-01,21.843750,22.250000,20.875000,21.781250,6.067139,49773600
1994-01-01,21.843750,23.437500,21.781250,23.343750,6.502370,50908800
1994-02-01,23.218750,23.656250,21.406250,21.656250,6.032320,44487600
1994-03-01,21.687500,23.187500,20.593750,21.000000,6.088267,58217200
1994-04-01,20.906250,23.218750,20.687500,22.250000,6.450663,51779600
1994-05-01,22.250000,22.437500,21.187500,21.750000,6.305701,59314400
1994-06-01,21.781250,22.781250,20.625000,20.937500,6.339426,46032800
1994-07-01,21.125000,22.687500,20.875000,22.187500,6.717897,41415600
1994-08-01,22.312500,22.312500,20.625000,21.187500,6.415121,39430800
1994-09-01,21.125000,21.875000,19.937500,20.812500,6.438922,43711600
1994-10-01,20.937500,23.250000,20.500000,22.500000,6.960993,44523000
1994-11-01,22.375000,22.437500,20.750000,21.812500,6.748302,36570600
1994-12-01,21.812500,22.875000,21.125000,22.312500,7.049558,33749600
1995-01-01,22.437500,23.687500,21.687500,22.312500,7.049558,39939200
1995-02-01,22.437500,23.875000,22.062500,23.812500,7.523476,31388800
1995-03-01,23.625000,24.250000,23.187500,24.000000,7.735807,48397000
1995-04-01,23.875000,24.125000,22.125000,23.687500,7.635081,38578600
1995-05-01,24.000000,24.937500,23.375000,24.562500,7.917118,41523800
1995-06-01,24.562500,24.875000,23.000000,23.187500,7.617010,35895800
1995-07-01,23.312500,24.812500,23.312500,24.687500,8.109755,36972600
1995-08-01,24.687500,25.062500,23.312500,24.187500,7.945508,36713800
1995-09-01,24.250000,25.187500,24.125000,24.375000,8.174348,39106800
1995-10-01,24.312500,25.437500,23.062500,23.375000,7.838988,43784200
1995-11-01,23.500000,25.500000,23.437500,24.687500,8.279148,40346800
1995-12-01,24.687500,26.812500,24.375000,26.187500,8.967564,44781800
1996-01-01,26.312500,28.250000,25.500000,25.937500,8.881953,55583000
1996-02-01,25.937500,29.437500,25.750000,27.812500,9.524023,56597800
1996-03-01,27.937500,29.000000,26.375000,28.062500,9.783958,51923800
1996-04-01,28.125000,29.500000,27.500000,29.000000,10.110814,44034000
1996-05-01,28.875000,31.062500,27.250000,29.875000,10.415879,47591200
1996-06-01,29.687500,30.562500,29.187500,29.500000,10.461708,44856000
1996-07-01,29.562500,30.562500,27.937500,28.937500,10.262228,43630800
1996-08-01,28.875000,30.187500,28.625000,29.437500,10.439539,34724600
1996-09-01,29.875000,31.687500,29.437500,31.312500,11.313799,45396200
1996-10-01,31.312500,34.187500,31.125000,32.875000,11.878358,45123600
1996-11-01,32.937500,34.187500,31.937500,33.500000,12.104182,42408000
1996-12-01,33.375000,34.000000,30.125000,32.500000,11.937841,50695000
1997-01-01,32.625000,34.750000,31.937500,33.187500,12.190374,58792400
1997-02-01,33.062500,34.625000,32.187500,32.250000,11.846010,48097800
1997-03-01,31.937500,36.375000,31.750000,34.812500,12.992490,54855800
1997-04-01,34.750000,34.750000,30.875000,34.250000,12.782549,52047800
1997-05-01,34.187500,36.500000,33.375000,35.000000,13.062459,46799200
1997-06-01,35.125000,38.625000,34.750000,36.968750,14.026800,48926200
1997-07-01,37.187500,40.062500,36.750000,39.500000,14.987221,43502200
1997-08-01,39.375000,41.000000,37.843750,38.718750,14.690790,45596600
1997-09-01,38.750000,44.593750,38.750000,41.531250,15.998345,57533600
1997-10-01,41.593750,44.437500,38.406250,41.468750,15.974274,55994000
1997-11-01,42.093750,43.406250,39.781250,40.093750,15.444602,37422200
1997-12-01,39.656250,40.093750,35.750000,38.500000,15.039124,56457200
1998-01-01,38.250000,39.156250,33.875000,37.375000,14.599674,67128400
1998-02-01,37.500000,41.406250,37.406250,40.437500,15.795975,55060200
1998-03-01,40.562500,45.093750,40.093750,40.156250,15.937201,72671200
1998-04-01,40.687500,42.812500,39.250000,41.343750,16.408489,59864200
1998-05-01,41.750000,43.406250,38.687500,39.937500,15.850371,48326600
1998-06-01,39.937500,42.625000,38.781250,41.875000,16.861330,51552800
1998-07-01,42.000000,43.156250,40.000000,41.312500,16.634836,56844400
1998-08-01,41.312500,41.312500,37.031250,37.031250,14.910958,66645800
1998-09-01,36.906250,44.500000,36.500000,42.031250,17.182854,67984800
1998-10-01,42.000000,44.718750,39.218750,40.750000,16.659069,77525200
1998-11-01,40.750000,42.812500,39.187500,41.812500,17.093428,59376000
1998-12-01,41.875000,44.125000,39.531250,41.468750,17.212961,57457600
1999-01-01,41.531250,42.250000,36.687500,37.250000,15.461828,47131200
1999-02-01,37.531250,40.968750,36.562500,38.437500,15.954743,55885000
1999-03-01,38.375000,45.156250,37.656250,44.375000,18.706364,73501400
1999-04-01,44.156250,52.468750,43.187500,49.875000,21.024895,71174400
1999-05-01,49.875000,51.375000,45.468750,46.250000,19.496763,53542200
1999-06-01,46.156250,48.625000,44.593750,47.531250,20.295134,58585600
1999-07-01,48.250000,50.406250,45.593750,45.625000,19.481188,43653200
1999-08-01,45.656250,48.843750,45.468750,46.156250,19.708027,54491200
1999-09-01,46.375000,49.062500,42.781250,44.375000,19.192974,49914000
1999-10-01,44.406250,47.187500,41.687500,45.656250,19.747143,62489600
1999-11-01,45.281250,48.468750,42.750000,44.281250,19.152435,60339800
1999-12-01,44.375000,46.375000,41.968750,43.312500,18.997025,55308000
2000-01-01,42.937500,45.437500,40.375000,41.812500,18.339125,75375000
2000-02-01,41.687500,42.218750,34.968750,37.343750,16.379107,85923600
2000-03-01,37.281250,47.125000,36.312500,46.218750,20.617567,102352200
2000-04-01,46.312500,46.875000,41.156250,42.562500,18.986559,63005200
2000-05-01,42.750000,47.437500,42.750000,46.218750,20.617567,61385600
2000-06-01,46.218750,47.343750,42.281250,42.406250,19.185217,71215600
2000-07-01,42.500000,43.781250,38.437500,39.492149,17.866840,66883600
2000-08-01,39.250000,44.843750,38.812500,42.257801,19.118046,63139600
2000-09-01,42.343750,46.156250,40.781250,42.625000,19.589163,76003200
2000-10-01,43.093750,44.468750,39.250000,41.062500,18.871090,107287400
2000-11-01,41.375000,43.000000,40.156250,40.937500,18.813641,65691600
2000-12-01,41.218750,43.468750,39.093750,42.218750,19.706541,80566600
2001-01-01,42.593750,43.468750,39.218750,41.639999,19.436392,95912000
2001-02-01,41.639999,43.744999,40.779999,42.830002,19.991856,82200000
2001-03-01,42.830002,46.724998,42.665001,43.900002,20.805805,117875600
2001-04-01,43.900002,48.970001,42.294998,48.279999,22.881639,104470400
2001-05-01,47.855000,49.244999,45.334999,48.025002,22.760788,97227200
2001-06-01,48.250000,49.200001,43.970001,45.250000,21.741898,103062800
2001-07-01,45.244999,46.270000,42.375000,45.695000,21.955704,106413800
2001-08-01,45.775002,46.805000,44.700001,45.375000,21.801960,105740400
2001-09-01,45.549999,46.654999,39.299999,42.375000,20.651564,124634200
2001-10-01,41.924999,46.884998,41.040001,44.275002,21.577530,162949000
2001-11-01,44.275002,45.110001,41.000000,42.505001,20.714920,132844600
2001-12-01,42.509998,45.525002,41.790001,44.805000,22.180193,102285200
2002-01-01,44.805000,45.250000,40.549999,41.900002,20.742111,115912800
2002-02-01,41.700001,42.799999,40.400002,42.220001,20.900522,101489200
2002-03-01,42.220001,45.799999,42.099998,45.134998,22.729788,100106600
2002-04-01,44.985001,45.520000,41.775002,43.355000,21.833395,105835400
2002-05-01,43.360001,45.250000,43.224998,43.625000,21.969357,105014800
2002-06-01,43.974998,44.375000,42.500000,44.250000,22.636631,102457800
2002-07-01,44.250000,44.465000,32.820000,37.500000,19.183580,187408600
2002-08-01,36.875000,40.000000,33.799999,38.314999,19.600506,127668000
2002-09-01,37.625000,38.250000,34.099998,34.625000,18.039131,112863400
2002-10-01,34.924999,37.715000,33.150002,33.814999,17.617136,154056600
2002-11-01,33.875000,34.825001,32.705002,33.514999,17.460842,136573800
2002-12-01,33.599998,34.564999,32.865002,33.240002,17.689985,113691400
2003-01-01,33.599998,35.200001,30.655001,32.200001,17.136515,150619000
2003-02-01,32.205002,33.009998,31.110001,32.084999,17.075308,114559000
2003-03-01,32.264999,33.325001,30.850000,32.325001,17.584538,151746200
2003-04-01,32.404999,32.974998,31.260000,31.405001,17.084066,125962800
2003-05-01,31.575001,35.700001,31.065001,35.470001,19.295393,164758400
2003-06-01,35.750000,38.115002,35.514999,36.099998,20.052036,121731000
2003-07-01,36.099998,36.790001,35.450001,36.055000,20.027042,110217000
2003-08-01,36.145000,37.145000,35.025002,36.435001,20.238113,98946200
2003-09-01,36.490002,37.279999,35.349998,35.724998,20.241816,105388400
2003-10-01,35.799999,37.500000,35.500000,37.150002,21.049227,115767200
2003-11-01,37.275002,37.924999,35.570000,37.549999,21.275860,88050200
2003-12-01,38.310001,43.494999,37.625000,43.195000,24.955311,118868000
2004-01-01,43.240002,44.259998,41.994999,43.174999,24.943758,117820000
2004-02-01,43.160000,44.494999,42.134998,44.174999,25.521492,85169400
2004-03-01,44.375000,45.709999,42.169998,43.889999,25.787516,125009200
2004-04-01,43.974998,47.080002,43.950001,45.750000,26.880363,128286000
2004-05-01,45.805000,47.325001,44.009998,45.200001,26.557198,135221000
2004-06-01,45.404999,47.500000,44.764999,47.055000,28.089552,131897600
2004-07-01,47.025002,48.250000,46.375000,47.825001,28.549210,108729400
2004-08-01,47.825001,49.424999,46.209999,48.750000,29.101391,142467400
2004-09-01,48.799999,54.490002,48.750000,53.639999,32.559425,143243500
2004-10-01,53.610001,56.070000,51.910000,53.060001,32.207375,113139200
2004-11-01,53.060001,55.209999,51.799999,54.599998,33.142151,116588100
2004-12-01,54.689999,54.900002,50.990002,52.509998,32.116051,116209000
2005-01-01,52.459999,54.549999,50.400002,54.400002,33.272007,108787600
2005-02-01,54.650002,63.150002,54.630001,62.080002,37.969231,113560400
2005-03-01,62.080002,62.130001,56.740002,58.310001,35.910408,178182000
2005-04-01,59.180000,59.419998,50.650002,52.000000,32.024372,223928100
2005-05-01,51.950001,56.330002,49.810001,53.779999,33.120590,175197700
2005-06-01,54.169998,59.480000,53.799999,55.919998,34.748100,182043800
2005-07-01,56.349998,59.669998,56.110001,58.009998,36.046791,132757200
2005-08-01,58.110001,63.130001,57.790001,61.400002,38.153305,212698500
2005-09-01,63.000000,65.980003,61.669998,64.730003,40.521767,172013300
2005-10-01,65.250000,65.489998,54.799999,57.070000,35.726509,239734300
2005-11-01,57.070000,59.580002,55.000000,57.310001,35.876740,181413600
2005-12-01,57.700001,60.500000,55.439999,56.770000,35.823055,161895300
2006-01-01,57.250000,62.720001,57.060001,59.380001,37.470024,199250500
2006-02-01,59.380001,59.799999,55.410000,56.480000,35.640072,188484800
2006-03-01,56.720001,59.290001,53.759998,57.970001,36.873348,208380900
2006-04-01,58.349998,61.939999,58.000000,61.020000,38.813381,152213700
2006-05-01,61.619999,63.650002,56.630001,59.790001,38.030998,221284800
2006-06-01,59.669998,62.980000,55.410000,62.060001,39.814194,220819100
2006-07-01,62.270000,68.470001,62.259998,65.779999,42.200745,187025100
2006-08-01,65.720001,68.239998,64.150002,64.400002,41.315407,182220800
2006-09-01,64.720001,67.150002,60.720001,64.860001,41.936680,196629800
2006-10-01,64.900002,68.500000,62.220001,67.199997,43.449642,198843400
2006-11-01,67.199997,72.959999,66.510002,72.320000,46.760098,185434400
2006-12-01,72.330002,76.199997,71.830002,73.529999,47.896328,152610700
2007-01-01,72.769997,73.440002,68.480003,72.879997,47.472919,192732400
2007-02-01,73.250000,74.959999,68.019997,68.519997,44.632885,183737800
2007-03-01,67.320000,74.980003,64.989998,73.959999,48.522877,236539500
2007-04-01,74.050003,79.070000,74.050003,77.790001,51.035629,181481200
2007-05-01,77.970001,83.559998,77.419998,81.489998,53.463070,204363600
2007-06-01,81.760002,85.190002,79.120003,84.239998,55.667198,195062800
2007-07-01,84.699997,95.000000,83.599998,85.260002,56.341244,235495900
2007-08-01,84.769997,89.500000,78.250000,87.760002,57.993279,292087500
2007-09-01,87.190002,95.500000,85.910004,93.580002,62.277328,184632700
2007-10-01,93.300003,94.529999,86.720001,91.510002,60.899746,212337600
2007-11-01,90.050003,91.480003,81.919998,87.769997,58.410793,230790200
2007-12-01,87.099998,95.199997,86.739998,93.330002,62.528610,161828900
2008-01-01,93.959999,95.209999,76.400002,83.250000,55.775280,280771300
2008-02-01,84.709999,89.290001,76.510002,86.660004,58.059895,264047100
2008-03-01,86.379997,89.000000,80.870003,85.360001,57.600758,256239300
2008-04-01,85.080002,97.279999,84.570000,96.150002,64.881836,236055600
2008-05-01,94.860001,104.629997,93.430000,99.150002,66.906242,278381200
2008-06-01,98.820000,102.150002,95.529999,99.129997,67.340675,272784700
2008-07-01,98.260002,100.000000,81.459999,84.559998,57.443031,350454500
2008-08-01,83.980003,89.099998,80.849998,86.320000,58.638634,265905400
2008-09-01,84.489998,89.750000,77.500000,82.480003,56.453880,359297300
2008-10-01,81.510002,83.699997,55.500000,74.599998,51.060368,559132000
2008-11-01,73.440002,80.000000,64.269997,79.010002,54.078812,404340000
2008-12-01,76.500000,81.919998,68.220001,73.970001,51.067596,392060500
2009-01-01,74.230003,78.449997,68.000000,70.519997,48.685776,299215300
2009-02-01,69.519997,75.559998,60.570000,60.709999,41.913113,306343300
2009-03-01,59.369999,70.919998,56.119999,67.239998,46.848652,388024700
2009-04-01,66.000000,71.290001,63.060001,66.099998,46.054363,257762000
2009-05-01,66.059998,70.940002,63.570000,66.669998,46.451515,255075000
2009-06-01,67.800003,72.750000,65.220001,66.250000,46.605354,279382000
2009-07-01,66.930000,69.690002,60.880001,69.470001,48.870564,249912200
2009-08-01,70.260002,71.500000,66.059998,69.940002,49.201199,200750700
2009-09-01,69.690002,73.370003,67.959999,70.430000,50.041725,195315600
2009-10-01,70.400002,78.500000,67.870003,76.540001,54.382957,220554700
2009-11-01,76.860001,79.820000,75.559998,78.040001,55.448757,179018400
2009-12-01,79.099998,79.419998,76.190002,76.989998,55.184174,170004300
2010-01-01,78.199997,81.089996,71.750000,72.120003,51.693520,207150500
2010-02-01,72.699997,74.580002,69.550003,72.300003,51.822521,229392800
2010-03-01,72.629997,76.139999,72.389999,75.830002,54.872921,215133500
2010-04-01,76.400002,83.139999,76.339996,81.440002,58.932491,207104600
2010-05-01,81.959999,83.410004,70.800003,73.870003,53.454609,298278800
2010-06-01,73.559998,77.250000,67.800003,67.860001,49.564079,295860300
2010-07-01,68.190002,76.370003,66.830002,76.209999,55.662815,233122800
2010-08-01,77.620003,79.480003,72.570000,74.080002,54.107109,197948600
2010-09-01,75.360001,82.190002,75.239998,81.050003,59.751522,168273400
2010-10-01,81.889999,85.790001,80.680000,82.599998,60.894215,177635700
2010-11-01,83.150002,86.190002,80.410004,80.970001,59.692543,213965000
2010-12-01,82.150002,92.389999,81.750000,91.250000,67.846779,157936600
2011-01-01,91.660004,95.190002,90.120003,94.930000,70.582962,150552000
2011-02-01,95.629997,103.940002,95.169998,103.750000,77.140862,181393300
2011-03-01,104.070000,109.650002,97.599998,107.489998,80.522758,206698800
2011-04-01,108.290001,109.940002,103.040001,109.440002,81.983551,132781700
2011-05-01,109.480003,109.580002,99.610001,104.910004,78.590034,170799200
2011-06-01,104.730003,104.949997,97.000000,102.839996,77.635071,175644000
2011-07-01,102.709999,109.750000,102.010002,104.019997,78.525879,142457300
2011-08-01,106.080002,106.129997,87.300003,98.839996,74.615433,314157800
2011-09-01,99.010002,100.580002,88.559998,92.589996,70.457207,233101200
2011-10-01,91.930000,110.010002,86.680000,105.050003,79.938766,207893500
2011-11-01,101.470001,109.000000,92.290001,102.820000,78.241829,224716300
2011-12-01,102.820000,108.489998,99.320000,106.400002,81.606155,159952000
2012-01-01,108.739998,110.989998,102.080002,103.120003,79.090477,157208700
2012-02-01,104.419998,110.919998,102.680000,109.120003,83.692329,130980800
2012-03-01,109.169998,112.279999,104.849998,107.209999,82.857628,146979700
2012-04-01,106.849998,108.790001,100.510002,106.559998,82.355286,119736700
2012-05-01,106.739998,108.790001,96.680000,98.309998,75.979248,162164600
2012-06-01,96.650002,105.510002,95.730003,105.500000,82.269897,157272500
2012-07-01,105.589996,110.820000,103.290001,109.580002,85.451515,134265900
2012-08-01,109.720001,113.870003,108.470001,112.160004,87.463417,112997400
2012-09-01,112.029999,118.529999,110.589996,116.559998,91.622246,117894900
2012-10-01,116.919998,118.379997,109.029999,110.239998,86.654388,129445500
2012-11-01,110.019997,111.690002,100.660004,105.690002,83.077888,128417700
2012-12-01,106.000000,111.110001,103.940002,108.139999,85.736618,125418100
2013-01-01,110.269997,117.500000,108.739998,115.150002,91.294365,119425000
2013-02-01,115.839996,117.889999,113.500000,117.150002,92.880013,100812400
2013-03-01,116.730003,121.559998,115.949997,118.820000,94.937469,114533700
2013-04-01,118.989998,122.010002,114.120003,122.010002,97.486282,132668800
2013-05-01,121.250000,127.400002,120.050003,122.750000,98.077522,155415300
2013-06-01,122.349998,124.120003,116.019997,118.339996,95.316475,123699600
2013-07-01,118.349998,127.830002,118.000000,125.889999,101.397598,104612700
2013-08-01,126.489998,126.660004,117.220001,120.430000,96.999840,114101300
2013-09-01,121.339996,126.430000,119.010002,121.500000,98.670113,102704300
2013-10-01,121.269997,122.010002,114.440002,119.959999,97.419487,141320900
2013-11-01,119.040001,124.190002,117.000000,122.440002,99.433495,120679900
2013-12-01,122.870003,125.650002,118.250000,124.910004,102.291176,116195800
2014-01-01,124.459999,125.320000,111.110001,111.629997,91.415924,131342300
2014-02-01,112.349998,116.739998,109.269997,115.330002,94.445915,144016100
2014-03-01,114.790001,119.620003,113.680000,118.910004,98.242638,131053700
2014-04-01,119.150002,127.269997,116.500000,125.519997,103.703766,130384400
2014-05-01,125.660004,126.779999,121.650002,122.790001,101.448242,103880000
2014-06-01,122.930000,133.570007,121.720001,130.550003,108.780205,132581600
2014-07-01,130.940002,135.100006,128.029999,129.240005,107.688667,101737500
2014-08-01,127.760002,129.529999,124.580002,129.449997,107.863640,91354100
2014-09-01,129.199997,129.380005,118.660004,119.320000,100.267906,130169500
2014-10-01,118.800003,120.169998,106.650002,119.949997,100.797310,197236600
2014-11-01,119.830002,119.970001,108.430000,108.870003,91.486481,130610800
2014-12-01,109.379997,114.820000,100.150002,112.180000,95.142174,221038700
2015-01-01,111.629997,113.000000,98.879997,102.529999,86.957817,208880600
2015-02-01,103.980003,112.930000,102.970001,106.680000,90.477509,147984500
2015-03-01,106.320000,107.690002,100.660004,104.980003,89.910454,170072300
2015-04-01,105.769997,112.199997,104.080002,111.059998,95.117683,129543400
2015-05-01,110.279999,110.800003,102.379997,103.000000,88.214684,132823700
2015-06-01,103.470001,103.750000,96.220001,96.470001,83.445320,158712800
2015-07-01,96.300003,96.669998,88.010002,88.480003,76.534081,184572400
2015-08-01,87.279999,87.330002,69.580002,80.989998,70.055328,287788200
2015-09-01,78.760002,80.470001,74.309998,78.879997,69.089912,245490400
2015-10-01,79.720001,91.980003,77.309998,90.879997,79.600540,224431300
2015-11-01,90.610001,98.639999,87.790001,91.320000,79.985916,176633800
2015-12-01,90.970001,94.000000,84.250000,89.959999,79.757065,260998300
2016-01-01,89.529999,90.110001,75.330002,86.470001,76.662888,279793800
2016-02-01,85.150002,89.839996,79.849998,83.440002,73.976540,234480300
2016-03-01,84.120003,97.910004,83.370003,95.400002,85.652863,214464600
2016-04-01,93.690002,104.260002,92.430000,102.180000,91.740150,155565300
2016-05-01,101.830002,103.849998,98.519997,101.000000,90.680710,130720600
2016-06-01,100.239998,105.000000,98.769997,104.830002,95.114349,152070500
2016-07-01,104.779999,107.580002,99.849998,102.480003,92.982140,134146800
2016-08-01,101.330002,103.599998,97.910004,100.580002,91.258224,132555300
2016-09-01,100.349998,104.349998,97.529999,102.919998,94.365280,151233400
2016-10-01,102.550003,105.459999,99.610001,104.750000,96.043182,138580100
2016-11-01,105.510002,112.980003,104.250000,111.559998,102.287125,169909000
2016-12-01,112.790001,119.000000,112.209999,117.699997,108.997139,133381600
2017-01-01,118.379997,119.000000,110.720001,111.349998,103.116669,123814900
2017-02-01,111.199997,114.279999,109.269997,112.500000,104.181633,123278600
2017-03-01,112.919998,114.389999,105.820000,107.370003,100.382713,164742200
2017-04-01,107.220001,110.669998,103.830002,106.699997,99.756302,101472000
2017-05-01,106.260002,107.709999,103.070000,103.480003,96.745842,118545200
2017-06-01,103.690002,108.489998,102.550003,104.330002,98.532738,126588800
2017-07-01,104.239998,110.000000,102.550003,109.190002,103.122688,105290000
2017-08-01,109.540001,111.440002,105.300003,107.620003,101.639938,109259400
2017-09-01,107.680000,118.330002,107.510002,117.500000,112.085907,109354600
2017-10-01,116.419998,120.889999,112.570000,115.889999,110.550087,113304800
2017-11-01,116.300003,119.150002,113.900002,118.989998,113.507256,101837000
2017-12-01,119.809998,126.199997,118.519997,125.190002,120.539505,105261400
2018-01-01,125.709999,133.880005,124.050003,125.349998,120.693550,130262100
2018-02-01,125.599998,125.629997,108.019997,111.919998,107.762444,170301700
2018-03-01,111.529999,118.349998,109.830002,114.040001,110.896759,144392700
2018-04-01,113.889999,127.900002,110.540001,125.110001,121.661644,143076700
2018-05-01,124.029999,131.080002,120.059998,124.300003,120.873962,147403600
2018-06-01,125.489998,128.380005,121.550003,126.430000,124.017342,135975800
2018-07-01,125.279999,128.550003,119.669998,126.269997,123.860397,105554900
2018-08-01,125.309998,125.919998,117.089996,118.459999,116.199432,113550700
2018-09-01,118.930000,124.239998,113.389999,122.279999,121.096504,112659000
