5.400000000000000355e+00 1.030000000000000027e+00 2.590540038999999979e+03 3.290799870000000169e+02
5.299999999999999822e+00 4.699999999999999734e-01 2.627250000000000000e+03 3.318900150000000053e+02
5.200000000000000178e+00 5.500000000000000444e-01 2.707209960000000137e+03 3.399400019999999927e+02
5.400000000000000355e+00 1.600000000000000033e-01 2.656760009999999966e+03 3.307999879999999848e+02
5.400000000000000355e+00 2.300000000000000100e-01 2.876659909999999854e+03 3.612300109999999904e+02
5.200000000000000178e+00 5.400000000000000355e-01 2.880689940000000206e+03 3.580199890000000096e+02
5.500000000000000000e+00 3.800000000000000044e-01 2.905199950000000172e+03 3.561499939999999924e+02
5.700000000000000178e+00 9.200000000000000400e-01 2.614360099999999875e+03 3.225599980000000073e+02
5.900000000000000355e+00 8.399999999999999689e-01 2.452479980000000069e+03 3.060499879999999848e+02
5.900000000000000355e+00 5.999999999999999778e-01 2.442330069999999978e+03 3.040000000000000000e+02
6.200000000000000178e+00 2.200000000000000011e-01 2.559649899999999889e+03 3.222200010000000248e+02
6.299999999999999822e+00 0.000000000000000000e+00 2.633659909999999854e+03 3.302200010000000248e+02
6.400000000000000355e+00 5.999999999999999778e-01 2.736389889999999923e+03 3.439299930000000245e+02
6.599999999999999645e+00 1.499999999999999944e-01 2.882179929999999786e+03 3.670700069999999755e+02
6.799999999999999822e+00 1.499999999999999944e-01 2.913860099999999875e+03 3.752200010000000248e+02
6.700000000000000178e+00 1.499999999999999944e-01 2.887870109999999841e+03 3.753399959999999851e+02
6.900000000000000355e+00 2.999999999999999889e-01 3.027500000000000000e+03 3.898299870000000169e+02
6.900000000000000355e+00 2.899999999999999800e-01 2.906750000000000000e+03 3.711600040000000149e+02
6.799999999999999822e+00 1.499999999999999944e-01 3.024820060000000012e+03 3.878099980000000073e+02
6.900000000000000355e+00 2.899999999999999800e-01 3.043600089999999909e+03 3.954299930000000245e+02
6.900000000000000355e+00 4.400000000000000022e-01 3.016770019999999931e+03 3.878599849999999947e+02
7.000000000000000000e+00 1.499999999999999944e-01 3.069100089999999909e+03 3.924500120000000152e+02
7.000000000000000000e+00 2.899999999999999800e-01 2.894679929999999786e+03 3.752200010000000248e+02
7.299999999999999822e+00 7.000000000000000666e-02 3.168830069999999978e+03 4.170899959999999851e+02
7.299999999999999822e+00 1.499999999999999944e-01 3.223399899999999889e+03 4.087799989999999752e+02
7.400000000000000355e+00 3.599999999999999867e-01 3.267699950000000172e+03 4.127000120000000152e+02
7.400000000000000355e+00 5.100000000000000089e-01 3.235500000000000000e+03 4.036900019999999927e+02
7.400000000000000355e+00 1.400000000000000133e-01 3.359100089999999909e+03 4.149500120000000152e+02
7.599999999999999645e+00 1.400000000000000133e-01 3.396899899999999889e+03 4.153500060000000076e+02
7.799999999999999822e+00 3.599999999999999867e-01 3.318500000000000000e+03 4.081400150000000053e+02
7.700000000000000178e+00 2.099999999999999922e-01 3.393800040000000081e+03 4.242099910000000023e+02
7.599999999999999645e+00 2.800000000000000266e-01 3.257399899999999889e+03 4.140299989999999752e+02
7.599999999999999645e+00 2.800000000000000266e-01 3.271699950000000172e+03 4.177999879999999848e+02
7.299999999999999822e+00 3.499999999999999778e-01 3.226300040000000081e+03 4.186799930000000245e+02
7.400000000000000355e+00 1.400000000000000133e-01 3.305199950000000172e+03 4.313500060000000076e+02
7.400000000000000355e+00 7.000000000000000666e-02 3.301110099999999875e+03 4.357099910000000023e+02
7.299999999999999822e+00 4.899999999999999911e-01 3.310000000000000000e+03 4.387799989999999752e+02
7.099999999999999645e+00 3.499999999999999778e-01 3.370810050000000047e+03 4.433800049999999828e+02
7.000000000000000000e+00 3.499999999999999778e-01 3.435110099999999875e+03 4.516700129999999831e+02
7.099999999999999645e+00 2.800000000000000266e-01 3.427550040000000081e+03 4.401900019999999927e+02
7.099999999999999645e+00 1.400000000000000133e-01 3.527429929999999786e+03 4.501900019999999927e+02
7.000000000000000000e+00 1.400000000000000133e-01 3.516080069999999978e+03 4.505299989999999752e+02
6.900000000000000355e+00 0.000000000000000000e+00 3.539469970000000103e+03 4.481300049999999828e+02
6.799999999999999822e+00 2.800000000000000266e-01 3.651250000000000000e+03 4.635599980000000073e+02
6.700000000000000178e+00 2.099999999999999922e-01 3.555120109999999841e+03 4.589299930000000245e+02
6.799999999999999822e+00 4.099999999999999756e-01 3.680590079999999944e+03 4.678299870000000169e+02
6.599999999999999645e+00 7.000000000000000666e-02 3.683949950000000172e+03 4.617900089999999977e+02
6.500000000000000000e+00 0.000000000000000000e+00 3.754090079999999944e+03 4.664500120000000152e+02
6.599999999999999645e+00 2.700000000000000178e-01 3.978360099999999875e+03 4.816099849999999947e+02
6.599999999999999645e+00 3.400000000000000244e-01 3.832020019999999931e+03 4.671400150000000053e+02
6.500000000000000000e+00 3.400000000000000244e-01 3.635959960000000137e+03 4.457699890000000096e+02
6.400000000000000355e+00 1.400000000000000133e-01 3.681689940000000206e+03 4.509100040000000149e+02
6.099999999999999645e+00 7.000000000000000666e-02 3.758370109999999841e+03 4.565000000000000000e+02
6.099999999999999645e+00 3.400000000000000244e-01 3.624959960000000137e+03 4.442699890000000096e+02
6.099999999999999645e+00 2.700000000000000178e-01 3.764500000000000000e+03 4.582600100000000225e+02
6.000000000000000000e+00 4.000000000000000222e-01 3.913419919999999820e+03 4.754899899999999775e+02
5.900000000000000355e+00 2.700000000000000178e-01 3.843189940000000206e+03 4.627099910000000023e+02
5.799999999999999822e+00 7.000000000000000666e-02 3.908120109999999841e+03 4.723500060000000076e+02
5.599999999999999645e+00 1.300000000000000044e-01 3.739229980000000069e+03 4.536900019999999927e+02
5.500000000000000000e+00 0.000000000000000000e+00 3.834439940000000206e+03 4.592699890000000096e+02
5.599999999999999645e+00 4.000000000000000222e-01 3.843860099999999875e+03 4.704200129999999831e+02
5.400000000000000355e+00 4.000000000000000222e-01 4.011050040000000081e+03 4.873900150000000053e+02
5.400000000000000355e+00 3.300000000000000155e-01 4.157689940000000206e+03 5.007099910000000023e+02
5.799999999999999822e+00 3.300000000000000155e-01 4.321270019999999931e+03 5.147100219999999808e+02
5.599999999999999645e+00 2.000000000000000111e-01 4.465140129999999772e+03 5.334000240000000304e+02
5.599999999999999645e+00 2.000000000000000111e-01 4.556100089999999909e+03 5.447500000000000000e+02
5.700000000000000178e+00 0.000000000000000000e+00 4.708470210000000407e+03 5.620599979999999505e+02
5.700000000000000178e+00 2.600000000000000089e-01 4.610560050000000047e+03 5.618800049999999828e+02
5.599999999999999645e+00 2.000000000000000111e-01 4.789080069999999978e+03 5.844099730000000363e+02
5.500000000000000000e+00 3.300000000000000155e-01 4.755479980000000069e+03 5.815000000000000000e+02
5.599999999999999645e+00 7.000000000000000666e-02 5.074490230000000338e+03 6.053699950000000172e+02
5.599999999999999645e+00 7.000000000000000666e-02 5.117120109999999841e+03 6.159299929999999677e+02
5.599999999999999645e+00 5.899999999999999689e-01 5.395299799999999777e+03 6.360200200000000450e+02
5.500000000000000000e+00 3.200000000000000067e-01 5.485620109999999841e+03 6.404299929999999677e+02
5.500000000000000000e+00 5.200000000000000178e-01 5.587140129999999772e+03 6.455000000000000000e+02
5.599999999999999645e+00 3.900000000000000133e-01 5.569080069999999978e+03 6.541699830000000020e+02
5.599999999999999645e+00 1.900000000000000022e-01 5.643180169999999634e+03 6.691199950000000172e+02
5.299999999999999822e+00 5.999999999999999778e-02 5.654629880000000412e+03 6.706300049999999828e+02
5.500000000000000000e+00 1.900000000000000022e-01 5.528910149999999703e+03 6.399500120000000152e+02
5.099999999999999645e+00 1.900000000000000022e-01 5.616209960000000137e+03 6.519899900000000343e+02
5.200000000000000178e+00 3.200000000000000067e-01 5.882169920000000275e+03 6.873300169999999980e+02
5.200000000000000178e+00 3.200000000000000067e-01 6.029379880000000412e+03 7.052700200000000450e+02
5.400000000000000355e+00 1.900000000000000022e-01 6.521700189999999566e+03 7.570200200000000450e+02
5.400000000000000355e+00 0.000000000000000000e+00 6.448270019999999931e+03 7.407399900000000343e+02
5.299999999999999822e+00 3.200000000000000067e-01 6.813089844000000085e+03 7.861599730000000363e+02
5.200000000000000178e+00 3.099999999999999978e-01 6.877740230000000338e+03 7.908200070000000323e+02
5.200000000000000178e+00 2.500000000000000000e-01 6.583479980000000069e+03 7.571199950000000172e+02
5.099999999999999645e+00 1.199999999999999956e-01 7.009000000000000000e+03 8.013400269999999637e+02
4.900000000000000355e+00 5.999999999999999778e-02 7.331000000000000000e+03 8.482800290000000132e+02
5.000000000000000000e+00 1.199999999999999956e-01 7.672799804999999651e+03 8.851400149999999485e+02
4.900000000000000355e+00 1.199999999999999956e-01 8.222599609000000783e+03 9.543099979999999505e+02
4.799999999999999822e+00 1.900000000000000022e-01 7.622399902000000111e+03 8.994699709999999868e+02
4.900000000000000355e+00 2.500000000000000000e-01 7.945299804999999651e+03 9.472800290000000132e+02
4.700000000000000178e+00 2.500000000000000000e-01 7.442100097999999889e+03 9.146199950000000172e+02
4.599999999999999645e+00 5.999999999999999778e-02 7.823100097999999889e+03 9.554000240000000304e+02
4.700000000000000178e+00 1.199999999999999956e-01 7.908299804999999651e+03 9.704299929999999677e+02
4.599999999999999645e+00 1.900000000000000022e-01 7.906500000000000000e+03 9.802800290000000132e+02
4.599999999999999645e+00 1.900000000000000022e-01 8.545719726999999693e+03 1.049339966000000004e+03
4.700000000000000178e+00 1.900000000000000022e-01 8.799809569999999439e+03 1.101750000000000000e+03
4.299999999999999822e+00 1.799999999999999933e-01 9.063370117000000391e+03 1.111750000000000000e+03
4.400000000000000355e+00 1.799999999999999933e-01 8.899950194999999439e+03 1.090819946000000073e+03
4.500000000000000000e+00 1.199999999999999956e-01 8.952019530999999915e+03 1.133839966000000004e+03
4.500000000000000000e+00 1.199999999999999956e-01 8.883290038999999524e+03 1.120670043999999962e+03
4.500000000000000000e+00 1.199999999999999956e-01 7.539069824000000153e+03 9.572800290000000132e+02
4.599999999999999645e+00 1.199999999999999956e-01 7.842620117000000391e+03 1.017010009999999966e+03
4.500000000000000000e+00 2.399999999999999911e-01 8.592099609000000783e+03 1.098670043999999962e+03
4.400000000000000355e+00 0.000000000000000000e+00 9.116549805000000561e+03 1.163630004999999983e+03
4.400000000000000355e+00 5.999999999999999778e-02 9.181429688000000169e+03 1.229229980000000069e+03
4.299999999999999822e+00 2.399999999999999911e-01 9.358830078000000867e+03 1.279640014999999948e+03
4.400000000000000355e+00 1.199999999999999956e-01 9.306580078000000867e+03 1.238329956000000038e+03
4.200000000000000178e+00 2.999999999999999889e-01 9.786160155999999915e+03 1.286369995000000017e+03
4.299999999999999822e+00 7.299999999999999822e-01 1.078904003899999952e+04 1.335180053999999927e+03
4.200000000000000178e+00 0.000000000000000000e+00 1.055974023400000078e+04 1.301839966000000004e+03
4.299999999999999822e+00 0.000000000000000000e+00 1.097079980500000056e+04 1.372709961000000021e+03
4.299999999999999822e+00 2.999999999999999889e-01 1.065515039099999922e+04 1.328719970999999987e+03
4.200000000000000178e+00 2.399999999999999911e-01 1.082928027300000031e+04 1.320410033999999996e+03
4.200000000000000178e+00 4.799999999999999822e-01 1.033695019499999944e+04 1.282709961000000021e+03
4.099999999999999645e+00 1.799999999999999933e-01 1.072986035199999969e+04 1.362930053999999927e+03
4.099999999999999645e+00 5.999999999999999778e-02 1.087780956999999944e+04 1.388910033999999996e+03
4.000000000000000000e+00 0.000000000000000000e+00 1.149712011700000039e+04 1.469250000000000000e+03
4.000000000000000000e+00 2.999999999999999889e-01 1.094053027300000031e+04 1.394459961000000021e+03
4.099999999999999645e+00 5.899999999999999689e-01 1.012830956999999944e+04 1.366420043999999962e+03
4.000000000000000000e+00 8.199999999999999512e-01 1.092191992199999913e+04 1.498579956000000038e+03
3.799999999999999822e+00 5.999999999999999778e-02 1.073391015599999992e+04 1.452430053999999927e+03
4.000000000000000000e+00 1.199999999999999956e-01 1.052233007800000087e+04 1.420599975999999970e+03
4.000000000000000000e+00 5.200000000000000178e-01 1.044788964800000031e+04 1.454599975999999970e+03
4.000000000000000000e+00 2.300000000000000100e-01 1.052198046900000008e+04 1.430829956000000038e+03
4.099999999999999645e+00 0.000000000000000000e+00 1.121509960900000078e+04 1.517680053999999927e+03
3.899999999999999911e+00 5.200000000000000178e-01 1.065091992199999913e+04 1.436510009999999966e+03
3.899999999999999911e+00 1.700000000000000122e-01 1.097113964800000031e+04 1.429400024000000030e+03
3.899999999999999911e+00 5.999999999999999778e-02 1.041449023400000078e+04 1.314949951000000056e+03
3.899999999999999911e+00 5.999999999999999778e-02 1.078799023400000078e+04 1.320280029000000013e+03
4.200000000000000178e+00 6.300000000000000044e-01 1.088736035199999969e+04 1.366010009999999966e+03
4.200000000000000178e+00 4.000000000000000222e-01 1.049528027300000031e+04 1.239939941000000090e+03
4.299999999999999822e+00 2.300000000000000100e-01 9.878780273000000307e+03 1.160329956000000038e+03
4.400000000000000355e+00 4.000000000000000222e-01 1.073496972699999969e+04 1.249459961000000021e+03
4.299999999999999822e+00 4.500000000000000111e-01 1.091194043000000056e+04 1.255819946000000073e+03
4.500000000000000000e+00 1.700000000000000122e-01 1.050240039099999922e+04 1.224380004999999983e+03
4.599999999999999645e+00 2.800000000000000266e-01 1.052280956999999944e+04 1.211229980000000069e+03
4.900000000000000355e+00 0.000000000000000000e+00 9.949750000000000000e+03 1.133579956000000038e+03
5.000000000000000000e+00 4.500000000000000111e-01 8.847559569999999439e+03 1.040939941000000090e+03
5.299999999999999822e+00 3.400000000000000244e-01 9.075139648000000307e+03 1.059780029000000013e+03
5.500000000000000000e+00 1.700000000000000122e-01 9.851559569999999439e+03 1.139449951000000056e+03
5.700000000000000178e+00 3.900000000000000133e-01 1.002157031300000017e+04 1.148079956000000038e+03
5.700000000000000178e+00 2.300000000000000100e-01 9.920000000000000000e+03 1.130199951000000056e+03
5.700000000000000178e+00 4.000000000000000222e-01 1.010612988299999961e+04 1.106729980000000069e+03
5.700000000000000178e+00 5.600000000000000533e-01 1.040394043000000056e+04 1.147390014999999948e+03
5.900000000000000355e+00 5.600000000000000533e-01 9.946219726999999693e+03 1.076920043999999962e+03
5.799999999999999822e+00 0.000000000000000000e+00 9.925250000000000000e+03 1.067140014999999948e+03
5.799999999999999822e+00 5.999999999999999778e-02 9.243259765999999217e+03 9.898200070000000323e+02
5.799999999999999822e+00 1.100000000000000006e-01 8.736589844000000085e+03 9.116199950000000172e+02
5.700000000000000178e+00 3.300000000000000155e-01 8.663500000000000000e+03 9.160700070000000323e+02
5.700000000000000178e+00 1.700000000000000122e-01 7.591930175999999847e+03 8.152800290000000132e+02
5.700000000000000178e+00 1.700000000000000122e-01 8.397030273000000307e+03 8.857600099999999657e+02
5.900000000000000355e+00 0.000000000000000000e+00 8.896089844000000085e+03 9.363099979999999505e+02
6.000000000000000000e+00 2.200000000000000011e-01 8.341629882999999609e+03 8.798200070000000323e+02
5.799999999999999822e+00 4.400000000000000022e-01 8.053810059000000365e+03 8.557000120000000152e+02
5.900000000000000355e+00 7.700000000000000178e-01 7.891080077999999958e+03 8.411500240000000304e+02
5.900000000000000355e+00 5.999999999999999778e-01 7.992129882999999609e+03 8.481799929999999677e+02
6.000000000000000000e+00 2.200000000000000011e-01 8.480089844000000085e+03 9.169199830000000020e+02
6.099999999999999645e+00 1.600000000000000033e-01 8.850259765999999217e+03 9.635900269999999637e+02
6.299999999999999822e+00 1.100000000000000006e-01 8.985440430000000561e+03 9.745000000000000000e+02
6.200000000000000178e+00 1.100000000000000006e-01 9.233799805000000561e+03 9.903099979999999505e+02
6.099999999999999645e+00 3.800000000000000044e-01 9.415820313000000169e+03 1.008010009999999966e+03
6.099999999999999645e+00 3.300000000000000155e-01 9.275059569999999439e+03 9.959699709999999868e+02
6.000000000000000000e+00 1.100000000000000006e-01 9.801120117000000391e+03 1.050709961000000021e+03
5.799999999999999822e+00 2.700000000000000178e-01 9.782459961000000476e+03 1.058199951000000056e+03
5.700000000000000178e+00 1.100000000000000006e-01 1.045391992199999913e+04 1.111920043999999962e+03
5.700000000000000178e+00 4.899999999999999911e-01 1.048807031300000017e+04 1.131130004999999983e+03
5.599999999999999645e+00 5.400000000000000355e-01 1.058391992199999913e+04 1.144939941000000090e+03
5.799999999999999822e+00 6.400000000000000133e-01 1.035770019499999944e+04 1.126209961000000021e+03
5.599999999999999645e+00 3.200000000000000067e-01 1.022557031300000017e+04 1.107300048999999944e+03
5.599999999999999645e+00 5.899999999999999689e-01 1.018845019499999944e+04 1.120680053999999927e+03
5.599999999999999645e+00 3.200000000000000067e-01 1.043548046900000008e+04 1.140839966000000004e+03
5.500000000000000000e+00 1.600000000000000033e-01 1.013970996100000048e+04 1.101719970999999987e+03
5.400000000000000355e+00 5.000000000000000278e-02 1.017391992199999913e+04 1.104239990000000034e+03
5.400000000000000355e+00 2.099999999999999922e-01 1.008026953099999992e+04 1.114579956000000038e+03
5.500000000000000000e+00 5.300000000000000266e-01 1.002746972699999969e+04 1.130199951000000056e+03
5.400000000000000355e+00 5.000000000000000278e-02 1.042801953099999992e+04 1.173819946000000073e+03
5.400000000000000355e+00 3.699999999999999956e-01 1.078300976599999922e+04 1.211920043999999962e+03
5.299999999999999822e+00 2.099999999999999922e-01 1.048994043000000056e+04 1.181270019999999931e+03
5.400000000000000355e+00 5.799999999999999600e-01 1.076623046900000008e+04 1.203599975999999970e+03
5.200000000000000178e+00 7.800000000000000266e-01 1.050375976599999922e+04 1.180589966000000004e+03
5.200000000000000178e+00 6.700000000000000400e-01 1.019250976599999922e+04 1.156849975999999970e+03
5.099999999999999645e+00 1.000000000000000056e-01 1.046748046900000008e+04 1.191500000000000000e+03
5.000000000000000000e+00 5.000000000000000278e-02 1.027496972699999969e+04 1.191329956000000038e+03
5.000000000000000000e+00 4.600000000000000200e-01 1.064091015599999992e+04 1.234180053999999927e+03
4.900000000000000355e+00 5.100000000000000089e-01 1.048159960900000078e+04 1.220329956000000038e+03
5.000000000000000000e+00 1.219999999999999973e+00 1.056870019499999944e+04 1.228810058999999910e+03
5.000000000000000000e+00 2.000000000000000111e-01 1.044007031300000017e+04 1.207010009999999966e+03
5.000000000000000000e+00 8.000000000000000444e-01 1.080587011700000039e+04 1.249479980000000069e+03
4.900000000000000355e+00 4.000000000000000222e-01 1.071750000000000000e+04 1.248290038999999979e+03
4.700000000000000178e+00 7.600000000000000089e-01 1.086486035199999969e+04 1.280079956000000038e+03
4.799999999999999822e+00 2.000000000000000111e-01 1.099341015599999992e+04 1.280660033999999996e+03
4.700000000000000178e+00 5.500000000000000444e-01 1.110932031300000017e+04 1.294869995000000017e+03
4.700000000000000178e+00 8.499999999999999778e-01 1.136713964800000031e+04 1.310609985000000052e+03
4.599999999999999645e+00 5.000000000000000000e-01 1.116830956999999944e+04 1.270089966000000004e+03
4.599999999999999645e+00 2.000000000000000111e-01 1.115021972699999969e+04 1.270199951000000056e+03
4.700000000000000178e+00 2.999999999999999889e-01 1.118567968800000017e+04 1.276660033999999996e+03
4.700000000000000178e+00 2.000000000000000111e-01 1.138115039099999922e+04 1.303819946000000073e+03
4.500000000000000000e+00 4.899999999999999911e-01 1.167907031300000017e+04 1.335849975999999970e+03
4.400000000000000355e+00 5.400000000000000355e-01 1.208073046900000008e+04 1.377939941000000090e+03
4.500000000000000000e+00 1.499999999999999944e-01 1.222192968800000017e+04 1.400630004999999983e+03
4.400000000000000355e+00 1.499999999999999944e-01 1.246315039099999922e+04 1.418300048999999944e+03
4.599999999999999645e+00 3.099999999999999978e-01 1.262169043000000056e+04 1.438239990000000034e+03
4.500000000000000000e+00 5.400000000000000355e-01 1.226862988299999961e+04 1.406819946000000073e+03
4.400000000000000355e+00 9.100000000000000311e-01 1.235434960900000078e+04 1.420859985000000052e+03
4.500000000000000000e+00 6.500000000000000222e-01 1.306291015599999992e+04 1.482369995000000017e+03
4.400000000000000355e+00 6.099999999999999867e-01 1.362763964800000031e+04 1.530619995000000017e+03
4.599999999999999645e+00 1.900000000000000022e-01 1.340862011700000039e+04 1.503349975999999970e+03
4.700000000000000178e+00 2.999999999999999889e-02 1.321199023400000078e+04 1.455270019999999931e+03
4.599999999999999645e+00 1.799999999999999933e-01 1.335774023400000078e+04 1.473989990000000034e+03
4.700000000000000178e+00 2.800000000000000266e-01 1.389562988299999961e+04 1.526750000000000000e+03
4.700000000000000178e+00 2.099999999999999922e-01 1.393000976599999922e+04 1.549380004999999983e+03
4.700000000000000178e+00 5.899999999999999689e-01 1.337171972699999969e+04 1.481140014999999948e+03
5.000000000000000000e+00 7.000000000000000666e-02 1.326482031300000017e+04 1.468359985000000052e+03
5.000000000000000000e+00 5.000000000000000000e-01 1.265036035199999969e+04 1.378550048999999944e+03
4.900000000000000355e+00 2.899999999999999800e-01 1.226638964800000031e+04 1.330630004999999983e+03
5.099999999999999645e+00 8.699999999999999956e-01 1.226288964800000031e+04 1.322699951000000056e+03
5.000000000000000000e+00 6.099999999999999867e-01 1.282012988299999961e+04 1.385589966000000004e+03
5.400000000000000355e+00 8.399999999999999689e-01 1.263832031300000017e+04 1.400380004999999983e+03
5.599999999999999645e+00 1.010000000000000009e+00 1.135000976599999922e+04 1.280000000000000000e+03
5.799999999999999822e+00 5.300000000000000266e-01 1.137801953099999992e+04 1.267380004999999983e+03
6.099999999999999645e+00 4.000000000000000222e-01 1.154395996100000048e+04 1.282829956000000038e+03
6.099999999999999645e+00 1.400000000000000133e-01 1.085066015599999992e+04 1.166359985000000052e+03
6.500000000000000000e+00 1.010000000000000009e+00 9.325009765999999217e+03 9.687500000000000000e+02
6.799999999999999822e+00 1.919999999999999929e+00 8.829040038999999524e+03 8.962399900000000343e+02
7.299999999999999822e+00 1.030000000000000027e+00 8.776389648000000307e+03 9.032500000000000000e+02
7.799999999999999822e+00 4.400000000000000022e-01 8.000859862999999677e+03 8.258800049999999828e+02
8.300000000000000711e+00 5.000000000000000000e-01 7.062930175999999847e+03 7.350900269999999637e+02
8.699999999999999289e+00 2.399999999999999911e-01 7.608919922000000042e+03 7.978699950000000172e+02
9.000000000000000000e+00 2.500000000000000000e-01 8.168120117000000391e+03 8.728099979999999505e+02
9.400000000000000355e+00 2.899999999999999800e-01 8.500330078000000867e+03 9.191400149999999485e+02
9.500000000000000000e+00 8.599999999999999867e-01 8.447000000000000000e+03 9.193200070000000323e+02
9.500000000000000000e+00 1.600000000000000033e-01 9.171610351999999693e+03 9.874799799999999550e+02
9.599999999999999645e+00 2.200000000000000011e-01 9.496280273000000307e+03 1.020619995000000017e+03
9.800000000000000711e+00 5.999999999999999778e-02 9.712280273000000307e+03 1.057079956000000038e+03
1.000000000000000000e+01 1.000000000000000056e-01 9.712730469000000085e+03 1.036189941000000090e+03
9.900000000000000355e+00 7.000000000000000666e-02 1.034483984400000008e+04 1.095630004999999983e+03
9.900000000000000355e+00 1.799999999999999933e-01 1.042804980500000056e+04 1.115099975999999970e+03
9.800000000000000711e+00 3.400000000000000244e-01 1.006733007800000087e+04 1.073869995000000017e+03
9.800000000000000711e+00 2.000000000000000042e-02 1.032525976599999922e+04 1.104489990000000034e+03
9.900000000000000355e+00 4.099999999999999756e-01 1.085662988299999961e+04 1.169430053999999927e+03
9.900000000000000355e+00 1.700000000000000122e-01 1.100861035199999969e+04 1.186689941000000090e+03
9.599999999999999645e+00 8.000000000000000167e-02 1.013662988299999961e+04 1.089410033999999996e+03
9.400000000000000355e+00 1.000000000000000056e-01 9.774019530999999915e+03 1.030709961000000021e+03
9.400000000000000355e+00 2.000000000000000042e-02 1.046594043000000056e+04 1.101599975999999970e+03
9.500000000000000000e+00 1.400000000000000133e-01 1.001471972699999969e+04 1.049329956000000038e+03
9.500000000000000000e+00 5.999999999999999778e-02 1.078804980500000056e+04 1.141199951000000056e+03
9.400000000000000355e+00 1.199999999999999956e-01 1.111849023400000078e+04 1.183260009999999966e+03
9.800000000000000711e+00 4.000000000000000083e-02 1.100601953099999992e+04 1.180550048999999944e+03
9.300000000000000711e+00 1.700000000000000122e-01 1.157750976599999922e+04 1.257640014999999948e+03
9.099999999999999645e+00 4.799999999999999822e-01 1.189192968800000017e+04 1.286119995000000017e+03
9.000000000000000000e+00 4.899999999999999911e-01 1.222633984400000008e+04 1.327219970999999987e+03
9.000000000000000000e+00 9.799999999999999822e-01 1.231973046900000008e+04 1.325829956000000038e+03
9.099999999999999645e+00 6.400000000000000133e-01 1.281054003899999952e+04 1.363609985000000052e+03
9.000000000000000000e+00 4.699999999999999734e-01 1.256979003899999952e+04 1.345199951000000056e+03
9.099999999999999645e+00 1.100000000000000006e-01 1.241433984400000008e+04 1.320640014999999948e+03
9.000000000000000000e+00 8.999999999999999667e-02 1.214324023400000078e+04 1.292280029000000013e+03
9.000000000000000000e+00 2.800000000000000266e-01 1.161353027300000031e+04 1.218890014999999948e+03
9.000000000000000000e+00 1.499999999999999944e-01 1.091337988299999961e+04 1.131420043999999962e+03
8.800000000000000711e+00 2.099999999999999922e-01 1.195500976599999922e+04 1.253300048999999944e+03
8.599999999999999645e+00 8.000000000000000167e-02 1.204567968800000017e+04 1.246959961000000021e+03
8.500000000000000000e+00 2.500000000000000000e-01 1.221755956999999944e+04 1.257599975999999970e+03
8.300000000000000711e+00 4.400000000000000022e-01 1.263291015599999992e+04 1.312410033999999996e+03
8.300000000000000711e+00 4.400000000000000022e-01 1.295207031300000017e+04 1.365680053999999927e+03
8.199999999999999289e+00 7.600000000000000089e-01 1.321204003899999952e+04 1.408469970999999987e+03
8.199999999999999289e+00 2.999999999999999889e-01 1.321362988299999961e+04 1.397910033999999996e+03
8.199999999999999289e+00 1.199999999999999956e-01 1.239345019499999944e+04 1.310329956000000038e+03
8.199999999999999289e+00 1.499999999999999944e-01 1.288008984400000008e+04 1.362160033999999996e+03
8.199999999999999289e+00 1.600000000000000033e-01 1.300867968800000017e+04 1.379319946000000073e+03
8.099999999999999645e+00 5.600000000000000533e-01 1.309083984400000008e+04 1.406579956000000038e+03
7.799999999999999822e+00 4.500000000000000111e-01 1.343712988299999961e+04 1.440670043999999962e+03
7.799999999999999822e+00 4.000000000000000083e-02 1.309645996100000048e+04 1.412160033999999996e+03
7.700000000000000178e+00 4.699999999999999734e-01 1.302558007800000087e+04 1.416180053999999927e+03
7.900000000000000355e+00 2.700000000000000178e-01 1.310413964800000031e+04 1.426189941000000090e+03
8.000000000000000000e+00 2.999999999999999889e-01 1.386058007800000087e+04 1.498109985000000052e+03
7.700000000000000178e+00 8.199999999999999512e-01 1.405449023400000078e+04 1.514680053999999927e+03
7.500000000000000000e+00 2.600000000000000089e-01 1.457854003899999952e+04 1.569189941000000090e+03
7.599999999999999645e+00 1.000000000000000056e-01 1.483979980500000056e+04 1.597569946000000073e+03
7.500000000000000000e+00 1.799999999999999933e-01 1.511557031300000017e+04 1.630739990000000034e+03
7.500000000000000000e+00 2.399999999999999911e-01 1.490959960900000078e+04 1.606280029000000013e+03
7.299999999999999822e+00 4.000000000000000083e-02 1.549954003899999952e+04 1.685729980000000069e+03
7.200000000000000178e+00 1.199999999999999956e-01 1.481030956999999944e+04 1.632969970999999987e+03
7.200000000000000178e+00 1.199999999999999956e-01 1.512966992199999913e+04 1.681550048999999944e+03
7.200000000000000178e+00 2.600000000000000089e-01 1.554575000000000000e+04 1.756540038999999979e+03
6.900000000000000355e+00 2.000000000000000111e-01 1.608641015599999992e+04 1.805810058999999910e+03
6.700000000000000178e+00 1.000000000000000021e-02 1.657666015600000173e+04 1.848359985000000052e+03
6.599999999999999645e+00 3.699999999999999956e-01 1.569884960900000078e+04 1.782589966000000004e+03
6.700000000000000178e+00 3.699999999999999956e-01 1.632170996100000048e+04 1.859449951000000056e+03
6.700000000000000178e+00 6.400000000000000133e-01 1.645766015600000173e+04 1.872339966000000004e+03
6.299999999999999822e+00 3.300000000000000155e-01 1.658083984399999827e+04 1.883949951000000056e+03
6.299999999999999822e+00 3.499999999999999778e-01 1.671716992200000095e+04 1.923569946000000073e+03
6.099999999999999645e+00 1.900000000000000022e-01 1.682659960900000078e+04 1.960229980000000069e+03
6.200000000000000178e+00 4.000000000000000083e-02 1.656330078100000173e+04 1.930670043999999962e+03
6.200000000000000178e+00 1.700000000000000122e-01 1.709844921899999827e+04 2.003369995000000017e+03
5.900000000000000355e+00 8.000000000000000167e-02 1.704290039099999922e+04 1.972290038999999979e+03
5.700000000000000178e+00 2.500000000000000000e-01 1.739051953100000173e+04 2.018050048999999944e+03
5.799999999999999822e+00 5.400000000000000355e-01 1.782824023400000078e+04 2.067560058999999910e+03
5.599999999999999645e+00 5.699999999999999512e-01 1.782307031300000017e+04 2.058899902000000111e+03
5.700000000000000178e+00 4.699999999999999734e-01 1.716494921899999827e+04 1.994989990000000034e+03
5.500000000000000000e+00 4.299999999999999933e-01 1.813269921899999827e+04 2.104500000000000000e+03
5.500000000000000000e+00 5.999999999999999778e-01 1.777611914099999922e+04 2.067889893000000029e+03
5.400000000000000355e+00 2.000000000000000111e-01 1.784051953100000173e+04 2.085510009999999966e+03
5.500000000000000000e+00 5.100000000000000089e-01 1.801067968800000017e+04 2.107389893000000029e+03
5.299999999999999822e+00 3.499999999999999778e-01 1.761950976599999922e+04 2.063110106999999971e+03
5.200000000000000178e+00 1.000000000000000021e-02 1.768985937500000000e+04 2.103840087999999923e+03
5.099999999999999645e+00 1.400000000000000133e-01 1.652802929700000095e+04 1.972180053999999927e+03
5.000000000000000000e+00 1.600000000000000033e-01 1.628470019499999944e+04 1.920030029000000013e+03
5.000000000000000000e+00 4.000000000000000083e-02 1.766353906300000017e+04 2.079360106999999971e+03
5.000000000000000000e+00 2.099999999999999922e-01 1.771991992200000095e+04 2.080409912000000077e+03
5.000000000000000000e+00 3.400000000000000244e-01 1.742502929700000095e+04 2.043939941000000090e+03
4.900000000000000355e+00 1.700000000000000122e-01 1.646630078100000173e+04 1.940239990000000034e+03
4.900000000000000355e+00 8.000000000000000167e-02 1.651650000000000000e+04 1.932229980000000069e+03
5.000000000000000000e+00 4.299999999999999933e-01 1.768508984399999827e+04 2.059739990000000034e+03
5.000000000000000000e+00 4.699999999999999734e-01 1.777364062500000000e+04 2.065300048999999944e+03
4.700000000000000178e+00 4.099999999999999756e-01 1.778719921899999827e+04 2.096949951000000056e+03
4.900000000000000355e+00 3.300000000000000155e-01 1.792999023400000078e+04 2.098860106999999971e+03
4.900000000000000355e+00 1.600000000000000033e-01 1.843224023400000078e+04 2.173600097999999889e+03
4.900000000000000355e+00 8.999999999999999667e-02 1.840088085900000078e+04 2.170949951000000056e+03
5.000000000000000000e+00 2.399999999999999911e-01 1.830815039099999922e+04 2.168270019999999931e+03
4.900000000000000355e+00 1.199999999999999956e-01 1.814241992200000095e+04 2.126149902000000111e+03
4.599999999999999645e+00 1.600000000000000033e-01 1.912358007799999905e+04 2.198810058999999910e+03
4.700000000000000178e+00 2.999999999999999889e-02 1.976259960900000078e+04 2.238830077999999958e+03
4.799999999999999822e+00 5.799999999999999600e-01 1.986408984399999827e+04 2.278870116999999937e+03
4.700000000000000178e+00 3.099999999999999978e-01 2.081224023400000078e+04 2.363639893000000029e+03
4.500000000000000000e+00 8.000000000000000167e-02 2.066322070299999905e+04 2.362719970999999987e+03
4.400000000000000355e+00 2.999999999999999889e-01 2.094050976599999922e+04 2.384199951000000056e+03
4.299999999999999822e+00 8.999999999999999667e-02 2.100865039099999922e+04 2.411800048999999944e+03
4.299999999999999822e+00 8.999999999999999667e-02 2.134963085900000078e+04 2.423409912000000077e+03
4.299999999999999822e+00 7.000000000000000666e-02 2.189111914099999922e+04 2.470300048999999944e+03
4.400000000000000355e+00 2.999999999999999889e-01 2.194809960900000078e+04 2.471649902000000111e+03
4.200000000000000178e+00 5.300000000000000266e-01 2.240508984399999827e+04 2.519360106999999971e+03
4.099999999999999645e+00 5.999999999999999778e-02 2.337724023400000078e+04 2.575260009999999966e+03
4.099999999999999645e+00 0.000000000000000000e+00 2.427234960900000078e+04 2.584840087999999923e+03
4.099999999999999645e+00 5.999999999999999778e-02 2.471922070299999905e+04 2.673610106999999971e+03
4.099999999999999645e+00 5.400000000000000355e-01 2.614939062500000000e+04 2.823810058999999910e+03
4.099999999999999645e+00 4.500000000000000111e-01 2.502919921899999827e+04 2.713830077999999958e+03
4.099999999999999645e+00 2.300000000000000100e-01 2.410310937500000000e+04 2.640870116999999937e+03
3.899999999999999911e+00 4.000000000000000222e-01 2.416315039099999922e+04 2.648050048999999944e+03
3.799999999999999822e+00 4.199999999999999845e-01 2.441583984399999827e+04 2.705270019999999931e+03
4.000000000000000000e+00 1.600000000000000033e-01 2.427141015600000173e+04 2.718370116999999937e+03
3.899999999999999911e+00 1.000000000000000021e-02 2.541518945299999905e+04 2.816290038999999979e+03
3.899999999999999911e+00 5.999999999999999778e-02 2.596482031300000017e+04 2.901520019999999931e+03
3.700000000000000178e+00 1.199999999999999956e-01 2.645831054700000095e+04 2.913979980000000069e+03
