9.665650000000000075e-01 1.025330999999999992e+00 1.019837333333333484e+00 0.000000000000000000e+00
9.893699999999999717e-01 9.779674999999999896e-01 1.013344000000000023e+00 1.000000000000000000e+00
1.049012999999999973e+00 1.019191500000000028e+00 1.001649333333333169e+00 1.000000000000000000e+00
1.173866000000000076e+00 1.111439499999999914e+00 1.070749666666666711e+00 1.000000000000000000e+00
1.389396000000000075e+00 1.281630999999999965e+00 1.204091666666666560e+00 1.000000000000000000e+00
1.366303000000000045e+00 1.377849499999999949e+00 1.309854999999999992e+00 0.000000000000000000e+00
1.449505000000000043e+00 1.407904000000000044e+00 1.401734666666666795e+00 1.000000000000000000e+00
1.349677000000000016e+00 1.399591000000000030e+00 1.388495000000000035e+00 0.000000000000000000e+00
1.261827000000000032e+00 1.305752000000000024e+00 1.353669666666666771e+00 0.000000000000000000e+00
1.490129999999999955e+00 1.375978499999999993e+00 1.367211333333333334e+00 1.000000000000000000e+00
1.535789000000000071e+00 1.512959500000000013e+00 1.429248666666666834e+00 1.000000000000000000e+00
1.600049000000000055e+00 1.567919000000000063e+00 1.541989333333333434e+00 1.000000000000000000e+00
1.677470999999999934e+00 1.638759999999999994e+00 1.604436333333333353e+00 1.000000000000000000e+00
1.802205999999999975e+00 1.739838499999999843e+00 1.693241999999999914e+00 1.000000000000000000e+00
1.866722999999999910e+00 1.834464499999999942e+00 1.782133333333333125e+00 1.000000000000000000e+00
1.884352999999999945e+00 1.875537999999999927e+00 1.851093999999999795e+00 1.000000000000000000e+00
2.045101999999999975e+00 1.964727499999999960e+00 1.932059333333333129e+00 1.000000000000000000e+00
1.946865999999999985e+00 1.995983999999999980e+00 1.958773666666666635e+00 0.000000000000000000e+00
2.225677000000000127e+00 2.086271500000000056e+00 2.072548333333333215e+00 1.000000000000000000e+00
2.433899999999999952e+00 2.329788500000000262e+00 2.202147666666666836e+00 1.000000000000000000e+00
2.387630000000000141e+00 2.410765000000000047e+00 2.349069000000000074e+00 0.000000000000000000e+00
2.541209999999999969e+00 2.464420000000000055e+00 2.454246666666666687e+00 1.000000000000000000e+00
2.646100000000000119e+00 2.593655000000000044e+00 2.524979999999999780e+00 1.000000000000000000e+00
3.148838000000000026e+00 2.897469000000000072e+00 2.778715999999999742e+00 1.000000000000000000e+00
3.040928000000000075e+00 3.094883000000000273e+00 2.945288666666666444e+00 0.000000000000000000e+00
3.207689999999999930e+00 3.124309000000000225e+00 3.132485333333333344e+00 1.000000000000000000e+00
3.207689999999999930e+00 3.207689999999999930e+00 3.152102666666666497e+00 0.000000000000000000e+00
3.351930999999999994e+00 3.279810499999999962e+00 3.255770333333332989e+00 1.000000000000000000e+00
3.553853999999999846e+00 3.452892499999999920e+00 3.371158333333333257e+00 1.000000000000000000e+00
3.230776000000000092e+00 3.392314999999999969e+00 3.378853666666666644e+00 0.000000000000000000e+00
3.426201999999999970e+00 3.328489000000000253e+00 3.403610666666666784e+00 1.000000000000000000e+00
3.518247000000000124e+00 3.472224500000000269e+00 3.391741666666666877e+00 1.000000000000000000e+00
3.313699000000000172e+00 3.415973000000000148e+00 3.419382666666666903e+00 0.000000000000000000e+00
3.367148999999999948e+00 3.340424000000000060e+00 3.399698333333333267e+00 1.000000000000000000e+00
3.294624999999999915e+00 3.330886999999999709e+00 3.325157666666667122e+00 0.000000000000000000e+00
3.519115999999999911e+00 3.406870500000000135e+00 3.393629999999999924e+00 1.000000000000000000e+00
3.561132999999999882e+00 3.540124500000000118e+00 3.458291333333333384e+00 1.000000000000000000e+00
3.561132999999999882e+00 3.561132999999999882e+00 3.547127333333333521e+00 0.000000000000000000e+00
3.582143999999999995e+00 3.571638499999999716e+00 3.568136666666666290e+00 1.000000000000000000e+00
3.361260999999999832e+00 3.471702500000000136e+00 3.501512666666666718e+00 0.000000000000000000e+00
3.542663000000000117e+00 3.451961999999999975e+00 3.495355999999999685e+00 1.000000000000000000e+00
3.670711999999999975e+00 3.606687500000000046e+00 3.524878666666666494e+00 1.000000000000000000e+00
3.754903999999999797e+00 3.712807999999999886e+00 3.656092999999999815e+00 1.000000000000000000e+00
3.765754999999999963e+00 3.760329500000000102e+00 3.730456999999999912e+00 0.000000000000000000e+00
3.668086000000000180e+00 3.716920500000000072e+00 3.729581666666666795e+00 0.000000000000000000e+00
3.826087999999999933e+00 3.747087000000000057e+00 3.753309666666666544e+00 1.000000000000000000e+00
3.704797999999999814e+00 3.765442999999999873e+00 3.732990666666666346e+00 0.000000000000000000e+00
4.000735999999999848e+00 3.852767000000000053e+00 3.843873999999999569e+00 1.000000000000000000e+00
3.664541999999999966e+00 3.832638999999999907e+00 3.790025333333333801e+00 0.000000000000000000e+00
3.821433999999999997e+00 3.742987999999999982e+00 3.828904000000000085e+00 1.000000000000000000e+00
3.642128000000000032e+00 3.731780999999999793e+00 3.709367999999999999e+00 0.000000000000000000e+00
3.815576000000000079e+00 3.728851999999999833e+00 3.759712666666666703e+00 1.000000000000000000e+00
3.678488999999999898e+00 3.747032499999999988e+00 3.712064333333332744e+00 0.000000000000000000e+00
3.712760999999999978e+00 3.695624999999999716e+00 3.735608666666666355e+00 1.000000000000000000e+00
4.132454000000000072e+00 3.922607499999999803e+00 3.841234666666666353e+00 1.000000000000000000e+00
4.283782999999999674e+00 4.208118499999999429e+00 4.042999333333333389e+00 1.000000000000000000e+00
4.528236999999999846e+00 4.406010000000000204e+00 4.314824666666666531e+00 1.000000000000000000e+00
4.771901999999999866e+00 4.650069499999999856e+00 4.527974000000000387e+00 1.000000000000000000e+00
4.842948999999999948e+00 4.807425499999999907e+00 4.714362666666666257e+00 1.000000000000000000e+00
4.953127000000000280e+00 4.898037999999999670e+00 4.855992666666666402e+00 1.000000000000000000e+00
5.049305000000000376e+00 5.001216000000000328e+00 4.948460333333333239e+00 1.000000000000000000e+00
5.289748000000000339e+00 5.169526499999999913e+00 5.097393333333333665e+00 1.000000000000000000e+00
5.421992000000000367e+00 5.355870000000000353e+00 5.253681666666666139e+00 1.000000000000000000e+00
5.680369999999999919e+00 5.551180999999999699e+00 5.464036666666667763e+00 1.000000000000000000e+00
6.022410999999999959e+00 5.851390499999999939e+00 5.708257666666665564e+00 1.000000000000000000e+00
6.230082999999999593e+00 6.126246999999999332e+00 5.977621333333332565e+00 1.000000000000000000e+00
6.508383000000000251e+00 6.369232999999999478e+00 6.253625666666667193e+00 1.000000000000000000e+00
6.372011999999999787e+00 6.440197500000000019e+00 6.370159333333333507e+00 0.000000000000000000e+00
6.843092999999999648e+00 6.607552499999999718e+00 6.574495999999999896e+00 1.000000000000000000e+00
7.226628999999999969e+00 7.034860999999999365e+00 6.813911333333333431e+00 1.000000000000000000e+00
7.616240000000000343e+00 7.421434500000000156e+00 7.228653999999999691e+00 1.000000000000000000e+00
7.553612000000000215e+00 7.584926000000000279e+00 7.465493666666667139e+00 0.000000000000000000e+00
7.668059000000000403e+00 7.610835500000000309e+00 7.612637000000000320e+00 1.000000000000000000e+00
8.214866999999999919e+00 7.941463000000000605e+00 7.812179333333332920e+00 1.000000000000000000e+00
8.418335000000000790e+00 8.316601000000000354e+00 8.100420333333334000e+00 1.000000000000000000e+00
8.394484999999999530e+00 8.406410000000001048e+00 8.342562333333333413e+00 0.000000000000000000e+00
9.475986000000000686e+00 8.935235500000000997e+00 8.762935333333333077e+00 1.000000000000000000e+00
1.009398400000000073e+01 9.784985000000000710e+00 9.321485000000000909e+00 1.000000000000000000e+00
9.707871000000000805e+00 9.900927500000001658e+00 9.759280333333334667e+00 0.000000000000000000e+00
1.035506200000000021e+01 1.003146650000000051e+01 1.005230566666666725e+01 1.000000000000000000e+00
1.053627799999999937e+01 1.044566999999999979e+01 1.019973700000000072e+01 1.000000000000000000e+00
1.050877599999999923e+01 1.052252700000000019e+01 1.046670533333333175e+01 0.000000000000000000e+00
1.063883700000000054e+01 1.057380649999999989e+01 1.056129700000000149e+01 1.000000000000000000e+00
1.100452899999999978e+01 1.082168300000000016e+01 1.071738066666666533e+01 1.000000000000000000e+00
1.210236599999999996e+01 1.155344750000000076e+01 1.124857733333333520e+01 1.000000000000000000e+00
1.275584699999999927e+01 1.242910649999999961e+01 1.195424733333333300e+01 1.000000000000000000e+00
1.165799799999999919e+01 1.220692249999999923e+01 1.217207033333333221e+01 0.000000000000000000e+00
1.336511999999999922e+01 1.251155899999999832e+01 1.259298833333333256e+01 1.000000000000000000e+00
1.438916599999999946e+01 1.387714300000000023e+01 1.313742799999999988e+01 1.000000000000000000e+00
1.428413800000000045e+01 1.433665200000000084e+01 1.401280799999999971e+01 0.000000000000000000e+00
1.458015699999999981e+01 1.443214749999999924e+01 1.441782033333333324e+01 1.000000000000000000e+00
1.208861300000000050e+01 1.333438500000000104e+01 1.365096933333333418e+01 0.000000000000000000e+00
1.286639399999999966e+01 1.247750350000000097e+01 1.317838799999999999e+01 1.000000000000000000e+00
1.200191799999999986e+01 1.243415599999999976e+01 1.231897500000000001e+01 0.000000000000000000e+00
1.324714999999999954e+01 1.262453400000000059e+01 1.270515400000000028e+01 1.000000000000000000e+00
1.419670099999999913e+01 1.372192549999999933e+01 1.314858966666666618e+01 1.000000000000000000e+00
1.378423899999999946e+01 1.399046999999999841e+01 1.374269666666666545e+01 0.000000000000000000e+00
1.460915800000000075e+01 1.419669850000000011e+01 1.419669933333333312e+01 1.000000000000000000e+00
1.648520299999999850e+01 1.554718049999999963e+01 1.495953333333333291e+01 1.000000000000000000e+00
1.621957400000000149e+01 1.635238849999999999e+01 1.577131166666666751e+01 0.000000000000000000e+00
1.675399200000000022e+01 1.648678300000000263e+01 1.648625633333333340e+01 1.000000000000000000e+00
1.827708200000000005e+01 1.751553700000000191e+01 1.708354933333333392e+01 1.000000000000000000e+00
1.727201300000000117e+01 1.777454750000000061e+01 1.743436233333333618e+01 0.000000000000000000e+00
1.397317100000000067e+01 1.562259200000000092e+01 1.650742200000000182e+01 0.000000000000000000e+00
1.236397599999999919e+01 1.316857350000000082e+01 1.453638666666666701e+01 0.000000000000000000e+00
1.456794999999999973e+01 1.346596299999999857e+01 1.363503233333333320e+01 1.000000000000000000e+00
1.510701000000000072e+01 1.483747999999999934e+01 1.401297866666666714e+01 1.000000000000000000e+00
1.450602199999999975e+01 1.480651600000000023e+01 1.472699399999999947e+01 0.000000000000000000e+00
1.414066500000000026e+01 1.432334350000000001e+01 1.458456566666666809e+01 0.000000000000000000e+00
1.382943500000000014e+01 1.398505000000000109e+01 1.415870733333333398e+01 0.000000000000000000e+00
1.328817100000000018e+01 1.355880300000000105e+01 1.375275700000000079e+01 0.000000000000000000e+00
1.481144699999999936e+01 1.404980899999999977e+01 1.397635100000000108e+01 1.000000000000000000e+00
1.490665599999999991e+01 1.485905149999999963e+01 1.433542466666666648e+01 1.000000000000000000e+00
1.349215399999999931e+01 1.419940499999999872e+01 1.440341899999999953e+01 0.000000000000000000e+00
1.324341899999999939e+01 1.336778649999999935e+01 1.388074300000000072e+01 0.000000000000000000e+00
1.307941300000000062e+01 1.316141599999999912e+01 1.327166199999999918e+01 0.000000000000000000e+00
1.055100299999999969e+01 1.181520800000000015e+01 1.229127833333333264e+01 0.000000000000000000e+00
1.297707600000000028e+01 1.176403949999999909e+01 1.220249733333333353e+01 1.000000000000000000e+00
1.480541299999999971e+01 1.389124449999999911e+01 1.277783066666666656e+01 1.000000000000000000e+00
1.287400399999999934e+01 1.383970850000000041e+01 1.355216433333333192e+01 0.000000000000000000e+00
1.269443399999999933e+01 1.278421900000000022e+01 1.345795033333333457e+01 0.000000000000000000e+00
1.074675399999999925e+01 1.172059399999999840e+01 1.210506399999999871e+01 0.000000000000000000e+00
1.037379400000000018e+01 1.056027399999999972e+01 1.127166066666666744e+01 0.000000000000000000e+00
1.052148700000000048e+01 1.044764050000000033e+01 1.054734499999999997e+01 1.000000000000000000e+00
1.188537200000000027e+01 1.120342950000000037e+01 1.092688433333333364e+01 1.000000000000000000e+00
1.279000399999999971e+01 1.233768799999999999e+01 1.173228766666666623e+01 1.000000000000000000e+00
1.374166100000000057e+01 1.326583250000000014e+01 1.280567899999999959e+01 1.000000000000000000e+00
1.179806999999999917e+01 1.276986549999999987e+01 1.277657833333333315e+01 0.000000000000000000e+00
1.235488100000000067e+01 1.207647550000000081e+01 1.263153733333333406e+01 1.000000000000000000e+00
1.361808800000000019e+01 1.298648449999999954e+01 1.259034633333333453e+01 1.000000000000000000e+00
1.412559700000000085e+01 1.387184249999999963e+01 1.336618866666666605e+01 1.000000000000000000e+00
1.382272599999999940e+01 1.397416150000000101e+01 1.385547033333333466e+01 0.000000000000000000e+00
1.315639600000000087e+01 1.348956100000000013e+01 1.370157300000000156e+01 0.000000000000000000e+00
1.202902899999999953e+01 1.259271250000000109e+01 1.300271699999999875e+01 0.000000000000000000e+00
1.024385000000000012e+01 1.113643949999999982e+01 1.180975833333333469e+01 0.000000000000000000e+00
1.055331699999999984e+01 1.039858350000000087e+01 1.094206533333333198e+01 1.000000000000000000e+00
1.082977400000000046e+01 1.069154550000000015e+01 1.054231366666666680e+01 1.000000000000000000e+00
1.028143099999999954e+01 1.055560249999999911e+01 1.055484066666666543e+01 0.000000000000000000e+00
1.027057800000000043e+01 1.027600449999999910e+01 1.046059433333333288e+01 0.000000000000000000e+00
1.120781799999999961e+01 1.073919800000000002e+01 1.058660899999999927e+01 1.000000000000000000e+00
1.078870900000000077e+01 1.099826350000000019e+01 1.075570166666666694e+01 0.000000000000000000e+00
1.118656700000000015e+01 1.098763800000000046e+01 1.106103133333333233e+01 1.000000000000000000e+00
1.097161900000000045e+01 1.107909300000000030e+01 1.098229833333333261e+01 0.000000000000000000e+00
1.109927500000000045e+01 1.103544700000000134e+01 1.108582033333333250e+01 1.000000000000000000e+00
1.029890400000000028e+01 1.069908949999999948e+01 1.078993266666666706e+01 0.000000000000000000e+00
1.115577299999999994e+01 1.072733850000000011e+01 1.085131733333333237e+01 1.000000000000000000e+00
1.230218999999999951e+01 1.172898149999999973e+01 1.125228899999999932e+01 1.000000000000000000e+00
1.317684099999999958e+01 1.273951549999999955e+01 1.221160133333333420e+01 1.000000000000000000e+00
1.318871299999999991e+01 1.318277699999999975e+01 1.288924800000000026e+01 0.000000000000000000e+00
1.329316400000000087e+01 1.324093850000000039e+01 1.321957266666666619e+01 1.000000000000000000e+00
1.194312299999999993e+01 1.261814350000000040e+01 1.280833333333333179e+01 0.000000000000000000e+00
1.219661900000000010e+01 1.206987099999999913e+01 1.247763533333333363e+01 1.000000000000000000e+00
1.146960499999999961e+01 1.183311199999999985e+01 1.186978233333333321e+01 0.000000000000000000e+00
1.120358700000000063e+01 1.133659600000000012e+01 1.162327033333333226e+01 0.000000000000000000e+00
1.100110899999999958e+01 1.110234799999999922e+01 1.122476699999999994e+01 0.000000000000000000e+00
1.066178000000000026e+01 1.083144449999999992e+01 1.095549199999999956e+01 0.000000000000000000e+00
9.839771000000000711e+00 1.025077549999999960e+01 1.050088666666666626e+01 0.000000000000000000e+00
9.781406000000000489e+00 9.810588500000001488e+00 1.009431900000000049e+01 0.000000000000000000e+00
9.844635000000000247e+00 9.813020500000000368e+00 9.821937333333334408e+00 1.000000000000000000e+00
9.941326000000000107e+00 9.892980500000000177e+00 9.855788999999999689e+00 1.000000000000000000e+00
1.121352100000000007e+01 1.057742350000000009e+01 1.033316066666666622e+01 1.000000000000000000e+00
1.142022599999999954e+01 1.131687349999999981e+01 1.085835766666666835e+01 1.000000000000000000e+00
1.117135900000000071e+01 1.129579250000000101e+01 1.126836866666666737e+01 0.000000000000000000e+00
1.081115299999999912e+01 1.099125599999999991e+01 1.113424599999999920e+01 0.000000000000000000e+00
1.067203800000000058e+01 1.074159549999999896e+01 1.088485000000000014e+01 0.000000000000000000e+00
1.164054499999999948e+01 1.115629150000000003e+01 1.104124533333333069e+01 1.000000000000000000e+00
1.166562599999999961e+01 1.165308549999999954e+01 1.132606966666666715e+01 0.000000000000000000e+00
1.285327700000000029e+01 1.225945150000000083e+01 1.205314933333333194e+01 1.000000000000000000e+00
1.247084899999999941e+01 1.266206299999999985e+01 1.232991733333333428e+01 0.000000000000000000e+00
1.265320400000000056e+01 1.256202649999999998e+01 1.265911000000000008e+01 1.000000000000000000e+00
1.273931299999999922e+01 1.269625849999999900e+01 1.262112199999999973e+01 1.000000000000000000e+00
1.293732800000000083e+01 1.283832050000000002e+01 1.277661499999999961e+01 1.000000000000000000e+00
1.313687000000000005e+01 1.303709900000000133e+01 1.293783700000000003e+01 1.000000000000000000e+00
1.291430199999999928e+01 1.302558600000000055e+01 1.299616666666666731e+01 0.000000000000000000e+00
1.133043400000000034e+01 1.212236799999999981e+01 1.246053533333333441e+01 0.000000000000000000e+00
1.155001799999999967e+01 1.144022599999999912e+01 1.193158466666666584e+01 1.000000000000000000e+00
1.034619099999999925e+01 1.094810449999999946e+01 1.107554766666666524e+01 0.000000000000000000e+00
1.062746300000000055e+01 1.048682699999999990e+01 1.084122399999999864e+01 1.000000000000000000e+00
1.027461100000000016e+01 1.045103699999999947e+01 1.041608833333333273e+01 0.000000000000000000e+00
1.102186200000000049e+01 1.064823649999999944e+01 1.064131199999999922e+01 1.000000000000000000e+00
1.098216500000000018e+01 1.100201350000000033e+01 1.075954600000000028e+01 0.000000000000000000e+00
1.132891000000000048e+01 1.115553750000000122e+01 1.111097900000000038e+01 1.000000000000000000e+00
1.102980600000000067e+01 1.117935800000000057e+01 1.111362700000000103e+01 0.000000000000000000e+00
1.164979199999999970e+01 1.133979899999999930e+01 1.133616933333333243e+01 1.000000000000000000e+00
1.196892300000000020e+01 1.180935750000000084e+01 1.154950700000000019e+01 1.000000000000000000e+00
1.119655999999999985e+01 1.158274150000000091e+01 1.160509166666666658e+01 0.000000000000000000e+00
1.188706600000000080e+01 1.154181300000000121e+01 1.168418299999999910e+01 1.000000000000000000e+00
1.195226199999999928e+01 1.191966400000000093e+01 1.167862933333333331e+01 1.000000000000000000e+00
1.173223499999999930e+01 1.184224850000000018e+01 1.185718766666666646e+01 0.000000000000000000e+00
1.176980799999999938e+01 1.175102150000000023e+01 1.181810166666666539e+01 0.000000000000000000e+00
1.174504800000000060e+01 1.175742800000000088e+01 1.174903033333333191e+01 0.000000000000000000e+00
1.123735300000000059e+01 1.149120050000000148e+01 1.158406966666666627e+01 0.000000000000000000e+00
1.153564399999999956e+01 1.138649850000000008e+01 1.150601499999999966e+01 1.000000000000000000e+00
1.170011500000000026e+01 1.161787950000000080e+01 1.149103733333333288e+01 1.000000000000000000e+00
1.167224000000000039e+01 1.168617749999999944e+01 1.163599966666666852e+01 0.000000000000000000e+00
1.186938800000000072e+01 1.177081400000000144e+01 1.174724766666666653e+01 1.000000000000000000e+00
1.245493600000000001e+01 1.216216200000000036e+01 1.199885466666666822e+01 1.000000000000000000e+00
1.216923700000000075e+01 1.231208649999999949e+01 1.216452033333333382e+01 0.000000000000000000e+00
1.277070699999999981e+01 1.246997200000000028e+01 1.246495999999999960e+01 1.000000000000000000e+00
1.285967400000000005e+01 1.281519049999999993e+01 1.259987266666666805e+01 1.000000000000000000e+00
1.282236499999999957e+01 1.284101949999999981e+01 1.281758199999999981e+01 0.000000000000000000e+00
1.359605299999999950e+01 1.320920899999999953e+01 1.309269733333333363e+01 1.000000000000000000e+00
1.362806199999999990e+01 1.361205749999999881e+01 1.334882666666666751e+01 0.000000000000000000e+00
1.423029999999999973e+01 1.392918099999999981e+01 1.381813833333333186e+01 1.000000000000000000e+00
1.412118099999999998e+01 1.417574049999999986e+01 1.399318099999999987e+01 0.000000000000000000e+00
1.376726500000000009e+01 1.394422300000000092e+01 1.403958200000000112e+01 0.000000000000000000e+00
1.415657200000000060e+01 1.396191849999999945e+01 1.401500599999999963e+01 1.000000000000000000e+00
1.561375499999999938e+01 1.488516350000000088e+01 1.451253066666666491e+01 1.000000000000000000e+00
1.585308799999999962e+01 1.573342149999999862e+01 1.520780500000000046e+01 1.000000000000000000e+00
1.564964900000000014e+01 1.575136849999999988e+01 1.570549733333333187e+01 0.000000000000000000e+00
1.579989899999999992e+01 1.572477400000000003e+01 1.576754533333333264e+01 1.000000000000000000e+00
1.630625699999999867e+01 1.605307799999999929e+01 1.591860166666666565e+01 1.000000000000000000e+00
1.742507900000000021e+01 1.686566799999999944e+01 1.651041166666666626e+01 1.000000000000000000e+00
1.895741699999999952e+01 1.819124800000000164e+01 1.756291766666666732e+01 1.000000000000000000e+00
1.906177699999999930e+01 1.900959699999999941e+01 1.848142433333333301e+01 1.000000000000000000e+00
1.904331600000000080e+01 1.905254649999999828e+01 1.902083666666666772e+01 0.000000000000000000e+00
1.830790100000000109e+01 1.867560850000000272e+01 1.880433133333333373e+01 0.000000000000000000e+00
1.814032900000000126e+01 1.822411500000000117e+01 1.849718200000000223e+01 0.000000000000000000e+00
1.888816100000000020e+01 1.851424500000000251e+01 1.844546366666666870e+01 1.000000000000000000e+00
1.850403199999999870e+01 1.869609649999999945e+01 1.851084066666666672e+01 0.000000000000000000e+00
1.799797600000000131e+01 1.825100400000000178e+01 1.846338966666666792e+01 0.000000000000000000e+00
1.633836900000000014e+01 1.716817250000000072e+01 1.761345900000000242e+01 0.000000000000000000e+00
1.640238000000000085e+01 1.637037450000000049e+01 1.691290833333333410e+01 0.000000000000000000e+00
1.658392299999999864e+01 1.649315149999999974e+01 1.644155733333333202e+01 1.000000000000000000e+00
1.684190399999999954e+01 1.671291349999999909e+01 1.660940233333333182e+01 1.000000000000000000e+00
1.423382800000000081e+01 1.553786600000000107e+01 1.588655166666666751e+01 0.000000000000000000e+00
1.514161600000000085e+01 1.468772200000000083e+01 1.540578266666666707e+01 1.000000000000000000e+00
1.487556900000000049e+01 1.500859250000000067e+01 1.475033766666666679e+01 0.000000000000000000e+00
1.403764699999999976e+01 1.445660799999999924e+01 1.468494400000000155e+01 0.000000000000000000e+00
1.342317300000000024e+01 1.373040999999999912e+01 1.411212966666666624e+01 0.000000000000000000e+00
1.444182699999999997e+01 1.393250000000000099e+01 1.396754899999999999e+01 1.000000000000000000e+00
1.444863400000000020e+01 1.444523050000000097e+01 1.410454466666666740e+01 0.000000000000000000e+00
1.649930200000000013e+01 1.547396799999999928e+01 1.512992100000000129e+01 1.000000000000000000e+00
1.610662100000000052e+01 1.630296150000000210e+01 1.568485233333333362e+01 0.000000000000000000e+00
1.701575100000000162e+01 1.656118599999999930e+01 1.654055800000000076e+01 1.000000000000000000e+00
1.665044599999999875e+01 1.683309849999999841e+01 1.659093933333333482e+01 0.000000000000000000e+00
1.833358000000000132e+01 1.749201300000000003e+01 1.733325899999999820e+01 1.000000000000000000e+00
1.850036000000000058e+01 1.841696999999999917e+01 1.782812866666666807e+01 1.000000000000000000e+00
1.985032299999999950e+01 1.917534150000000182e+01 1.889475433333333498e+01 1.000000000000000000e+00
2.006403699999999901e+01 1.995718000000000103e+01 1.947157333333333540e+01 1.000000000000000000e+00
1.909603500000000054e+01 1.958003599999999977e+01 1.967013166666666635e+01 0.000000000000000000e+00
1.855747799999999970e+01 1.882675650000000189e+01 1.923918333333333308e+01 0.000000000000000000e+00
1.936004099999999895e+01 1.895875949999999932e+01 1.900451800000000091e+01 1.000000000000000000e+00
1.912495200000000040e+01 1.924249650000000145e+01 1.901415700000000086e+01 0.000000000000000000e+00
1.839144100000000037e+01 1.875819650000000038e+01 1.895881133333333324e+01 0.000000000000000000e+00
1.793344300000000047e+01 1.816244199999999864e+01 1.848327866666666708e+01 0.000000000000000000e+00
2.005540500000000037e+01 1.899442400000000220e+01 1.879342966666666470e+01 1.000000000000000000e+00
2.033562099999999973e+01 2.019551299999999827e+01 1.944148966666666922e+01 1.000000000000000000e+00
2.129635800000000145e+01 2.081598950000000059e+01 2.056246133333333148e+01 1.000000000000000000e+00
2.265601500000000001e+01 2.197618650000000073e+01 2.142933133333333373e+01 1.000000000000000000e+00
2.333953699999999998e+01 2.299777600000000177e+01 2.243063666666666833e+01 1.000000000000000000e+00
2.463835699999999918e+01 2.398894699999999958e+01 2.354463633333333306e+01 1.000000000000000000e+00
2.354448500000000166e+01 2.409142100000000042e+01 2.384079300000000146e+01 0.000000000000000000e+00
2.394532399999999939e+01 2.374490450000000052e+01 2.404272199999999771e+01 1.000000000000000000e+00
2.485188899999999990e+01 2.439860649999999964e+01 2.411389933333333602e+01 1.000000000000000000e+00
2.564061699999999888e+01 2.524625299999999939e+01 2.481260999999999584e+01 1.000000000000000000e+00
2.539356000000000080e+01 2.551708849999999984e+01 2.529535533333333319e+01 0.000000000000000000e+00
2.557600000000000051e+01 2.548478000000000065e+01 2.553672566666666555e+01 1.000000000000000000e+00
2.622667699999999869e+01 2.590133850000000137e+01 2.573207899999999881e+01 1.000000000000000000e+00
2.716760299999999972e+01 2.669713999999999743e+01 2.632342666666666631e+01 1.000000000000000000e+00
2.605314399999999964e+01 2.661037350000000146e+01 2.648247466666666483e+01 0.000000000000000000e+00
2.670807599999999837e+01 2.638060999999999723e+01 2.664294099999999688e+01 1.000000000000000000e+00
2.628196499999999958e+01 2.649502049999999898e+01 2.634772833333333253e+01 0.000000000000000000e+00
2.775341600000000142e+01 2.701769050000000050e+01 2.691448566666666764e+01 1.000000000000000000e+00
2.678559900000000127e+01 2.726950750000000312e+01 2.694032666666666742e+01 0.000000000000000000e+00
2.770977800000000002e+01 2.724768850000000242e+01 2.741626433333333424e+01 1.000000000000000000e+00
2.935587699999999955e+01 2.853282749999999979e+01 2.795041800000000265e+01 1.000000000000000000e+00
3.071878999999999849e+01 3.003733349999999902e+01 2.926148166666666839e+01 1.000000000000000000e+00
3.007881499999999875e+01 3.039880249999999862e+01 3.005116066666666441e+01 0.000000000000000000e+00
3.147145799999999838e+01 3.077513649999999856e+01 3.075635433333333069e+01 1.000000000000000000e+00
3.296917299999999784e+01 3.222031549999999811e+01 3.150648199999999477e+01 1.000000000000000000e+00
3.052096399999999932e+01 3.174506849999999858e+01 3.165386499999999614e+01 0.000000000000000000e+00
3.095347800000000049e+01 3.073722099999999813e+01 3.148120499999999922e+01 1.000000000000000000e+00
3.054766800000000160e+01 3.075057300000000282e+01 3.067403666666666595e+01 0.000000000000000000e+00
3.115566400000000158e+01 3.085166600000000159e+01 3.088560333333333574e+01 1.000000000000000000e+00
2.998792999999999864e+01 3.057179700000000011e+01 3.056375399999999942e+01 0.000000000000000000e+00
3.080690200000000090e+01 3.039741599999999977e+01 3.065016533333333371e+01 1.000000000000000000e+00
3.203123500000000234e+01 3.141906850000000162e+01 3.094202233333333041e+01 1.000000000000000000e+00
3.345410900000000254e+01 3.274267199999999889e+01 3.209741533333333763e+01 1.000000000000000000e+00
3.527111099999999766e+01 3.436261000000000365e+01 3.358548499999999848e+01 1.000000000000000000e+00
3.332133900000000182e+01 3.429622499999999974e+01 3.401551966666666971e+01 0.000000000000000000e+00
3.342130999999999830e+01 3.337132450000000006e+01 3.400458666666666119e+01 0.000000000000000000e+00
3.362715500000000191e+01 3.352423249999999655e+01 3.345660133333333164e+01 1.000000000000000000e+00
3.203304299999999927e+01 3.283009900000000414e+01 3.302716933333332605e+01 0.000000000000000000e+00
3.178134700000000024e+01 3.190719500000000153e+01 3.248051500000000402e+01 0.000000000000000000e+00
3.344070099999999712e+01 3.261102400000000046e+01 3.241836366666666436e+01 1.000000000000000000e+00
3.396467200000000020e+01 3.370268649999999866e+01 3.306224000000000274e+01 1.000000000000000000e+00
3.515574600000000061e+01 3.456020900000000040e+01 3.418703966666666361e+01 1.000000000000000000e+00
3.218567699999999832e+01 3.367071149999999591e+01 3.376869833333333304e+01 0.000000000000000000e+00
3.250906400000000218e+01 3.234737049999999670e+01 3.328349566666665993e+01 1.000000000000000000e+00
3.290052399999999722e+01 3.270479399999999970e+01 3.253175499999999687e+01 1.000000000000000000e+00
3.498825099999999821e+01 3.394438749999999771e+01 3.346594633333333491e+01 1.000000000000000000e+00
3.509117899999999679e+01 3.503971500000000106e+01 3.432665133333333074e+01 0.000000000000000000e+00
3.633493399999999696e+01 3.571305649999999332e+01 3.547145466666666636e+01 1.000000000000000000e+00
3.395506300000000266e+01 3.514499849999999981e+01 3.512705866666666310e+01 0.000000000000000000e+00
3.605510699999999957e+01 3.500508500000000112e+01 3.544836799999999499e+01 1.000000000000000000e+00
3.686746999999999730e+01 3.646128849999999488e+01 3.562588000000000221e+01 1.000000000000000000e+00
3.645705399999999941e+01 3.666226199999999835e+01 3.645987699999999876e+01 0.000000000000000000e+00
3.902506999999999948e+01 3.774106199999999944e+01 3.744986466666666303e+01 1.000000000000000000e+00
3.700707599999999786e+01 3.801607299999999867e+01 3.749640000000000128e+01 0.000000000000000000e+00
3.608671600000000268e+01 3.654689600000000382e+01 3.737295400000000001e+01 0.000000000000000000e+00
3.795372799999999813e+01 3.702022200000000396e+01 3.701584000000000430e+01 1.000000000000000000e+00
3.554326999999999970e+01 3.674849899999999536e+01 3.652790466666667157e+01 0.000000000000000000e+00
3.584703799999999774e+01 3.569515400000000227e+01 3.644801199999999852e+01 1.000000000000000000e+00
3.620056199999999791e+01 3.602379999999999427e+01 3.586362333333332941e+01 1.000000000000000000e+00
3.467158100000000331e+01 3.543607149999999706e+01 3.557306033333333062e+01 0.000000000000000000e+00
3.660615500000000111e+01 3.563886800000000221e+01 3.582609933333333174e+01 1.000000000000000000e+00
3.503782700000000006e+01 3.582199099999999703e+01 3.543852100000000149e+01 0.000000000000000000e+00
3.575069799999999987e+01 3.539426249999999641e+01 3.579822666666666464e+01 1.000000000000000000e+00
3.806478500000000054e+01 3.690774150000000020e+01 3.628443666666666445e+01 1.000000000000000000e+00
3.830746100000000354e+01 3.818612300000000204e+01 3.737431466666667035e+01 1.000000000000000000e+00
3.890918400000000332e+01 3.860832249999999988e+01 3.842714333333333343e+01 1.000000000000000000e+00
3.887296299999999860e+01 3.889107350000000451e+01 3.869653600000000182e+01 0.000000000000000000e+00
3.906315599999999932e+01 3.896805949999999541e+01 3.894843433333333138e+01 0.000000000000000000e+00
4.201575900000000274e+01 4.053945749999999748e+01 3.998395933333333119e+01 1.000000000000000000e+00
4.089211999999999847e+01 4.145393950000000416e+01 4.065701166666666921e+01 0.000000000000000000e+00
4.070956400000000031e+01 4.080084200000000294e+01 4.120581433333333621e+01 0.000000000000000000e+00
4.137589299999999781e+01 4.104272849999999551e+01 4.099252566666666553e+01 1.000000000000000000e+00
4.012957399999999808e+01 4.075273349999999795e+01 4.073834366666665829e+01 0.000000000000000000e+00
3.994562499999999972e+01 4.003759949999999890e+01 4.048369733333333187e+01 0.000000000000000000e+00
3.892468300000000170e+01 3.943515399999999715e+01 3.966662733333333080e+01 0.000000000000000000e+00
3.931687199999999649e+01 3.912077750000000265e+01 3.939572666666666123e+01 1.000000000000000000e+00
3.741594299999999862e+01 3.836640749999999400e+01 3.855249933333333701e+01 0.000000000000000000e+00
3.927521500000000287e+01 3.834557900000000075e+01 3.866934333333333029e+01 1.000000000000000000e+00
3.887310800000000199e+01 3.907416150000000243e+01 3.852142200000000116e+01 0.000000000000000000e+00
3.923781199999999814e+01 3.905545999999999651e+01 3.912871166666666767e+01 1.000000000000000000e+00
3.968666799999999739e+01 3.946223999999999421e+01 3.926586266666666347e+01 1.000000000000000000e+00
4.070675299999999908e+01 4.019671049999999468e+01 3.987707766666665776e+01 1.000000000000000000e+00
4.289539299999999855e+01 4.180107300000000237e+01 4.109627133333332694e+01 1.000000000000000000e+00
4.231049300000000102e+01 4.260294299999999623e+01 4.197087966666666858e+01 0.000000000000000000e+00
4.360032700000000006e+01 4.295541000000000054e+01 4.293540433333333084e+01 1.000000000000000000e+00
4.332448999999999728e+01 4.346240849999999512e+01 4.307843666666666849e+01 0.000000000000000000e+00
4.281087500000000290e+01 4.306768250000000364e+01 4.324523066666666438e+01 0.000000000000000000e+00
4.408147000000000304e+01 4.344617250000000297e+01 4.340561166666666537e+01 1.000000000000000000e+00
4.388014199999999931e+01 4.398080600000000118e+01 4.359082900000000649e+01 0.000000000000000000e+00
4.434621800000000036e+01 4.411317999999999984e+01 4.410260999999999854e+01 1.000000000000000000e+00
4.599904999999999688e+01 4.517263400000000217e+01 4.474180333333333692e+01 1.000000000000000000e+00
4.177514299999999992e+01 4.388709649999999840e+01 4.404013699999999432e+01 0.000000000000000000e+00
4.197811899999999952e+01 4.187663100000000327e+01 4.325077066666666070e+01 0.000000000000000000e+00
4.213415899999999681e+01 4.205613900000000172e+01 4.196247366666666778e+01 0.000000000000000000e+00
4.192938999999999794e+01 4.203177449999999737e+01 4.201388933333333142e+01 0.000000000000000000e+00
4.276797499999999985e+01 4.234868249999999534e+01 4.227717466666666724e+01 1.000000000000000000e+00
4.587396199999999880e+01 4.432096849999999932e+01 4.352377566666666553e+01 1.000000000000000000e+00
4.384736300000000142e+01 4.486066250000000366e+01 4.416310000000000713e+01 0.000000000000000000e+00
