1.509648000000000101e+00 1.521027000000000129e+00 1.489417999999999909e+00 3.502530000000000000e+07 1.000000000000000000e+00
1.592505000000000059e+00 1.551076500000000191e+00 1.544853000000000032e+00 4.273750000000000000e+07 1.000000000000000000e+00
1.623729999999999896e+00 1.608117500000000089e+00 1.575294333333333574e+00 3.662550000000000000e+07 0.000000000000000000e+00
1.553471999999999964e+00 1.588600999999999930e+00 1.589902333333333528e+00 2.323300000000000000e+07 1.000000000000000000e+00
1.723826999999999998e+00 1.638649500000000092e+00 1.633676333333333064e+00 3.468760000000000000e+07 0.000000000000000000e+00
1.651667999999999914e+00 1.687747499999999956e+00 1.642989000000000033e+00 2.328210000000000000e+07 1.000000000000000000e+00
1.852111999999999981e+00 1.751889999999999947e+00 1.742535666666666705e+00 3.105270000000000000e+07 1.000000000000000000e+00
1.863898999999999972e+00 1.858005499999999977e+00 1.789226333333333363e+00 5.288130000000000000e+07 0.000000000000000000e+00
1.691467999999999972e+00 1.777683499999999972e+00 1.802493000000000123e+00 2.520110000000000000e+07 0.000000000000000000e+00
1.666835000000000067e+00 1.679151500000000130e+00 1.740734000000000004e+00 3.323400000000000000e+07 1.000000000000000000e+00
1.850754000000000010e+00 1.758794500000000038e+00 1.736352333333333497e+00 1.700810000000000000e+07 0.000000000000000000e+00
1.766245999999999983e+00 1.808499999999999996e+00 1.761278333333333279e+00 2.353690000000000000e+07 0.000000000000000000e+00
1.723989999999999911e+00 1.745117999999999947e+00 1.780329999999999968e+00 1.928110000000000000e+07 1.000000000000000000e+00
1.850754000000000010e+00 1.787371999999999961e+00 1.780329999999999968e+00 3.074600000000000000e+07 1.000000000000000000e+00
1.956746000000000096e+00 1.903750000000000053e+00 1.843829999999999858e+00 2.137970000000000000e+07 0.000000000000000000e+00
1.904565999999999981e+00 1.930655999999999928e+00 1.904022000000000103e+00 2.457690000000000000e+07 1.000000000000000000e+00
1.964342999999999950e+00 1.934454499999999966e+00 1.941884999999999861e+00 3.139890000000000000e+07 0.000000000000000000e+00
1.821480999999999906e+00 1.892911999999999928e+00 1.896796666666666686e+00 2.281440000000000000e+07 1.000000000000000000e+00
1.919699000000000044e+00 1.870589999999999975e+00 1.901840999999999893e+00 3.437840000000000000e+07 0.000000000000000000e+00
1.919699000000000044e+00 1.919699000000000044e+00 1.886959666666666591e+00 2.780970000000000000e+07 1.000000000000000000e+00
1.928001999999999994e+00 1.923850499999999908e+00 1.922466666666666768e+00 2.379000000000000000e+07 1.000000000000000000e+00
1.937183000000000099e+00 1.932592500000000157e+00 1.928294666666666712e+00 2.852600000000000000e+07 0.000000000000000000e+00
1.670933999999999919e+00 1.804058500000000009e+00 1.845373000000000152e+00 2.415760000000000000e+07 1.000000000000000000e+00
1.813002000000000002e+00 1.741967999999999961e+00 1.807039666666666600e+00 3.017800000000000000e+07 0.000000000000000000e+00
1.784674000000000094e+00 1.798837999999999937e+00 1.756203333333333338e+00 3.057580000000000000e+07 0.000000000000000000e+00
1.737460000000000004e+00 1.761067000000000160e+00 1.778378666666666774e+00 3.047910000000000000e+07 1.000000000000000000e+00
1.812710999999999961e+00 1.775085499999999872e+00 1.778281666666666760e+00 2.532070000000000000e+07 1.000000000000000000e+00
1.939403999999999906e+00 1.876057499999999933e+00 1.829858333333333142e+00 2.655730000000000000e+07 1.000000000000000000e+00
1.997878999999999960e+00 1.968641499999999933e+00 1.916664666666666683e+00 2.874020000000000000e+07 0.000000000000000000e+00
1.948812999999999906e+00 1.973345999999999822e+00 1.962031999999999998e+00 2.987380000000000000e+07 1.000000000000000000e+00
2.230084999999999873e+00 2.089449000000000112e+00 2.058925666666666654e+00 3.123340000000000000e+07 0.000000000000000000e+00
2.230084999999999873e+00 2.230084999999999873e+00 2.136327666666666847e+00 3.504100000000000000e+07 1.000000000000000000e+00
2.270087000000000188e+00 2.250086000000000030e+00 2.243418999999999830e+00 2.364490000000000000e+07 0.000000000000000000e+00
2.063715999999999884e+00 2.166901499999999814e+00 2.187962666666666944e+00 3.041400000000000000e+07 0.000000000000000000e+00
1.981168000000000040e+00 2.022441999999999851e+00 2.104990333333333297e+00 2.419000000000000000e+07 1.000000000000000000e+00
2.136823000000000139e+00 2.058995499999999979e+00 2.060568999999999651e+00 2.602860000000000000e+07 1.000000000000000000e+00
2.328180000000000138e+00 2.232501500000000139e+00 2.148723666666666698e+00 2.773700000000000000e+07 1.000000000000000000e+00
2.391967000000000176e+00 2.360073500000000379e+00 2.285656666666666670e+00 2.996170000000000000e+07 1.000000000000000000e+00
2.457924999999999915e+00 2.424946000000000268e+00 2.392690666666666743e+00 3.171420000000000000e+07 1.000000000000000000e+00
2.545316999999999830e+00 2.501621000000000095e+00 2.465069666666666937e+00 2.962990000000000000e+07 1.000000000000000000e+00
2.698253999999999930e+00 2.621785499999999658e+00 2.567165333333333521e+00 2.989390000000000000e+07 0.000000000000000000e+00
2.510317000000000132e+00 2.604285500000000031e+00 2.584629333333333445e+00 2.917670000000000000e+07 1.000000000000000000e+00
2.756866000000000039e+00 2.633591500000000085e+00 2.655145666666666404e+00 3.268330000000000000e+07 1.000000000000000000e+00
2.936176000000000119e+00 2.846521000000000079e+00 2.734453000000000245e+00 2.616390000000000000e+07 1.000000000000000000e+00
3.099883000000000166e+00 3.018029499999999921e+00 2.930975000000000108e+00 3.612610000000000000e+07 0.000000000000000000e+00
2.962111000000000161e+00 3.030997000000000163e+00 2.999390000000000001e+00 5.137230000000000000e+07 0.000000000000000000e+00
2.617678000000000171e+00 2.789894499999999944e+00 2.893224000000000018e+00 3.564080000000000000e+07 1.000000000000000000e+00
2.725689000000000028e+00 2.671683500000000322e+00 2.768492666666666935e+00 4.350830000000000000e+07 1.000000000000000000e+00
2.772682999999999787e+00 2.749185999999999908e+00 2.705350000000000588e+00 3.899780000000000000e+07 0.000000000000000000e+00
2.616013000000000144e+00 2.694347999999999743e+00 2.704795000000000282e+00 2.546360000000000000e+07 0.000000000000000000e+00
2.567791999999999852e+00 2.591902499999999776e+00 2.652162666666666446e+00 4.091310000000000000e+07 1.000000000000000000e+00
3.013841000000000214e+00 2.790816500000000033e+00 2.732548666666666293e+00 4.486660000000000000e+07 1.000000000000000000e+00
3.134393999999999902e+00 3.074117499999999836e+00 2.905342333333333471e+00 3.850750000000000000e+07 0.000000000000000000e+00
3.086393000000000164e+00 3.110393499999999811e+00 3.078209333333333575e+00 3.161960000000000000e+07 1.000000000000000000e+00
3.234541000000000111e+00 3.160467000000000137e+00 3.151775999999999911e+00 3.117310000000000000e+07 1.000000000000000000e+00
3.271577000000000179e+00 3.253059000000000367e+00 3.197503666666666522e+00 2.975570000000000000e+07 1.000000000000000000e+00
3.460303000000000129e+00 3.365940000000000154e+00 3.322140333333333473e+00 2.468290000000000000e+07 1.000000000000000000e+00
3.725509000000000182e+00 3.592906000000000155e+00 3.485796333333333497e+00 3.117460000000000000e+07 0.000000000000000000e+00
3.402019000000000126e+00 3.563763999999999932e+00 3.529277000000000442e+00 2.362190000000000000e+07 0.000000000000000000e+00
3.376247000000000220e+00 3.389133000000000173e+00 3.501258333333333805e+00 2.023640000000000000e+07 0.000000000000000000e+00
3.286040999999999990e+00 3.331144000000000105e+00 3.354768999999999668e+00 2.662390000000000000e+07 1.000000000000000000e+00
3.520248000000000044e+00 3.403144499999999795e+00 3.394178666666666899e+00 2.217630000000000000e+07 1.000000000000000000e+00
3.863042000000000087e+00 3.691645000000000287e+00 3.556443666666666559e+00 3.054910000000000000e+07 0.000000000000000000e+00
3.691644000000000148e+00 3.777343000000000117e+00 3.691644666666666907e+00 2.262160000000000000e+07 1.000000000000000000e+00
3.823491000000000195e+00 3.757567500000000393e+00 3.792725666666667106e+00 3.043320000000000000e+07 0.000000000000000000e+00
3.602612999999999843e+00 3.713052000000000241e+00 3.705916000000000210e+00 4.416370000000000000e+07 1.000000000000000000e+00
3.818499000000000088e+00 3.710555999999999965e+00 3.748201000000000338e+00 2.766220000000000000e+07 0.000000000000000000e+00
3.548642000000000074e+00 3.683570500000000081e+00 3.656584666666666816e+00 3.498840000000000000e+07 1.000000000000000000e+00
3.590244999999999909e+00 3.569443500000000213e+00 3.652461999999999875e+00 2.645720000000000000e+07 0.000000000000000000e+00
3.562625000000000153e+00 3.576435000000000031e+00 3.567170666666667156e+00 2.943380000000000000e+07 1.000000000000000000e+00
3.686904999999999877e+00 3.624765000000000015e+00 3.613258333333333017e+00 2.221870000000000000e+07 1.000000000000000000e+00
3.865673999999999833e+00 3.776289499999999855e+00 3.705068000000000250e+00 2.449370000000000000e+07 0.000000000000000000e+00
3.709912000000000099e+00 3.787792999999999743e+00 3.754163666666666899e+00 3.051870000000000000e+07 1.000000000000000000e+00
4.064480999999999788e+00 3.887196499999999943e+00 3.880022333333332796e+00 4.510120000000000000e+07 1.000000000000000000e+00
4.587055999999999578e+00 4.325768499999999683e+00 4.120483000000000118e+00 6.924490000000000000e+07 1.000000000000000000e+00
4.819313000000000180e+00 4.703184499999999879e+00 4.490283333333333182e+00 4.517240000000000000e+07 0.000000000000000000e+00
4.819313000000000180e+00 4.819313000000000180e+00 4.741893999999999387e+00 4.915870000000000000e+07 1.000000000000000000e+00
4.958467999999999876e+00 4.888890500000000472e+00 4.865698000000000079e+00 2.617150000000000000e+07 0.000000000000000000e+00
4.677241000000000426e+00 4.817854500000000151e+00 4.818340666666666827e+00 3.071110000000000000e+07 1.000000000000000000e+00
4.899127000000000010e+00 4.788184000000000218e+00 4.844945333333333437e+00 2.328330000000000000e+07 1.000000000000000000e+00
5.171299000000000312e+00 5.035213000000000605e+00 4.915888999999999953e+00 2.088620000000000000e+07 0.000000000000000000e+00
4.929369000000000334e+00 5.050334000000000323e+00 4.999931666666667773e+00 2.775330000000000000e+07 1.000000000000000000e+00
5.570956999999999937e+00 5.250163000000000579e+00 5.223875000000000490e+00 2.848880000000000000e+07 0.000000000000000000e+00
5.462933999999999735e+00 5.516945500000000280e+00 5.321086666666666964e+00 2.806810000000000000e+07 0.000000000000000000e+00
5.447502000000000066e+00 5.455218000000000345e+00 5.493797666666666579e+00 3.054600000000000000e+07 0.000000000000000000e+00
5.206501000000000268e+00 5.327001499999999723e+00 5.372312333333333356e+00 2.476680000000000000e+07 0.000000000000000000e+00
5.143580000000000041e+00 5.175040499999999710e+00 5.265861000000000125e+00 4.106570000000000000e+07 0.000000000000000000e+00
4.954829000000000150e+00 5.049204500000000095e+00 5.101636666666666819e+00 4.350760000000000000e+07 1.000000000000000000e+00
5.472434999999999938e+00 5.213632000000000488e+00 5.190281333333333968e+00 3.320390000000000000e+07 1.000000000000000000e+00
5.633390000000000342e+00 5.552912499999999696e+00 5.353551333333332884e+00 4.090150000000000000e+07 1.000000000000000000e+00
5.931155999999999651e+00 5.782272999999999996e+00 5.678993666666666051e+00 3.640000000000000000e+07 1.000000000000000000e+00
6.244742999999999711e+00 6.087949499999999681e+00 5.936429666666666272e+00 3.066440000000000000e+07 1.000000000000000000e+00
6.778126999999999569e+00 6.511434999999999640e+00 6.318008666666666606e+00 3.098050000000000000e+07 0.000000000000000000e+00
6.351418999999999926e+00 6.564772999999999747e+00 6.458096333333332772e+00 4.105560000000000000e+07 1.000000000000000000e+00
6.480528999999999762e+00 6.415974000000000288e+00 6.536691666666666123e+00 2.543220000000000000e+07 1.000000000000000000e+00
6.505616999999999983e+00 6.493072999999999873e+00 6.445855000000000778e+00 2.693060000000000000e+07 0.000000000000000000e+00
5.886830999999999925e+00 6.196223999999999954e+00 6.290992333333332631e+00 4.441910000000000000e+07 1.000000000000000000e+00
6.689887999999999835e+00 6.288359500000000324e+00 6.360778666666665693e+00 3.381420000000000000e+07 1.000000000000000000e+00
6.817883000000000138e+00 6.753885499999999986e+00 6.464867333333333299e+00 3.463290000000000000e+07 0.000000000000000000e+00
6.766687000000000118e+00 6.792284999999999684e+00 6.758152666666666697e+00 2.527620000000000000e+07 1.000000000000000000e+00
6.938804000000000194e+00 6.852745500000000156e+00 6.841124666666666521e+00 3.634850000000000000e+07 0.000000000000000000e+00
6.704032999999999909e+00 6.821418500000000051e+00 6.803174666666667036e+00 3.205390000000000000e+07 0.000000000000000000e+00
6.156234000000000428e+00 6.430133500000000168e+00 6.599690333333334102e+00 2.604710000000000000e+07 0.000000000000000000e+00
5.791221000000000174e+00 5.973727500000000745e+00 6.217162666666666837e+00 4.112940000000000000e+07 1.000000000000000000e+00
6.403157000000000210e+00 6.097189000000000192e+00 6.116870666666667233e+00 3.722650000000000000e+07 0.000000000000000000e+00
6.137094000000000271e+00 6.270125500000000685e+00 6.110490666666667181e+00 3.683300000000000000e+07 0.000000000000000000e+00
6.088848999999999734e+00 6.112971500000000447e+00 6.209700000000000664e+00 3.153440000000000000e+07 1.000000000000000000e+00
6.179457000000000200e+00 6.134152999999999523e+00 6.135133333333333105e+00 5.136270000000000000e+07 0.000000000000000000e+00
5.599566000000000265e+00 5.889511500000000233e+00 5.955957333333333104e+00 5.016270000000000000e+07 1.000000000000000000e+00
5.608628000000000391e+00 5.604097000000000328e+00 5.795883666666667544e+00 4.286590000000000000e+07 1.000000000000000000e+00
7.008479999999999599e+00 6.308553999999999995e+00 6.072224666666667048e+00 4.426890000000000000e+07 1.000000000000000000e+00
7.509079999999999977e+00 7.258779999999999788e+00 6.708729333333333322e+00 4.401520000000000000e+07 1.000000000000000000e+00
7.920843999999999774e+00 7.714961999999999875e+00 7.479467999999999783e+00 3.224120000000000000e+07 0.000000000000000000e+00
7.599857000000000085e+00 7.760350499999999485e+00 7.676593666666666316e+00 3.043150000000000000e+07 1.000000000000000000e+00
7.750907999999999909e+00 7.675382499999999553e+00 7.757202999999999626e+00 3.156800000000000000e+07 1.000000000000000000e+00
7.839998999999999718e+00 7.795453499999999813e+00 7.730254666666666274e+00 2.474820000000000000e+07 0.000000000000000000e+00
7.494113999999999720e+00 7.667056499999999275e+00 7.695006999999999486e+00 3.870850000000000000e+07 0.000000000000000000e+00
7.148232000000000141e+00 7.321172999999999931e+00 7.494114999999999860e+00 2.912460000000000000e+07 1.000000000000000000e+00
7.491616999999999749e+00 7.319924499999999945e+00 7.377987666666666833e+00 2.641410000000000000e+07 0.000000000000000000e+00
7.364306000000000019e+00 7.427961500000000328e+00 7.334718333333333895e+00 3.347860000000000000e+07 0.000000000000000000e+00
6.404596999999999873e+00 6.884451499999999946e+00 7.086839999999999584e+00 3.840570000000000000e+07 0.000000000000000000e+00
5.973707000000000100e+00 6.189151999999999987e+00 6.580869999999999997e+00 4.311990000000000000e+07 1.000000000000000000e+00
7.419825999999999588e+00 6.696766499999999844e+00 6.599376666666667113e+00 5.364280000000000000e+07 1.000000000000000000e+00
7.610338999999999743e+00 7.515082500000000110e+00 7.001290666666666773e+00 3.748910000000000000e+07 1.000000000000000000e+00
9.353094999999999715e+00 8.481716999999999729e+00 8.127753333333332719e+00 6.753900000000000000e+07 0.000000000000000000e+00
8.280955000000000510e+00 8.817025000000001000e+00 8.414796333333333322e+00 4.887900000000000000e+07 1.000000000000000000e+00
8.298814000000000135e+00 8.289884499999999434e+00 8.644288000000001304e+00 4.310990000000000000e+07 1.000000000000000000e+00
1.029851400000000083e+01 9.298664000000000485e+00 8.959427666666666568e+00 6.532480000000000000e+07 1.000000000000000000e+00
1.044680100000000067e+01 1.037265750000000075e+01 9.681376333333334472e+00 6.548060000000000000e+07 0.000000000000000000e+00
1.028031999999999968e+01 1.036356050000000018e+01 1.034187833333333373e+01 4.975970000000000000e+07 0.000000000000000000e+00
9.542061999999999600e+00 9.911190999999998752e+00 1.008972766666666665e+01 4.610710000000000000e+07 1.000000000000000000e+00
9.605394999999999683e+00 9.573728499999999642e+00 9.809258999999999062e+00 6.771500000000000000e+07 1.000000000000000000e+00
9.901787000000000560e+00 9.753591000000000122e+00 9.683081333333333873e+00 5.553190000000000000e+07 0.000000000000000000e+00
9.003313999999999595e+00 9.452550500000000966e+00 9.503498666666667205e+00 1.724197000000000000e+08 1.000000000000000000e+00
9.447392000000000678e+00 9.225353000000000137e+00 9.450831000000000870e+00 1.159356000000000000e+08 1.000000000000000000e+00
1.022824199999999983e+01 9.837817000000001144e+00 9.559649333333332777e+00 1.285423000000000000e+08 1.000000000000000000e+00
1.127843700000000027e+01 1.075333949999999916e+01 1.031802366666666693e+01 1.338599000000000000e+08 0.000000000000000000e+00
9.930039999999999978e+00 1.060423850000000101e+01 1.047890633333333277e+01 9.733330000000000000e+07 1.000000000000000000e+00
9.945719999999999672e+00 9.937879999999999825e+00 1.038473233333333390e+01 9.728280000000000000e+07 1.000000000000000000e+00
1.019021900000000080e+01 1.006796950000000024e+01 1.002199300000000015e+01 8.999940000000000000e+07 0.000000000000000000e+00
9.559312000000000253e+00 9.874765500000000529e+00 9.898417000000000243e+00 7.865930000000000000e+07 1.000000000000000000e+00
9.642606999999999928e+00 9.600959500000000091e+00 9.797379333333333662e+00 9.585050000000000000e+07 1.000000000000000000e+00
1.002227399999999946e+01 9.832440500000000583e+00 9.741397666666665955e+00 1.011289000000000000e+08 1.000000000000000000e+00
1.085641599999999940e+01 1.043934499999999943e+01 1.017376566666666626e+01 7.712980000000000000e+07 0.000000000000000000e+00
1.053392900000000054e+01 1.069517249999999997e+01 1.047087299999999921e+01 9.493620000000000000e+07 1.000000000000000000e+00
1.064923300000000062e+01 1.059158100000000147e+01 1.067985933333333293e+01 6.569090000000000000e+07 1.000000000000000000e+00
1.150082300000000046e+01 1.107502799999999965e+01 1.089466166666666957e+01 8.706060000000000000e+07 0.000000000000000000e+00
1.095324399999999976e+01 1.122703350000000100e+01 1.103443333333333243e+01 8.319210000000000000e+07 0.000000000000000000e+00
1.070603799999999950e+01 1.082964099999999874e+01 1.105336833333333324e+01 7.008890000000000000e+07 1.000000000000000000e+00
1.095345400000000069e+01 1.082974600000000009e+01 1.087091199999999880e+01 8.001290000000000000e+07 0.000000000000000000e+00
9.627057000000000642e+00 1.029025550000000067e+01 1.042884966666666635e+01 1.281739000000000000e+08 1.000000000000000000e+00
9.781463999999999714e+00 9.704260500000000178e+00 1.012065833333333309e+01 8.630420000000000000e+07 0.000000000000000000e+00
8.772914999999999353e+00 9.277189499999998645e+00 9.393811999999998719e+00 1.386779000000000000e+08 1.000000000000000000e+00
9.201695000000000846e+00 8.987304999999999211e+00 9.252024666666665453e+00 1.399451000000000000e+08 1.000000000000000000e+00
9.268599999999999284e+00 9.235147500000000065e+00 9.081069999999998643e+00 1.088766000000000000e+08 1.000000000000000000e+00
9.381036999999999182e+00 9.324818499999999233e+00 9.283777333333333104e+00 1.225836000000000000e+08 0.000000000000000000e+00
9.342271000000000214e+00 9.361653999999999698e+00 9.330636000000000152e+00 1.310947000000000000e+08 1.000000000000000000e+00
9.828868999999999190e+00 9.585570000000000590e+00 9.517392333333333454e+00 1.087066000000000000e+08 1.000000000000000000e+00
1.061982000000000070e+01 1.022434450000000083e+01 9.930320000000000036e+00 1.400637000000000000e+08 0.000000000000000000e+00
9.965984999999999872e+00 1.029290250000000029e+01 1.013822466666666777e+01 1.183181000000000000e+08 1.000000000000000000e+00
1.092047299999999943e+01 1.044322899999999876e+01 1.050209266666666785e+01 1.165539000000000000e+08 1.000000000000000000e+00
1.108841499999999947e+01 1.100444399999999945e+01 1.065829099999999841e+01 1.195217000000000000e+08 0.000000000000000000e+00
1.059065200000000040e+01 1.083953349999999993e+01 1.086651333333333191e+01 1.102950000000000000e+08 1.000000000000000000e+00
1.152731499999999976e+01 1.105898350000000008e+01 1.106879399999999869e+01 8.552640000000000000e+07 0.000000000000000000e+00
1.130230300000000021e+01 1.141480899999999998e+01 1.114009000000000071e+01 1.119523000000000000e+08 1.000000000000000000e+00
1.179774699999999932e+01 1.155002499999999976e+01 1.154245499999999858e+01 1.121696000000000000e+08 1.000000000000000000e+00
1.194793699999999959e+01 1.187284199999999856e+01 1.168266233333333304e+01 9.250140000000000000e+07 1.000000000000000000e+00
1.380729400000000062e+01 1.287761550000000099e+01 1.251765933333333258e+01 1.288735000000000000e+08 1.000000000000000000e+00
1.387257699999999971e+01 1.383993549999999928e+01 1.320926933333333331e+01 1.172191000000000000e+08 1.000000000000000000e+00
1.450218500000000077e+01 1.418738100000000024e+01 1.406068533333333370e+01 8.554560000000000000e+07 1.000000000000000000e+00
1.494314100000000067e+01 1.472266300000000072e+01 1.443930100000000039e+01 1.408677000000000000e+08 1.000000000000000000e+00
1.526208300000000051e+01 1.510261200000000059e+01 1.490246966666666673e+01 1.417739000000000000e+08 1.000000000000000000e+00
1.569661299999999926e+01 1.547934799999999989e+01 1.530061233333333348e+01 1.513406000000000000e+08 1.000000000000000000e+00
1.658619099999999946e+01 1.614140199999999936e+01 1.584829566666666700e+01 1.469389000000000000e+08 1.000000000000000000e+00
1.712536199999999909e+01 1.685577649999999750e+01 1.646938866666666357e+01 1.161042000000000000e+08 0.000000000000000000e+00
1.642273300000000091e+01 1.677404750000000178e+01 1.671142866666666649e+01 1.513329000000000000e+08 1.000000000000000000e+00
1.828057899999999947e+01 1.735165599999999841e+01 1.727622466666666767e+01 1.625368000000000000e+08 1.000000000000000000e+00
1.860272600000000054e+01 1.844165250000000000e+01 1.776867933333333482e+01 1.894319000000000000e+08 1.000000000000000000e+00
2.038604700000000136e+01 1.949438650000000095e+01 1.908978399999999809e+01 1.658315000000000000e+08 0.000000000000000000e+00
1.945400800000000174e+01 1.992002750000000333e+01 1.948092700000000121e+01 1.505325000000000000e+08 1.000000000000000000e+00
2.078933500000000123e+01 2.012167150000000149e+01 2.020979666666666930e+01 1.577174000000000000e+08 1.000000000000000000e+00
2.484458000000000055e+01 2.281695750000000089e+01 2.169597433333333569e+01 1.943568000000000000e+08 0.000000000000000000e+00
2.448413800000000151e+01 2.466435900000000103e+01 2.337268433333333562e+01 2.627214000000000000e+08 0.000000000000000000e+00
2.380527700000000024e+01 2.414470750000000265e+01 2.437799833333333410e+01 2.332391000000000000e+08 1.000000000000000000e+00
2.448413800000000151e+01 2.414470750000000265e+01 2.425785100000000227e+01 2.034932000000000000e+08 1.000000000000000000e+00
2.651212900000000161e+01 2.549813350000000156e+01 2.493384800000000112e+01 1.709887000000000000e+08 1.000000000000000000e+00
2.886404200000000131e+01 2.768808549999999968e+01 2.662010300000000029e+01 1.519621000000000000e+08 1.000000000000000000e+00
3.061057999999999879e+01 2.973731099999999827e+01 2.866225033333333272e+01 1.690095000000000000e+08 1.000000000000000000e+00
3.245353699999999719e+01 3.153205849999999799e+01 3.064271966666666458e+01 1.883164000000000000e+08 0.000000000000000000e+00
3.035063399999999945e+01 3.140208549999999832e+01 3.113825033333333181e+01 2.467864000000000000e+08 0.000000000000000000e+00
2.827295499999999961e+01 2.931179449999999775e+01 3.035904199999999875e+01 2.136597000000000000e+08 0.000000000000000000e+00
2.718428000000000111e+01 2.772861749999999859e+01 2.860262299999999769e+01 3.424480000000000000e+08 1.000000000000000000e+00
3.023070299999999833e+01 2.870749149999999972e+01 2.856264600000000087e+01 3.123405000000000000e+08 0.000000000000000000e+00
2.848321699999999979e+01 2.935696000000000083e+01 2.863273333333333426e+01 2.975039000000000000e+08 1.000000000000000000e+00
2.974591300000000160e+01 2.911456499999999892e+01 2.948661099999999990e+01 2.578360000000000000e+08 1.000000000000000000e+00
3.151230599999999882e+01 3.062910949999999843e+01 2.991381199999999652e+01 2.616532000000000000e+08 0.000000000000000000e+00
2.981184800000000124e+01 3.066207700000000003e+01 3.035668899999999937e+01 2.913815000000000000e+08 1.000000000000000000e+00
3.109822700000000140e+01 3.045503750000000309e+01 3.080746033333333500e+01 3.029437000000000000e+08 1.000000000000000000e+00
3.257410000000000139e+01 3.183616350000000139e+01 3.116139166666667037e+01 2.308322000000000000e+08 0.000000000000000000e+00
3.031028699999999887e+01 3.144219350000000190e+01 3.132753800000000055e+01 2.119763000000000000e+08 0.000000000000000000e+00
2.844665900000000036e+01 2.937847299999999962e+01 3.044368199999999902e+01 3.189293000000000000e+08 1.000000000000000000e+00
2.878592899999999943e+01 2.861629399999999990e+01 2.918095833333333289e+01 3.347927000000000000e+08 1.000000000000000000e+00
3.240562400000000309e+01 3.059577649999999949e+01 2.987940400000000452e+01 2.829342000000000000e+08 1.000000000000000000e+00
3.464464199999999749e+01 3.352513299999999674e+01 3.194539833333333334e+01 2.928013000000000000e+08 0.000000000000000000e+00
3.197707600000000028e+01 3.331085900000000066e+01 3.300911399999999674e+01 4.437221000000000000e+08 0.000000000000000000e+00
3.145221300000000042e+01 3.171464449999999857e+01 3.269131033333333392e+01 2.435477000000000000e+08 1.000000000000000000e+00
3.317570899999999767e+01 3.231396099999999905e+01 3.220166599999999590e+01 3.547493000000000000e+08 1.000000000000000000e+00
3.366109099999999899e+01 3.341839999999999833e+01 3.276300433333333473e+01 2.687315000000000000e+08 1.000000000000000000e+00
3.758296200000000198e+01 3.562202650000000403e+01 3.480658733333333288e+01 3.596045000000000000e+08 1.000000000000000000e+00
3.838967099999999988e+01 3.798631650000000093e+01 3.654457466666666932e+01 2.971519000000000000e+08 1.000000000000000000e+00
3.953403099999999881e+01 3.896185099999999579e+01 3.850222133333333119e+01 4.033879000000000000e+08 1.000000000000000000e+00
4.031253800000000354e+01 3.992328450000000117e+01 3.941207999999999601e+01 3.873420000000000000e+08 1.000000000000000000e+00
4.320711899999999872e+01 4.175982849999999758e+01 4.101789600000000036e+01 2.373602000000000000e+08 0.000000000000000000e+00
4.182384100000000160e+01 4.251547999999999661e+01 4.178116599999999892e+01 3.260080000000000000e+08 0.000000000000000000e+00
3.965329700000000201e+01 4.073856899999999825e+01 4.156141900000000078e+01 3.576187000000000000e+08 1.000000000000000000e+00
4.374545299999999770e+01 4.169937500000000341e+01 4.174086366666666237e+01 2.367693000000000000e+08 0.000000000000000000e+00
3.968797699999999651e+01 4.171671499999999355e+01 4.102890899999999874e+01 4.463296000000000000e+08 1.000000000000000000e+00
4.097607399999999700e+01 4.033202550000000031e+01 4.146983466666666374e+01 3.134122000000000000e+08 0.000000000000000000e+00
3.804328499999999735e+01 3.950967949999999718e+01 3.956911199999999695e+01 3.526055000000000000e+08 1.000000000000000000e+00
4.300523400000000152e+01 4.052425949999999943e+01 4.067486433333333196e+01 2.805712000000000000e+08 1.000000000000000000e+00
4.647460900000000095e+01 4.473992150000000123e+01 4.250770933333333090e+01 4.048464000000000000e+08 1.000000000000000000e+00
4.743361300000000114e+01 4.695411099999999749e+01 4.563781866666666787e+01 3.787804000000000000e+08 0.000000000000000000e+00
4.101632699999999687e+01 4.422496999999999900e+01 4.497484966666666395e+01 4.266738000000000000e+08 1.000000000000000000e+00
4.177672599999999647e+01 4.139652649999999312e+01 4.340888866666666246e+01 3.109356000000000000e+08 0.000000000000000000e+00
3.708818099999999873e+01 3.943245349999999405e+01 3.996041133333332596e+01 4.497541000000000000e+08 0.000000000000000000e+00
2.633386600000000044e+01 3.171102349999999959e+01 3.506625766666666522e+01 6.302962000000000000e+08 1.000000000000000000e+00
2.692301799999999901e+01 2.662844199999999972e+01 3.011502166666666724e+01 4.045149000000000000e+08 0.000000000000000000e+00
2.655392499999999956e+01 2.673847149999999928e+01 2.660360300000000322e+01 3.735524000000000000e+08 0.000000000000000000e+00
2.436502499999999927e+01 2.545947499999999764e+01 2.594732266666666476e+01 3.724001000000000000e+08 0.000000000000000000e+00
1.914651500000000084e+01 2.175576999999999828e+01 2.335515499999999633e+01 3.813674000000000000e+08 1.000000000000000000e+00
2.037149799999999900e+01 1.975900649999999814e+01 2.129434600000000088e+01 5.462339000000000000e+08 1.000000000000000000e+00
2.132868399999999909e+01 2.085009099999999904e+01 2.028223233333332942e+01 3.859071000000000000e+08 1.000000000000000000e+00
2.384650800000000004e+01 2.258759599999999779e+01 2.184889666666666486e+01 3.351317000000000000e+08 0.000000000000000000e+00
2.217611499999999936e+01 2.301131149999999792e+01 2.245043566666666379e+01 4.739074000000000000e+08 1.000000000000000000e+00
2.304607800000000140e+01 2.261109650000000215e+01 2.302290033333333596e+01 3.985053000000000000e+08 1.000000000000000000e+00
2.407259399999999872e+01 2.355933600000000183e+01 2.309826233333333434e+01 2.920040000000000000e+08 1.000000000000000000e+00
2.414209200000000166e+01 2.410734300000000019e+01 2.375358800000000414e+01 3.049981000000000000e+08 1.000000000000000000e+00
2.682573299999999961e+01 2.548391250000000241e+01 2.501347300000000118e+01 4.918488000000000000e+08 1.000000000000000000e+00
2.803345900000000057e+01 2.742959600000000009e+01 2.633376133333333158e+01 2.587558000000000000e+08 0.000000000000000000e+00
2.765440900000000113e+01 2.784393400000000085e+01 2.750453366666666355e+01 2.221670000000000000e+08 0.000000000000000000e+00
2.599200199999999938e+01 2.682320550000000026e+01 2.722662333333333251e+01 2.447687000000000000e+08 0.000000000000000000e+00
2.599200199999999938e+01 2.599200199999999938e+01 2.654613766666666663e+01 2.590171000000000000e+08 1.000000000000000000e+00
2.808217799999999897e+01 2.703708999999999918e+01 2.668872733333333258e+01 3.195653000000000000e+08 1.000000000000000000e+00
3.248355500000000262e+01 3.028286650000000080e+01 2.885257833333333721e+01 3.356916000000000000e+08 0.000000000000000000e+00
2.846084400000000159e+01 3.047219950000000210e+01 2.967552566666666891e+01 3.881524000000000000e+08 0.000000000000000000e+00
2.730610300000000024e+01 2.788347350000000091e+01 2.941683400000000503e+01 3.653551000000000000e+08 1.000000000000000000e+00
3.071589699999999823e+01 2.901099999999999923e+01 2.882761466666666550e+01 2.631677000000000000e+08 0.000000000000000000e+00
2.955566599999999866e+01 3.013578150000000022e+01 2.919255533333333119e+01 2.598125000000000000e+08 1.000000000000000000e+00
3.237424099999999783e+01 3.096495350000000002e+01 3.088193466666666609e+01 2.000423000000000000e+08 1.000000000000000000e+00
3.347913400000000195e+01 3.292668749999999989e+01 3.180301366666666851e+01 3.005770000000000000e+08 1.000000000000000000e+00
3.432233000000000089e+01 3.390073200000000497e+01 3.339190166666666215e+01 2.291404000000000000e+08 1.000000000000000000e+00
3.884577900000000028e+01 3.658405450000000059e+01 3.554908100000000104e+01 2.017357000000000000e+08 1.000000000000000000e+00
4.076239799999999747e+01 3.980408849999999887e+01 3.797683566666666621e+01 2.354660000000000000e+08 1.000000000000000000e+00
4.441881599999999963e+01 4.259060699999999855e+01 4.134233100000000150e+01 2.389807000000000000e+08 1.000000000000000000e+00
4.608632999999999669e+01 4.525257299999999816e+01 4.375584799999999319e+01 2.888232000000000000e+08 0.000000000000000000e+00
4.552655399999999730e+01 4.580644199999999699e+01 4.534389999999999787e+01 1.977692000000000000e+08 0.000000000000000000e+00
4.225444399999999945e+01 4.389049899999999838e+01 4.462244266666666448e+01 2.597671000000000000e+08 1.000000000000000000e+00
4.391349400000000003e+01 4.308396899999999619e+01 4.389816400000000129e+01 2.396909000000000000e+08 0.000000000000000000e+00
4.204457899999999881e+01 4.297903649999999942e+01 4.273750566666666373e+01 3.490569000000000000e+08 0.000000000000000000e+00
4.021876900000000177e+01 4.113167400000000384e+01 4.205894733333332880e+01 3.775037000000000000e+08 0.000000000000000000e+00
3.741226999999999947e+01 3.881551950000000062e+01 3.989187266666667142e+01 2.861484000000000000e+08 1.000000000000000000e+00
4.115230199999999883e+01 3.928228599999999915e+01 3.959444700000000239e+01 2.683164000000000000e+08 1.000000000000000000e+00
4.268366999999999933e+01 4.191798599999999908e+01 4.041608066666666588e+01 2.233979000000000000e+08 1.000000000000000000e+00
4.361130500000000154e+01 4.314748749999999688e+01 4.248242566666666420e+01 2.105063000000000000e+08 0.000000000000000000e+00
4.082238799999999657e+01 4.221684650000000261e+01 4.237245433333333011e+01 2.410075000000000000e+08 1.000000000000000000e+00
4.581371299999999991e+01 4.331805049999999824e+01 4.341580200000000644e+01 3.155122000000000000e+08 1.000000000000000000e+00
4.603315400000000324e+01 4.592343350000000157e+01 4.422308499999999754e+01 2.303275000000000000e+08 0.000000000000000000e+00
4.338052700000000073e+01 4.470684049999999843e+01 4.507579799999999892e+01 2.045463000000000000e+08 0.000000000000000000e+00
4.143832400000000149e+01 4.240942549999999756e+01 4.361733499999999708e+01 2.989398000000000000e+08 1.000000000000000000e+00
4.496083099999999888e+01 4.319957750000000374e+01 4.325989399999999563e+01 2.169310000000000000e+08 0.000000000000000000e+00
4.380221600000000137e+01 4.438152350000000013e+01 4.340045699999999584e+01 1.946673000000000000e+08 1.000000000000000000e+00
4.623048399999999702e+01 4.501635000000000275e+01 4.499784366666666102e+01 1.369370000000000000e+08 1.000000000000000000e+00
4.654796999999999940e+01 4.638922699999999821e+01 4.552689000000000163e+01 1.296394000000000000e+08 1.000000000000000000e+00
4.709338400000000036e+01 4.682067700000000343e+01 4.662394599999999656e+01 1.182957000000000000e+08 0.000000000000000000e+00
4.689328799999999831e+01 4.699333599999999933e+01 4.684488066666667549e+01 1.288857000000000000e+08 1.000000000000000000e+00
4.775802199999999686e+01 4.732565499999999759e+01 4.724823133333332947e+01 1.220551000000000000e+08 1.000000000000000000e+00
4.776626199999999756e+01 4.776214199999999721e+01 4.747252399999999994e+01 1.250109000000000000e+08 0.000000000000000000e+00
4.772508200000000045e+01 4.774567199999999900e+01 4.774978866666666732e+01 1.759686000000000000e+08 1.000000000000000000e+00
5.005944099999999963e+01 4.889226150000000359e+01 4.851692833333333255e+01 1.209074000000000000e+08 1.000000000000000000e+00
5.035097499999999826e+01 5.020520799999999895e+01 4.937849933333333752e+01 1.369019000000000000e+08 1.000000000000000000e+00
5.109228099999999984e+01 5.072162799999999550e+01 5.050089900000000398e+01 1.615558000000000000e+08 0.000000000000000000e+00
5.091515400000000113e+01 5.100371750000000048e+01 5.078613666666666404e+01 1.109630000000000000e+08 1.000000000000000000e+00
5.458440399999999926e+01 5.274977900000000375e+01 5.219727966666666674e+01 1.425724000000000000e+08 1.000000000000000000e+00
5.638974799999999732e+01 5.548707600000000184e+01 5.396310199999999924e+01 1.159995000000000000e+08 1.000000000000000000e+00
5.911994899999999831e+01 5.775484849999999426e+01 5.669803366666666733e+01 9.842310000000000000e+07 1.000000000000000000e+00
6.236894199999999699e+01 6.074444549999999765e+01 5.929287966666666421e+01 1.080979000000000000e+08 1.000000000000000000e+00
6.253664400000000256e+01 6.245279299999999978e+01 6.134184499999999929e+01 8.669250000000000000e+07 0.000000000000000000e+00
6.068973499999999888e+01 6.161318950000000427e+01 6.186510700000000185e+01 1.016935000000000000e+08 0.000000000000000000e+00
5.579331200000000024e+01 5.824152349999999956e+01 5.967323033333334337e+01 1.084165000000000000e+08 1.000000000000000000e+00
5.712480500000000205e+01 5.645905849999999759e+01 5.786928400000000039e+01 1.147848000000000000e+08 1.000000000000000000e+00
6.107820499999999697e+01 5.910150500000000306e+01 5.799877399999999739e+01 1.077745000000000000e+08 1.000000000000000000e+00
6.451631199999999922e+01 6.279725849999999809e+01 6.090644066666666845e+01 1.284177000000000000e+08 1.000000000000000000e+00
6.940428900000000567e+01 6.696030050000000244e+01 6.499960199999999588e+01 1.141174000000000000e+08 1.000000000000000000e+00
7.509091200000000299e+01 7.224760050000000433e+01 6.967050433333334070e+01 1.056247000000000000e+08 0.000000000000000000e+00
7.226173400000000413e+01 7.367632299999999645e+01 7.225231166666667093e+01 1.071138000000000000e+08 0.000000000000000000e+00
7.174473600000000317e+01 7.200323500000000365e+01 7.303246066666666536e+01 9.795210000000000000e+07 0.000000000000000000e+00
6.759304000000000201e+01 6.966888800000000970e+01 7.053316999999999837e+01 1.153943000000000000e+08 0.000000000000000000e+00
6.373285700000000276e+01 6.566294849999999883e+01 6.769021100000000501e+01 2.058214000000000000e+08 0.000000000000000000e+00
5.893946499999999844e+01 6.133616100000000415e+01 6.342178733333332730e+01 1.409268000000000000e+08 1.000000000000000000e+00
6.160675799999999924e+01 6.027311149999999884e+01 6.142636000000000962e+01 2.195625000000000000e+08 0.000000000000000000e+00
5.618294499999999658e+01 5.889485150000000147e+01 5.890972266666666002e+01 1.862750000000000000e+08 1.000000000000000000e+00
5.816334899999999664e+01 5.717314700000000016e+01 5.865101733333333556e+01 1.618139000000000000e+08 0.000000000000000000e+00
5.614444699999999955e+01 5.715389799999999809e+01 5.683024700000000706e+01 1.560536000000000000e+08 1.000000000000000000e+00
6.124848200000000276e+01 5.869646450000000470e+01 5.851875933333332824e+01 1.490649000000000000e+08 0.000000000000000000e+00
5.742496500000000026e+01 5.933672350000000506e+01 5.827263133333334366e+01 1.191379000000000000e+08 0.000000000000000000e+00
5.600576000000000221e+01 5.671536249999999768e+01 5.822640233333333981e+01 1.196215000000000000e+08 0.000000000000000000e+00
4.590995000000000203e+01 5.095785500000000212e+01 5.311355833333333720e+01 1.872258000000000000e+08 0.000000000000000000e+00
4.239524800000000226e+01 4.415259900000000215e+01 4.810365266666666884e+01 3.006289000000000000e+08 1.000000000000000000e+00
4.432692699999999775e+01 4.336108749999999645e+01 4.421070833333333638e+01 2.165467000000000000e+08 1.000000000000000000e+00
4.930862799999999879e+01 4.681777749999999827e+01 4.534360099999999960e+01 1.946130000000000000e+08 1.000000000000000000e+00
5.063117600000000351e+01 4.996990200000000470e+01 4.808891033333333098e+01 1.332956000000000000e+08 0.000000000000000000e+00
4.373671699999999873e+01 4.718394650000000468e+01 4.789217366666667175e+01 2.225806000000000000e+08 0.000000000000000000e+00
3.660806699999999836e+01 4.017239200000000210e+01 4.365865333333334064e+01 3.336213000000000000e+08 0.000000000000000000e+00
3.169015500000000074e+01 3.414911099999999777e+01 3.734497966666666713e+01 3.651672000000000000e+08 1.000000000000000000e+00
3.801667799999999886e+01 3.485341650000000158e+01 3.543829999999999814e+01 2.727285000000000000e+08 1.000000000000000000e+00
4.511589399999999728e+01 4.156628599999999807e+01 3.827424233333333348e+01 1.993656000000000000e+08 0.000000000000000000e+00
4.133972500000000139e+01 4.322780949999999933e+01 4.149076566666666821e+01 1.640558000000000000e+08 1.000000000000000000e+00
4.139674399999999821e+01 4.136823449999999980e+01 4.261745433333333466e+01 1.874007000000000000e+08 0.000000000000000000e+00
3.875722100000000125e+01 4.007698249999999973e+01 4.049789666666666932e+01 1.631650000000000000e+08 1.000000000000000000e+00
3.920882000000000289e+01 3.898302050000000207e+01 3.978759500000000315e+01 1.633462000000000000e+08 1.000000000000000000e+00
4.152027900000000216e+01 4.036454950000000252e+01 3.982877333333333780e+01 1.847024000000000000e+08 0.000000000000000000e+00
4.150117500000000348e+01 4.151072700000000282e+01 4.074342466666666951e+01 1.746621000000000000e+08 1.000000000000000000e+00
4.661184300000000036e+01 4.405650900000000547e+01 4.321109899999999726e+01 1.810083000000000000e+08 1.000000000000000000e+00
4.816813299999999742e+01 4.738998800000000244e+01 4.542705033333334086e+01 1.362266000000000000e+08 0.000000000000000000e+00
4.684240700000000146e+01 4.750526999999999589e+01 4.720746100000000212e+01 1.176307000000000000e+08 0.000000000000000000e+00
4.569919999999999760e+01 4.627080349999999953e+01 4.690324666666666076e+01 1.488947000000000000e+08 1.000000000000000000e+00
4.816499300000000261e+01 4.693209650000000011e+01 4.690220000000000056e+01 2.073318000000000000e+08 0.000000000000000000e+00
4.627201099999999911e+01 4.721850200000000086e+01 4.671206799999999504e+01 1.274889000000000000e+08 0.000000000000000000e+00
4.316209800000000030e+01 4.471705450000000326e+01 4.586636733333333638e+01 1.765069000000000000e+08 0.000000000000000000e+00
4.269469500000000295e+01 4.292839650000000518e+01 4.404293466666666745e+01 1.975332000000000000e+08 1.000000000000000000e+00
4.406410999999999945e+01 4.337940249999999764e+01 4.330696766666667230e+01 1.485641000000000000e+08 0.000000000000000000e+00
4.266227299999999900e+01 4.336319149999999922e+01 4.314035933333332906e+01 1.470804000000000000e+08 1.000000000000000000e+00
4.890624199999999888e+01 4.578425749999999539e+01 4.521087499999999437e+01 1.226617000000000000e+08 1.000000000000000000e+00
4.998111000000000104e+01 4.944367599999999641e+01 4.718320833333333297e+01 1.226094000000000000e+08 1.000000000000000000e+00
4.998319999999999652e+01 4.998215499999999878e+01 4.962351733333332504e+01 1.370733000000000000e+08 1.000000000000000000e+00
5.392251999999999867e+01 5.195286000000000115e+01 5.129561000000000348e+01 1.097583000000000000e+08 1.000000000000000000e+00
5.777342999999999762e+01 5.584797499999999815e+01 5.389304999999999524e+01 1.109027000000000000e+08 0.000000000000000000e+00
5.335274499999999875e+01 5.556308749999999463e+01 5.501623166666666975e+01 1.327758000000000000e+08 1.000000000000000000e+00
5.855844100000000196e+01 5.595559300000000036e+01 5.656153866666667085e+01 1.476890000000000000e+08 1.000000000000000000e+00
6.469181799999999782e+01 6.162512949999999989e+01 5.886766800000000188e+01 1.858235000000000000e+08 1.000000000000000000e+00
6.655849499999999352e+01 6.562515650000000278e+01 6.326958466666666681e+01 1.553656000000000000e+08 1.000000000000000000e+00
6.904476200000000574e+01 6.780162849999999253e+01 6.676502499999999429e+01 1.493015000000000000e+08 1.000000000000000000e+00
7.157368499999999756e+01 7.030922350000000165e+01 6.905898066666667034e+01 1.195770000000000000e+08 1.000000000000000000e+00
7.312231400000000292e+01 7.234799950000000024e+01 7.124692033333333541e+01 1.146001000000000000e+08 1.000000000000000000e+00
