1989-11-01,8.957219,9.100154,8.385482,8.957219,1.426200,28665900
1989-12-01,8.957219,10.100695,8.814285,9.624247,1.532406,42899800
1990-01-01,9.671891,9.814826,8.576061,9.481312,1.509648,35025300
1990-02-01,9.528957,10.291273,9.481312,9.719536,1.592505,42737500
1990-03-01,9.719536,10.100695,9.433667,9.910115,1.623730,36625500
1990-04-01,9.862471,10.243629,9.052509,9.481312,1.553472,23233000
1990-05-01,9.481312,10.624787,9.481312,10.243629,1.723827,34687600
1990-06-01,10.291273,10.338919,9.386023,9.814826,1.651668,23282100
1990-07-01,9.814826,11.101234,9.767180,11.005945,1.852112,31052700
1990-08-01,11.005945,11.863551,10.243629,10.815366,1.863899,52881300
1990-09-01,10.720077,11.244169,9.719536,9.814826,1.691468,25201100
1990-10-01,9.814826,10.386563,9.100154,9.671891,1.666835,33234000
1990-11-01,9.814826,10.434208,9.671891,10.434208,1.850754,17008100
1990-12-01,10.291273,10.338919,9.386023,9.957760,1.766246,23536900
1991-01-01,9.957760,10.195984,9.290733,9.719536,1.723990,19281100
1991-02-01,9.814826,10.910656,9.624247,10.434208,1.850754,30746000
1991-03-01,10.434208,11.196525,10.338919,10.720077,1.956746,21379700
1991-04-01,10.672432,11.244169,10.195984,10.434208,1.904566,24576900
1991-05-01,10.529497,10.577143,9.386023,10.481853,1.964343,31398900
1991-06-01,10.481853,10.672432,9.481312,9.719536,1.821481,22814400
1991-07-01,9.814826,10.291273,9.100154,10.243629,1.919699,34378400
1991-08-01,10.243629,10.291273,9.290733,10.243629,1.919699,27809700
1991-09-01,10.195984,10.481853,9.481312,10.005404,1.928002,23790000
1991-10-01,10.005404,10.577143,9.624247,10.053050,1.937183,28526000
1991-11-01,10.053050,10.195984,8.433126,8.671350,1.670934,24157600
1991-12-01,8.576061,9.243089,8.337837,9.147799,1.813002,30178000
1992-01-01,9.147799,9.576602,8.528417,9.004865,1.784674,30575800
1992-02-01,8.861930,9.195443,8.385482,8.766641,1.737460,30479100
1992-03-01,8.766641,9.147799,8.576061,8.861930,1.812711,25320700
1992-04-01,8.766641,9.481312,8.576061,9.481312,1.939404,26557300
1992-05-01,9.433667,10.291273,9.195443,9.767180,1.997879,28740200
1992-06-01,9.719536,10.195984,9.243089,9.243089,1.948813,29873800
1992-07-01,9.243089,10.624787,9.195443,10.577143,2.230085,31233400
1992-08-01,10.338919,11.005945,10.148339,10.577143,2.230085,35041000
1992-09-01,10.577143,10.815366,10.195984,10.481853,2.270087,23644900
1992-10-01,10.577143,10.624787,8.814285,9.528957,2.063716,30414000
1992-11-01,9.338378,9.481312,8.957219,9.147799,1.981168,24190000
1992-12-01,9.100154,9.767180,8.814285,9.576602,2.136823,26028600
1993-01-01,9.767180,10.481853,9.338378,10.434208,2.328180,27737000
1993-02-01,10.291273,10.910656,10.005404,10.720077,2.391967,29961700
1993-03-01,10.720077,11.291814,10.386563,10.720077,2.457925,31714200
1993-04-01,10.767721,12.054131,10.624787,11.101234,2.545317,29629900
1993-05-01,11.053590,11.863551,10.815366,11.768262,2.698254,29893900
1993-06-01,11.720617,12.292355,10.672432,10.672432,2.510317,29176700
1993-07-01,10.767721,11.815907,10.720077,11.720617,2.756866,32683300
1993-08-01,11.672973,12.721158,11.148880,12.482934,2.936176,26163900
1993-09-01,12.482934,12.959381,11.720617,12.864092,3.099883,36126100
1993-10-01,12.864092,14.245790,11.815907,12.292355,2.962111,51372300
1993-11-01,12.101775,12.578223,10.577143,10.863011,2.617678,35640800
1993-12-01,10.863011,11.244169,10.243629,11.053590,2.725689,43508300
1994-01-01,11.053590,11.863551,10.624787,11.244169,2.772683,38997800
1994-02-01,11.196525,11.863551,10.338919,10.338919,2.616013,25463600
1994-03-01,10.386563,11.196525,9.719536,10.148339,2.567792,40913100
1994-04-01,10.053050,12.578223,9.910115,11.911196,3.013841,44866600
1994-05-01,11.768262,13.054671,11.720617,12.387644,3.134394,38507500
1994-06-01,12.387644,12.959381,11.720617,11.911196,3.086393,31619600
1994-07-01,12.006486,12.911736,11.672973,12.482934,3.234541,31173100
1994-08-01,12.292355,12.816447,11.530038,12.625868,3.271577,29755700
1994-09-01,12.625868,13.388185,12.435288,13.054671,3.460303,24682900
1994-10-01,13.007027,14.198146,12.578223,14.055211,3.725509,31174600
1994-11-01,13.721698,13.864633,12.197065,12.578223,3.402019,23621900
1994-12-01,12.530579,13.102316,12.006486,12.482934,3.376247,20236400
1995-01-01,12.482934,12.625868,11.387104,12.149420,3.286041,26623900
1995-02-01,12.101775,12.721158,11.815907,12.721158,3.520248,22176300
1995-03-01,12.721158,13.971814,12.673512,13.959922,3.863042,30549100
1995-04-01,13.959922,13.959922,13.030849,13.340540,3.691644,22621600
1995-05-01,13.388185,14.150501,13.292895,13.816988,3.823491,30433200
1995-06-01,13.769342,13.816988,12.292355,12.721158,3.602613,44163700
1995-07-01,12.768803,13.531119,12.625868,13.483474,3.818499,27662200
1995-08-01,13.483474,13.483474,12.149420,12.530579,3.548642,34988400
1995-09-01,12.578223,13.149961,12.244710,12.387644,3.590245,26457200
1995-10-01,12.387644,12.482934,11.625327,12.292355,3.562625,29433800
1995-11-01,12.339999,12.959381,11.863551,12.721158,3.686905,22218700
1995-12-01,12.625868,13.292895,12.197065,13.007027,3.865674,24493700
1996-01-01,13.007027,13.292895,11.863551,12.482934,3.709912,30518700
1996-02-01,12.530579,13.674053,12.339999,13.340540,4.064481,45101200
1996-03-01,13.483474,15.293976,13.245250,15.055752,4.587056,69244900
1996-04-01,14.960463,15.961003,14.484015,15.818069,4.819313,45172400
1996-05-01,15.675135,16.437450,14.388725,15.818069,4.819313,49158700
1996-06-01,15.722779,16.103937,15.008107,15.961003,4.958468,26171500
1996-07-01,15.961003,16.818609,14.960463,15.055752,4.677241,30711100
1996-08-01,15.055752,16.008648,14.817528,15.436911,4.899127,23283300
1996-09-01,15.579844,16.485096,15.246331,16.294516,5.171299,20886200
1996-10-01,16.294516,16.866253,15.484555,15.532200,4.929369,27753300
1996-11-01,15.722779,17.390347,14.960463,17.199768,5.570957,28488800
1996-12-01,17.247412,17.485636,15.579844,16.866253,5.462934,28068100
1997-01-01,16.913898,17.866795,16.294516,16.818609,5.447502,30546000
1997-02-01,16.818609,17.247412,15.627489,15.770424,5.206501,24766800
1997-03-01,15.770424,16.199226,15.293976,15.579844,5.143580,41065700
1997-04-01,15.579844,15.770424,14.245790,15.008107,4.954829,43507600
1997-05-01,15.008107,16.199226,14.817528,16.199226,5.472435,33203900
1997-06-01,16.389807,17.152122,16.151583,16.675674,5.633390,40901500
1997-07-01,16.675674,17.962084,16.365984,17.557104,5.931156,36400000
1997-08-01,17.557104,18.891157,17.318880,18.128841,6.244743,30664400
1997-09-01,18.128841,19.915520,18.128841,19.677296,6.778127,30980500
1997-10-01,19.653473,19.867876,17.104477,18.438532,6.351419,41055600
1997-11-01,18.629110,19.439072,18.438532,18.462355,6.480529,25432200
1997-12-01,18.367065,19.343782,17.676216,18.533821,6.505617,26930600
1998-01-01,18.486177,18.557644,16.294516,16.770964,5.886831,44419100
1998-02-01,16.770964,18.700579,16.723320,18.676756,6.689888,33814200
1998-03-01,18.629110,20.296679,18.033550,19.034092,6.817883,34632900
1998-04-01,19.105558,19.677296,17.962084,18.891157,6.766687,25276200
1998-05-01,18.938803,19.820230,18.224131,19.010269,6.938804,36348500
1998-06-01,18.938803,19.724941,18.081196,18.367065,6.704033,32053900
1998-07-01,18.438532,18.867334,16.747143,16.866253,6.156234,26047100
1998-08-01,16.818609,18.271774,15.317799,15.556023,5.791221,41129400
1998-09-01,15.651312,18.700579,15.603667,17.199768,6.403157,37226500
1998-10-01,17.199768,18.414709,15.865713,16.485096,6.137094,36833000
1998-11-01,16.818609,17.580925,15.913358,16.008648,6.088849,31534400
1998-12-01,16.294516,16.485096,15.484555,16.246872,6.179457,51362700
1999-01-01,16.151583,16.842432,14.364902,14.722239,5.599566,50162700
1999-02-01,14.865173,15.484555,14.436370,14.746061,5.608628,42865900
1999-03-01,14.746061,18.462355,14.507837,18.009729,7.008480,44268900
1999-04-01,17.962084,20.153744,17.700037,19.296139,7.509080,44015200
1999-05-01,19.248493,20.201389,18.795868,19.986988,7.920844,32241200
1999-06-01,19.939342,20.844593,18.009729,19.177027,7.599857,30431500
1999-07-01,19.057915,20.534903,18.867334,19.558184,7.750908,31568000
1999-08-01,19.605829,20.391968,19.081736,19.439072,7.839999,24748200
1999-09-01,19.534361,21.821312,17.461813,18.581467,7.494114,38708500
1999-10-01,18.486177,18.867334,16.985365,17.723860,7.148232,29124600
1999-11-01,17.819149,19.772585,17.033010,18.224131,7.491617,26414100
1999-12-01,18.200308,19.034092,17.104477,17.914438,7.364306,33478600
2000-01-01,17.723860,17.771505,14.960463,15.579844,6.404597,38405700
2000-02-01,15.579844,15.770424,13.697876,14.531659,5.973707,43119900
2000-03-01,14.579304,17.962084,14.102857,17.628571,7.419826,53642800
2000-04-01,17.580925,19.010269,17.342701,18.081196,7.610339,37489100
2000-05-01,18.200308,21.940424,18.176485,21.821312,9.353095,67539000
2000-06-01,21.702200,21.988068,19.200848,19.319960,8.280955,48879000
2000-07-01,19.391428,20.296679,17.842972,19.361620,8.298814,43109900
2000-08-01,19.439072,23.822392,19.081736,23.578184,10.298514,65324800
2000-09-01,23.584169,26.681080,22.464516,23.917683,10.446801,65480600
2000-10-01,24.012972,26.014053,22.845675,23.536524,10.280320,49759700
2000-11-01,23.631813,24.108261,21.297218,21.535442,9.542062,46107100
2000-12-01,21.821312,22.655096,19.629652,21.678377,9.605395,67715000
2001-01-01,21.773666,22.488338,20.201389,22.347309,9.901787,55531900
2001-02-01,22.297760,22.377802,19.705883,20.319548,9.003314,172419700
2001-03-01,20.205200,22.164354,19.877405,20.982763,9.447392,115935600
2001-04-01,21.005632,23.041018,20.117535,22.717033,10.228242,128542300
2001-05-01,22.720844,25.918762,21.116169,24.676188,11.278437,133859900
2001-06-01,24.622826,24.962055,21.062807,21.726023,9.930040,97333300
2001-07-01,21.794630,22.164354,20.048925,21.760326,9.945720,97282800
2001-08-01,22.050007,22.770395,21.344864,21.916601,10.190219,89999400
2001-09-01,22.107180,22.816135,19.057915,20.559677,9.559312,78659300
2001-10-01,20.559677,22.202469,19.915520,20.738821,9.642607,95850500
2001-11-01,20.792185,21.726023,19.309479,21.203835,10.022274,101128900
2001-12-01,21.203835,23.231598,20.917967,22.968597,10.856416,77129800
2002-01-01,22.930483,23.136307,21.844181,22.286325,10.533929,94936200
2002-02-01,22.202469,22.793264,21.078053,22.530266,10.649233,65690900
2002-03-01,22.697975,24.317898,22.259644,23.936741,11.500823,87060600
2002-04-01,23.990103,24.432245,22.069065,22.797077,10.953244,83192100
2002-05-01,22.720844,23.380249,21.634544,21.935659,10.706038,70088900
2002-06-01,21.939470,22.625555,20.784561,22.442600,10.953454,80012900
2002-07-01,22.431164,22.568382,17.056833,19.724941,9.627057,128173900
2002-08-01,19.477188,20.250938,17.723860,20.041302,9.781464,86304200
2002-09-01,20.041302,20.277620,17.483730,17.624760,8.772915,138677900
2002-10-01,17.533281,19.054102,16.782398,18.486177,9.201695,139945100
2002-11-01,18.486177,19.046478,17.586643,18.223177,9.268600,108876600
2002-12-01,18.676756,19.343782,18.028786,18.444248,9.381037,122583600
2003-01-01,18.600525,19.248493,17.205484,18.368017,9.342271,131094700
2003-02-01,18.368017,19.549608,18.047844,19.324724,9.828869,108706600
2003-03-01,19.477188,20.525373,18.772045,20.430084,10.619820,140063700
2003-04-01,20.506315,20.677837,18.932131,19.172262,9.965985,118318100
2003-05-01,19.263739,20.811241,19.008364,20.571112,10.920473,116553900
2003-06-01,20.670214,21.325806,20.464388,20.887474,11.088415,119521700
2003-07-01,20.868416,21.039936,19.724941,19.949823,10.590652,110295000
2003-08-01,19.949823,21.341051,19.549608,21.283878,11.527315,85526400
2003-09-01,21.333429,21.928036,20.430084,20.868416,11.302303,111952300
2003-10-01,20.906532,22.282513,20.693083,21.783195,11.797747,112169600
2003-11-01,21.783195,22.183413,21.356298,21.626921,11.947937,92501400
2003-12-01,21.821312,25.171692,21.748892,24.992548,13.807294,128873500
2004-01-01,24.954433,25.979748,24.508478,25.110708,13.872577,117219100
2004-02-01,25.114519,26.490499,24.630447,26.250370,14.502185,85545600
2004-03-01,26.505747,27.249006,25.034475,26.608660,14.943141,140867700
2004-04-01,26.681080,28.350554,26.139835,27.176586,15.262083,141773900
2004-05-01,27.203266,28.800320,26.578167,27.950336,15.696613,151340600
2004-06-01,27.996075,30.107693,27.954147,29.078566,16.586191,146938900
2004-07-01,29.177666,30.435488,28.846058,30.023838,17.125362,116104200
2004-08-01,30.023838,30.465981,27.168962,28.369610,16.422733,151332900
2004-09-01,28.369610,32.150700,28.270510,31.578964,18.280579,162536800
2004-10-01,31.578964,34.208954,31.060589,32.135456,18.602726,189431900
2004-11-01,32.303165,34.719707,31.719992,34.681591,20.386047,165831500
2004-12-01,34.681591,34.769257,31.746674,33.095974,19.454008,150532500
2005-01-01,33.054047,35.592560,31.559906,35.367676,20.789335,157717400
2005-02-01,35.600182,43.440609,35.584938,42.266640,24.844580,194356800
2005-03-01,42.266640,43.036583,38.958187,41.104107,24.484138,262721400
2005-04-01,41.336617,43.067074,37.357323,39.964447,23.805277,233239100
2005-05-01,39.964447,41.351860,36.248154,41.104107,24.484138,203493200
2005-06-01,41.393787,46.775745,41.241325,43.825581,26.512129,170988700
2005-07-01,44.443054,48.666290,44.252476,47.713394,28.864042,151962100
2005-08-01,47.949711,51.258167,45.921951,50.267155,30.610580,169009500
2005-09-01,51.479237,54.490387,50.061329,53.293552,32.453537,188316400
2005-10-01,53.438389,53.865288,43.619755,49.840256,30.350634,246786400
2005-11-01,49.680172,52.447380,45.883835,46.127773,28.272955,213659700
2005-12-01,46.920586,49.542953,43.490158,44.351578,27.184280,342448000
2006-01-01,44.854706,50.503471,44.816589,49.321880,30.230703,312340500
2006-02-01,49.321880,50.251907,44.221985,46.470818,28.483217,297503900
2006-03-01,46.806236,49.969849,44.595520,48.140289,29.745913,257836000
2006-04-01,48.750145,55.267952,48.582436,50.998978,31.512306,261653200
2006-05-01,51.403004,52.904770,46.135399,48.247013,29.811848,291381500
2006-06-01,47.721016,50.762661,43.955173,49.954605,31.098227,302943700
2006-07-01,50.526340,53.308796,48.368984,52.325409,32.574100,230832200
2006-08-01,52.188190,53.933895,47.682899,48.353741,30.310287,211976300
2006-09-01,48.788261,49.199909,43.109001,45.380703,28.446659,318929300
2006-10-01,45.525543,48.247013,41.851177,45.921951,28.785929,334792700
2006-11-01,45.967690,51.578339,44.999546,51.303905,32.405624,282934200
2006-12-01,50.998978,57.089886,50.351009,54.848675,34.644642,292801300
2007-01-01,54.353172,54.505634,46.951077,50.625443,31.977076,443722100
2007-02-01,50.846516,52.172947,48.795883,49.794518,31.452213,243547700
2007-03-01,49.481968,53.735695,48.658665,52.104336,33.175709,354749300
2007-04-01,52.226307,54.627605,50.495850,52.866653,33.661091,268731500
2007-05-01,52.836159,59.407330,52.371147,59.026173,37.582962,359604500
2007-06-01,59.392082,62.052567,56.823074,59.841850,38.389671,297151900
2007-07-01,60.139153,69.248833,60.131531,61.625671,39.534031,403387900
2007-08-01,61.092049,63.127434,56.220844,62.426102,40.312538,387342000
2007-09-01,62.288887,68.410286,61.694279,66.908524,43.207119,237360200
2007-10-01,66.146210,67.708954,61.366482,64.766418,41.823841,326008000
2007-11-01,63.729664,65.170441,56.548641,61.015816,39.653297,357618700
2007-12-01,60.230633,68.524635,60.017181,67.312553,43.745453,236769300
2008-01-01,67.655594,68.387421,51.723179,61.069180,39.687977,446329600
2008-02-01,61.366482,65.254295,55.633862,63.051201,40.976074,313412200
2008-03-01,62.853001,64.255661,54.566620,58.096146,38.043285,352605500
2008-04-01,57.714985,66.077599,57.570145,65.673569,43.005234,280571200
2008-05-01,64.979866,72.473434,64.202301,70.971672,46.474609,404846400
2008-06-01,70.361816,73.151894,67.754692,71.955063,47.433613,378780400
2008-07-01,72.016045,72.153259,60.451702,62.220276,41.016327,426673800
2008-08-01,61.869614,65.117081,58.477303,62.898739,41.776726,310935600
2008-09-01,61.282627,61.427467,51.311527,55.839687,37.088181,449754100
2008-10-01,55.046879,55.077370,34.304245,39.648083,26.333866,630296200
2008-11-01,39.091595,42.979408,31.460804,40.036865,26.923018,404514900
2008-12-01,38.634205,42.072250,33.275116,39.487999,26.553925,373552400
2009-01-01,39.625214,43.787464,34.654911,36.232906,24.365025,372400100
2009-02-01,35.638298,37.483105,28.167597,28.472523,19.146515,381367400
2009-03-01,27.984640,31.125385,26.010241,29.852316,20.371498,546233900
2009-04-01,29.311071,32.421322,28.602118,31.254978,21.328684,385907100
2009-05-01,31.369326,36.072819,31.270226,34.944592,23.846508,335131700
2009-06-01,35.851749,37.132439,30.820459,32.063034,22.176115,473907400
2009-07-01,32.627148,34.868359,29.440666,33.320858,23.046078,398505300
2009-08-01,33.801117,35.150417,32.055412,34.327114,24.072594,292004000
2009-09-01,34.288998,36.057571,33.480942,34.426216,24.142092,304998100
2009-10-01,34.304245,41.248947,34.212769,38.253044,26.825733,491848800
2009-11-01,38.253044,41.264194,37.452614,39.465130,28.033459,258755800
2009-12-01,40.334167,40.334167,37.658440,38.931507,27.654409,222167000
2010-01-01,39.465130,41.012630,36.415863,36.591194,25.992002,244768700
2010-02-01,36.934238,38.504608,35.546822,36.591194,25.992002,259017100
2010-03-01,36.873253,40.539993,36.797020,39.007740,28.082178,319565300
2010-04-01,39.335533,45.853340,39.259304,45.121517,32.483555,335691600
2010-05-01,45.373081,46.143021,36.979977,39.533737,28.460844,388152400
2010-06-01,39.465130,43.413929,37.330643,37.422119,27.306103,365355100
2010-07-01,37.536469,42.514393,36.636932,42.095119,30.715897,263167700
2010-08-01,42.689728,44.237228,39.640461,39.968258,29.555666,259812500
2010-09-01,41.050747,44.206738,40.623848,43.779839,32.374241,200042300
2010-10-01,44.191490,47.743885,43.299580,45.273979,33.479134,300577000
2010-11-01,45.708500,48.231770,44.496418,45.868587,34.322330,229140400
2010-12-01,46.806236,52.279671,46.653774,51.913757,38.845779,201735700
2011-01-01,52.424511,54.688591,50.694050,54.475140,40.762398,235466000
2011-02-01,54.597111,60.680397,53.171581,59.361591,44.418816,238980700
2011-03-01,59.689388,62.357494,54.223576,60.878601,46.086330,288823200
2011-04-01,61.351238,62.319378,58.210491,60.139153,45.526554,197769200
2011-05-01,60.123905,60.207760,53.827171,55.816818,42.254444,259767100
2011-06-01,55.786327,57.379566,53.423145,57.318581,43.913494,239690900
2011-07-01,57.379566,61.084427,54.467518,54.879169,42.044579,349056900
2011-08-01,55.999775,55.999775,46.043919,51.890888,40.218769,377503700
2011-09-01,52.340656,52.500740,47.103539,48.269886,37.412270,286148400
2011-10-01,47.804871,56.182732,44.709866,53.095348,41.152302,268316400
2011-11-01,51.768917,55.626240,50.411995,54.368416,42.683670,223397900
2011-12-01,54.246445,56.335194,51.570717,55.550007,43.611305,210506300
2012-01-01,56.350441,57.044147,51.837524,51.997612,40.822388,241007500
2012-02-01,52.523609,59.247242,52.249176,58.355331,45.813713,315512200
2012-03-01,58.782230,59.681763,56.746845,57.943680,46.033154,230327500
2012-04-01,57.928436,58.934692,53.766186,54.604736,43.380527,204546300
2012-05-01,55.919998,56.740002,50.660000,52.160000,41.438324,298939800
2012-06-01,51.400002,56.000000,50.619999,55.880001,44.960831,216931000
2012-07-01,55.970001,56.889999,52.840000,54.439999,43.802216,194667300
2012-08-01,54.639999,57.770000,54.189999,56.790001,46.230484,136937000
2012-09-01,56.959999,58.900002,54.830002,57.180000,46.547970,129639400
2012-10-01,57.480000,58.520000,55.700001,57.849998,47.093384,118295700
2012-11-01,58.000000,58.799999,53.950001,56.939999,46.893288,128885700
2012-12-01,57.330002,59.650002,56.570000,57.990002,47.758022,122055100
2013-01-01,59.150002,62.049999,57.810001,58.000000,47.766262,125010900
2013-02-01,58.470001,58.840000,56.779999,57.950001,47.725082,175968600
2013-03-01,57.930000,61.189999,57.250000,60.099998,50.059441,120907400
2013-04-01,60.200001,60.700001,56.380001,60.450001,50.350975,136901900
2013-05-01,60.150002,64.769997,59.900002,61.340000,51.092281,161555800
2013-06-01,61.580002,62.570000,58.709999,60.500000,50.915154,110963000
2013-07-01,60.730000,66.250000,60.730000,64.860001,54.584404,142572400
2013-08-01,65.720001,67.910004,65.290001,66.300003,56.389748,115999500
2013-09-01,66.959999,71.089996,66.510002,69.510002,59.119949,98423100
2013-10-01,69.459999,74.589996,69.320000,73.330002,62.368942,108097900
2013-11-01,73.559998,74.070000,71.760002,72.800003,62.536644,86692500
2013-12-01,73.389999,73.489998,68.230003,70.650002,60.689735,101693500
2014-01-01,70.269997,70.919998,64.349998,64.949997,55.793312,108416500
2014-02-01,65.099998,66.879997,62.740002,66.500000,57.124805,114784800
2014-03-01,66.360001,70.989998,65.980003,70.349998,61.078205,107774500
2014-04-01,70.470001,75.339996,69.330002,74.309998,64.516312,128417700
2014-05-01,75.010002,80.540001,74.050003,79.940002,69.404289,114117400
2014-06-01,80.209999,86.430000,79.050003,85.730003,75.090912,105624700
2014-07-01,86.250000,87.089996,82.370003,82.500000,72.261734,107113800
2014-08-01,81.910004,82.160004,78.910004,81.220001,71.744736,97952100
2014-09-01,81.059998,81.370003,75.919998,76.519997,67.593040,115394300
2014-10-01,76.269997,76.519997,63.560001,72.150002,63.732857,205821400
2014-11-01,72.260002,74.680000,65.650002,66.070000,58.939465,140926800
2014-12-01,65.930000,71.370003,60.840000,69.059998,61.606758,219562500
2015-01-01,68.500000,69.480003,60.639999,62.980000,56.182945,186275000
2015-02-01,64.470001,70.110001,63.410000,65.199997,58.163349,161813900
2015-03-01,65.199997,65.360001,60.570000,62.259998,56.144447,156053600
2015-04-01,62.709999,69.720001,62.570000,67.919998,61.248482,149064900
2015-05-01,67.739998,68.360001,63.110001,63.680000,57.424965,119137900
2015-06-01,64.459999,64.470001,60.860001,61.410000,56.005760,119621500
2015-07-01,61.509998,61.509998,50.250000,50.340000,45.909950,187225800
2015-08-01,49.799999,51.880001,41.099998,45.869999,42.395248,300628900
2015-09-01,48.169998,50.910000,45.720001,47.959999,44.326927,216546700
2015-10-01,48.689999,56.689999,47.540001,53.349998,49.308628,194613000
2015-11-01,53.000000,57.240002,51.029999,54.049999,50.631176,133295600
2015-12-01,54.459999,54.750000,44.560001,46.689999,43.736717,222580600
2016-01-01,46.410000,47.770000,32.709999,39.080002,36.608067,333621300
2016-02-01,38.240002,39.000000,31.049999,33.830002,31.690155,365167200
2016-03-01,34.070000,44.400002,33.340000,40.270000,38.016678,272728500
2016-04-01,39.389999,49.349998,38.189999,47.790001,45.115894,199365600
2016-05-01,47.560001,47.689999,41.119999,43.790001,41.339725,164055800
2016-06-01,43.369999,48.450001,40.520000,43.599998,41.396744,187400700
2016-07-01,43.849998,44.419998,39.669998,40.820000,38.757221,163165000
2016-08-01,40.410000,43.689999,38.799999,41.049999,39.208820,163346200
2016-09-01,40.900002,44.160000,39.000000,43.470001,41.520279,184702400
2016-10-01,43.680000,45.840000,40.369999,43.450001,41.501175,174662100
2016-11-01,43.970001,49.320000,42.349998,48.520000,46.611843,181008300
2016-12-01,50.139999,53.169998,47.730000,50.139999,48.168133,136226600
2017-01-01,50.820000,51.680000,47.189999,48.759998,46.842407,117630700
2017-02-01,49.000000,50.980000,46.709999,47.570000,45.699200,148894700
2017-03-01,48.000000,50.410000,43.259998,49.869999,48.164993,207331800
2017-04-01,49.900002,50.619999,46.860001,47.910000,46.272011,127488900
2017-05-01,47.900002,48.330002,44.090000,44.689999,43.162098,176506900
2017-06-01,44.799999,46.720001,43.020000,43.959999,42.694695,197533200
2017-07-01,44.209999,45.939999,42.500000,45.369999,44.064110,148564100
2017-08-01,45.330002,46.110001,42.270000,43.660000,42.662273,147080400
2017-09-01,43.759998,50.830002,43.480000,50.049999,48.906242,122661700
2017-10-01,49.549999,52.230000,48.700001,51.150002,49.981110,122609400
2017-11-01,51.810001,54.220001,48.970001,50.880001,49.983200,137073300
2017-12-01,51.509998,56.369999,50.080002,54.889999,53.922520,109758300
2018-01-01,55.090000,61.320000,54.820000,58.810001,57.773430,110902700
2018-02-01,59.000000,59.970001,50.180000,54.310001,53.352745,132775800
2018-03-01,54.500000,59.820000,52.779999,59.290001,58.558441,147689000
2018-04-01,59.270000,67.300003,56.570000,65.500000,64.691818,185823500
2018-05-01,65.050003,71.709999,64.320000,67.389999,66.558495,155365600
2018-06-01,67.760002,70.989998,64.790001,69.620003,69.044762,149301500
2018-07-01,68.910004,72.940002,68.199997,72.169998,71.573685,119577000
2018-08-01,71.519997,74.430000,67.709999,73.430000,73.122314,114600100
2018-09-01,73.930000,78.680000,69.419998,77.400002,77.075684,108011700
