2753.20    
2590.540039
2627.250000
2707.20996
2656.76001
2876.65991
2880.68994
2905.19995
2614.36010
2452.47998
2442.33007
2559.64990
2633.65991
2736.38989
2882.17993
2913.86010
2887.87011
3027.50000
2906.75000
3024.82006
3043.60009
3016.77002
3069.10009
2894.67993
3168.83007
3223.39990
3267.69995
3235.50000
3359.10009
3396.89990
3318.50000
3393.80004
3257.39990
3271.69995
3226.30004
3305.19995
3301.11010
3310.00000
3370.81005
3435.11010
3427.55004
3527.42993
3516.08007
3539.46997
3651.25000
3555.12011
3680.59008
3683.94995
3754.09008
3978.36010
3832.02002
3635.95996
3681.68994
3758.37011
3624.95996
3764.50000
3913.41992
3843.18994
3908.12011
3739.22998
3834.43994
3843.86010
4011.05004
4157.68994
4321.27002
4465.14013
4556.10009
4708.47021
4610.56005
4789.08007
4755.47998
5074.49023
5117.12011
5395.29980
5485.62011
5587.14013
5569.08007
5643.18017
5654.62988
5528.91015
5616.20996
5882.16992
6029.37988
6521.70019
6448.27002
6813.089844
6877.74023
6583.47998
7009.000000
7331.000000
7672.799805
8222.599609
7622.399902
7945.299805
7442.100098
7823.100098
7908.299805
7906.500000
8545.719727
8799.809570
9063.370117
8899.950195
8952.019531
8883.290039
7539.069824
7842.620117
8592.099609
9116.549805
9181.429688
9358.830078
9306.580078
9786.160156
10789.040039
10559.740234
10970.799805
10655.150391
10829.280273
10336.950195
10729.860352
10877.809570
11497.120117
10940.530273
10128.309570
10921.919922
10733.910156
10522.330078
10447.889648
10521.980469
11215.099609
10650.919922
10971.139648
10414.490234
10787.990234
10887.360352
10495.280273
9878.780273
10734.969727
10911.940430
10502.400391
10522.809570
9949.750000
8847.559570
9075.139648
9851.559570
10021.570313
9920.000000
10106.129883
10403.940430
9946.219727
9925.250000
9243.259766
8736.589844
8663.500000
7591.930176
8397.030273
8896.089844
8341.629883
8053.810059
7891.080078
7992.129883
8480.089844
8850.259766
8985.440430
9233.799805
9415.820313
9275.059570
9801.120117
9782.459961
10453.919922
10488.070313
10583.919922
10357.700195
10225.570313
10188.450195
10435.480469
10139.709961
10173.919922
10080.269531
10027.469727
10428.019531
10783.009766
10489.940430
10766.230469
10503.759766
10192.509766
10467.480469
10274.969727
10640.910156
10481.599609
10568.700195
10440.070313
10805.870117
10717.500000
10864.860352
10993.410156
11109.320313
11367.139648
11168.309570
11150.219727
11185.679688
11381.150391
11679.070313
12080.730469
12221.929688
12463.150391
12621.690430
12268.629883
12354.349609
13062.910156
13627.639648
13408.620117
13211.990234
13357.740234
13895.629883
13930.009766
13371.719727
13264.820313
12650.360352
12266.389648
12262.889648
12820.129883
12638.320313
11350.009766
11378.019531
11543.959961
10850.660156
9325.009766
8829.040039
8776.389648
8000.859863
7062.930176
7608.919922
8168.120117
8500.330078
8447.000000
9171.610352
9496.280273
9712.280273
9712.730469
10344.839844
10428.049805
10067.330078
10325.259766
10856.629883
11008.610352
10136.629883
9774.019531
10465.940430
10014.719727
10788.049805
11118.490234
11006.019531
11577.509766
11891.929688
12226.339844
12319.730469
12810.540039
12569.790039
12414.339844
12143.240234
11613.530273
10913.379883
11955.009766
12045.679688
12217.559570
12632.910156
12952.070313
13212.040039
13213.629883
12393.450195
12880.089844
13008.679688
13090.839844
13437.129883
13096.459961
13025.580078
13104.139648
13860.580078
14054.490234
14578.540039
14839.799805
15115.570313
14909.599609
15499.540039
14810.309570
15129.669922
15545.750000
16086.410156
16576.660156
15698.849609
16321.709961
16457.660156
16580.839844
16717.169922
16826.599609
16563.300781
17098.449219
17042.900391
17390.519531
17828.240234
17823.070313
17164.949219
18132.699219
17776.119141
17840.519531
18010.679688
17619.509766
17689.859375
16528.029297
16284.700195
17663.539063
17719.919922
17425.029297
16466.300781
16516.500000
17685.089844
17773.640625
17787.199219
17929.990234
18432.240234
18400.880859
18308.150391
18142.419922
19123.580078
19762.599609
19864.089844
20812.240234
20663.220703
20940.509766
21008.650391
21349.630859
21891.119141
21948.099609
22405.089844
23377.240234
24272.349609
24719.220703
26149.390625
25029.199219
24103.109375
24163.150391
24415.839844
24271.410156
25415.189453
25964.820313
26458.310547
