7.027073999999999820e+00 7.182323499999999861e+00 7.029677999999999649e+00 8.743200000000000000e+06 1.000000000000000000e+00
7.157812999999999981e+00 7.092443499999999901e+00 7.174153333333332938e+00 1.227940000000000000e+07 1.000000000000000000e+00
7.435801999999999801e+00 7.296807499999999891e+00 7.206896333333332905e+00 4.466100000000000000e+06 0.000000000000000000e+00
7.148509999999999920e+00 7.292156000000000304e+00 7.247375000000000789e+00 4.645600000000000000e+06 1.000000000000000000e+00
7.452702000000000382e+00 7.300606000000000151e+00 7.345671333333332775e+00 1.208210000000000000e+07 1.000000000000000000e+00
7.802921999999999692e+00 7.627812000000000481e+00 7.468044666666666664e+00 6.759900000000000000e+06 1.000000000000000000e+00
8.099674999999999514e+00 7.951298500000000047e+00 7.785099666666667417e+00 4.647300000000000000e+06 0.000000000000000000e+00
7.750547000000000075e+00 7.925110999999999351e+00 7.884381333333333686e+00 1.336080000000000000e+07 1.000000000000000000e+00
8.025574000000000652e+00 7.888060499999999919e+00 7.958598666666667043e+00 5.820900000000000000e+06 1.000000000000000000e+00
9.197848999999999720e+00 8.611711500000000186e+00 8.324656666666667704e+00 6.818400000000000000e+06 0.000000000000000000e+00
8.909293999999999158e+00 9.053571500000000327e+00 8.710905666666667102e+00 1.360650000000000000e+07 1.000000000000000000e+00
8.974997999999999365e+00 8.942145999999999262e+00 9.027380333333333340e+00 7.196600000000000000e+06 0.000000000000000000e+00
8.095817999999999515e+00 8.535408000000000328e+00 8.660036666666664829e+00 7.599000000000000000e+06 1.000000000000000000e+00
8.315618000000000620e+00 8.205718000000000956e+00 8.462144666666667092e+00 8.285600000000000000e+06 1.000000000000000000e+00
8.565034999999999954e+00 8.440326500000001175e+00 8.325490333333334547e+00 7.718000000000000000e+06 0.000000000000000000e+00
8.267120000000000246e+00 8.416077500000000100e+00 8.382590999999999681e+00 6.229700000000000000e+06 0.000000000000000000e+00
8.267120000000000246e+00 8.267120000000000246e+00 8.366424999999999557e+00 6.739500000000000000e+06 1.000000000000000000e+00
8.369230999999999199e+00 8.318175499999998834e+00 8.301156999999999897e+00 3.900700000000000000e+06 1.000000000000000000e+00
8.861539000000000499e+00 8.615384999999999849e+00 8.499296666666666056e+00 5.645800000000000000e+06 1.000000000000000000e+00
9.088758000000000337e+00 8.975148499999999530e+00 8.773175999999999419e+00 6.964200000000000000e+06 1.000000000000000000e+00
9.973668999999999230e+00 9.531213499999999783e+00 9.307988666666666688e+00 4.530400000000000000e+06 0.000000000000000000e+00
9.665601000000000553e+00 9.819634999999999891e+00 9.576009333333333373e+00 5.770400000000000000e+06 0.000000000000000000e+00
9.588582000000000605e+00 9.627091500000000579e+00 9.742617333333333463e+00 6.131700000000000000e+06 1.000000000000000000e+00
1.095251599999999925e+01 1.027054899999999904e+01 1.006889966666666680e+01 6.068200000000000000e+06 0.000000000000000000e+00
1.024842800000000054e+01 1.060047199999999989e+01 1.026317533333333287e+01 5.912800000000000000e+06 0.000000000000000000e+00
9.974615000000000009e+00 1.011152150000000027e+01 1.039185299999999934e+01 6.882900000000000000e+06 1.000000000000000000e+00
1.016989899999999913e+01 1.007225700000000046e+01 1.013098066666666597e+01 6.279300000000000000e+06 1.000000000000000000e+00
1.076579699999999917e+01 1.046784800000000004e+01 1.030343700000000062e+01 4.758100000000000000e+06 0.000000000000000000e+00
1.072606799999999971e+01 1.074593249999999856e+01 1.055392133333333327e+01 7.428400000000000000e+06 1.000000000000000000e+00
1.104287599999999969e+01 1.088447199999999881e+01 1.084491366666666501e+01 5.246500000000000000e+06 1.000000000000000000e+00
1.164741300000000024e+01 1.134514449999999997e+01 1.113878566666666536e+01 4.777900000000000000e+06 1.000000000000000000e+00
1.168771699999999925e+01 1.166756499999999974e+01 1.145933533333333365e+01 4.356600000000000000e+06 1.000000000000000000e+00
1.177539699999999989e+01 1.173155699999999868e+01 1.170350899999999861e+01 4.025200000000000000e+06 0.000000000000000000e+00
1.169361999999999924e+01 1.173450850000000045e+01 1.171891133333333279e+01 3.403100000000000000e+06 0.000000000000000000e+00
1.165273400000000059e+01 1.167317699999999903e+01 1.170725033333333442e+01 8.236500000000000000e+06 1.000000000000000000e+00
1.198941800000000057e+01 1.182107600000000147e+01 1.177859066666666621e+01 4.467700000000000000e+06 1.000000000000000000e+00
1.219685100000000055e+01 1.209313450000000145e+01 1.194633433333333450e+01 6.499100000000000000e+06 1.000000000000000000e+00
1.273616600000000076e+01 1.246650849999999977e+01 1.230747833333333574e+01 5.036500000000000000e+06 1.000000000000000000e+00
1.320778999999999925e+01 1.297197800000000001e+01 1.271360233333333234e+01 4.723300000000000000e+06 0.000000000000000000e+00
1.320778999999999925e+01 1.320778999999999925e+01 1.305058200000000035e+01 3.577300000000000000e+06 0.000000000000000000e+00
1.312367700000000070e+01 1.316573349999999998e+01 1.317975233333333307e+01 5.244800000000000000e+06 1.000000000000000000e+00
1.359523699999999913e+01 1.335945699999999903e+01 1.330890133333333303e+01 3.981300000000000000e+06 1.000000000000000000e+00
1.449021300000000068e+01 1.404272500000000079e+01 1.373637566666666565e+01 3.745600000000000000e+06 0.000000000000000000e+00
1.444760100000000058e+01 1.446890700000000152e+01 1.417768366666666680e+01 6.401300000000000000e+06 1.000000000000000000e+00
1.497802399999999956e+01 1.471281250000000007e+01 1.463861266666666694e+01 3.959300000000000000e+06 1.000000000000000000e+00
1.510751100000000058e+01 1.504276750000000007e+01 1.484437866666666572e+01 3.756800000000000000e+06 0.000000000000000000e+00
1.450321699999999936e+01 1.480536400000000086e+01 1.486291733333333376e+01 5.739900000000000000e+06 1.000000000000000000e+00
1.483201200000000064e+01 1.466761449999999911e+01 1.481424666666666745e+01 5.233800000000000000e+06 0.000000000000000000e+00
1.470076199999999922e+01 1.476638699999999993e+01 1.467866366666666522e+01 3.963000000000000000e+06 0.000000000000000000e+00
1.351944899999999983e+01 1.411010549999999952e+01 1.435074099999999930e+01 5.753800000000000000e+06 0.000000000000000000e+00
1.281556100000000065e+01 1.316750500000000024e+01 1.367859066666666656e+01 9.511100000000000000e+06 1.000000000000000000e+00
1.299293300000000073e+01 1.290424700000000158e+01 1.310931433333333551e+01 5.472800000000000000e+06 0.000000000000000000e+00
1.285989999999999966e+01 1.292641650000000020e+01 1.288946466666666879e+01 1.356160000000000000e+07 1.000000000000000000e+00
1.287743299999999991e+01 1.286866649999999979e+01 1.291008866666666677e+01 6.305000000000000000e+06 1.000000000000000000e+00
1.377795500000000040e+01 1.332769400000000104e+01 1.317176266666666606e+01 4.790900000000000000e+06 1.000000000000000000e+00
1.395805599999999913e+01 1.386800549999999888e+01 1.353781466666666766e+01 7.002400000000000000e+06 1.000000000000000000e+00
1.425224000000000046e+01 1.410514799999999980e+01 1.399608366666666548e+01 6.545700000000000000e+06 1.000000000000000000e+00
1.448063900000000004e+01 1.436643950000000025e+01 1.423031166666666536e+01 5.605800000000000000e+06 1.000000000000000000e+00
1.489175799999999938e+01 1.468619849999999971e+01 1.454154566666666604e+01 8.235900000000000000e+06 0.000000000000000000e+00
1.413361199999999940e+01 1.451268499999999939e+01 1.450200300000000020e+01 9.361700000000000000e+06 1.000000000000000000e+00
1.496773600000000037e+01 1.455067400000000077e+01 1.466436866666666639e+01 4.965400000000000000e+06 0.000000000000000000e+00
1.455067999999999984e+01 1.475920800000000099e+01 1.455067600000000105e+01 6.369300000000000000e+06 0.000000000000000000e+00
1.438599999999999923e+01 1.446833999999999953e+01 1.463480533333333256e+01 6.257700000000000000e+06 1.000000000000000000e+00
1.485613099999999953e+01 1.462106550000000027e+01 1.459760366666666620e+01 4.340500000000000000e+06 1.000000000000000000e+00
1.570237000000000016e+01 1.527925049999999985e+01 1.498150033333333475e+01 6.458100000000000000e+06 1.000000000000000000e+00
1.605505399999999838e+01 1.587871200000000016e+01 1.553785166666666662e+01 6.688900000000000000e+06 0.000000000000000000e+00
1.605505399999999838e+01 1.605505399999999838e+01 1.593749266666666564e+01 6.175900000000000000e+06 0.000000000000000000e+00
1.571654700000000027e+01 1.588580049999999844e+01 1.594221833333333116e+01 6.474400000000000000e+06 1.000000000000000000e+00
1.702488299999999910e+01 1.637071500000000057e+01 1.626549466666666532e+01 5.882600000000000000e+06 1.000000000000000000e+00
1.756457299999999933e+01 1.729472799999999921e+01 1.676866766666666919e+01 5.694300000000000000e+06 1.000000000000000000e+00
1.761364400000000074e+01 1.758910850000000181e+01 1.740103333333333424e+01 4.306900000000000000e+06 1.000000000000000000e+00
1.884477800000000158e+01 1.822921099999999939e+01 1.800766500000000292e+01 4.796800000000000000e+06 1.000000000000000000e+00
1.978950100000000134e+01 1.931713950000000324e+01 1.874930766666666671e+01 6.580700000000000000e+06 0.000000000000000000e+00
1.944145200000000173e+01 1.961547649999999976e+01 1.935857700000000037e+01 8.340800000000000000e+06 1.000000000000000000e+00
2.031370000000000076e+01 1.987757600000000124e+01 1.984821766666666676e+01 7.147900000000000000e+06 0.000000000000000000e+00
1.890580599999999833e+01 1.960975299999999777e+01 1.955365266666666813e+01 6.514800000000000000e+06 1.000000000000000000e+00
1.940862299999999863e+01 1.915721449999999848e+01 1.954270966666666354e+01 7.840400000000000000e+06 1.000000000000000000e+00
2.086133999999999844e+01 2.013498149999999853e+01 1.972525633333333062e+01 5.939700000000000000e+06 0.000000000000000000e+00
1.948755099999999985e+01 2.017444549999999737e+01 1.991917133333333467e+01 6.845900000000000000e+06 0.000000000000000000e+00
1.902961699999999823e+01 1.925858399999999904e+01 1.979283599999999765e+01 5.693900000000000000e+06 1.000000000000000000e+00
1.921970400000000012e+01 1.912466049999999740e+01 1.924562399999999940e+01 5.211500000000000000e+06 1.000000000000000000e+00
2.014718600000000137e+01 1.968344499999999897e+01 1.946550233333333324e+01 5.477600000000000000e+06 0.000000000000000000e+00
1.911662700000000115e+01 1.963190649999999948e+01 1.949450566666666518e+01 1.424800000000000000e+07 1.000000000000000000e+00
1.930465500000000034e+01 1.921064100000000252e+01 1.952282266666666644e+01 2.007430000000000000e+07 1.000000000000000000e+00
1.956553299999999851e+01 1.943509399999999943e+01 1.932893833333333689e+01 1.962570000000000000e+07 0.000000000000000000e+00
1.846986800000000173e+01 1.901770050000000012e+01 1.911335200000000256e+01 1.614820000000000000e+07 1.000000000000000000e+00
1.866576999999999842e+01 1.856781900000000007e+01 1.890039033333333407e+01 1.542170000000000000e+07 0.000000000000000000e+00
1.856000900000000087e+01 1.861288950000000142e+01 1.856521566666666700e+01 1.608940000000000000e+07 1.000000000000000000e+00
1.908878899999999845e+01 1.882439899999999966e+01 1.877152266666666591e+01 1.778880000000000000e+07 1.000000000000000000e+00
2.055319599999999980e+01 1.982099249999999913e+01 1.940066466666666756e+01 2.291680000000000000e+07 1.000000000000000000e+00
2.173225800000000163e+01 2.114272700000000071e+01 2.045808099999999996e+01 2.101530000000000000e+07 0.000000000000000000e+00
2.076757399999999976e+01 2.124991599999999892e+01 2.101767599999999803e+01 1.898520000000000000e+07 1.000000000000000000e+00
2.146757300000000157e+01 2.111757349999999889e+01 2.132246833333333313e+01 1.414500000000000000e+07 0.000000000000000000e+00
2.106047600000000131e+01 2.126402450000000144e+01 2.109854100000000088e+01 1.763260000000000000e+07 1.000000000000000000e+00
2.258032199999999889e+01 2.182039900000000188e+01 2.170279033333333629e+01 1.670440000000000000e+07 1.000000000000000000e+00
2.435873399999999833e+01 2.346952799999999684e+01 2.266651066666666736e+01 1.339550000000000000e+07 0.000000000000000000e+00
2.383635100000000051e+01 2.409754249999999942e+01 2.359180233333333376e+01 1.835510000000000000e+07 1.000000000000000000e+00
2.444121200000000016e+01 2.413878150000000034e+01 2.421209899999999848e+01 1.378720000000000000e+07 1.000000000000000000e+00
2.650035899999999955e+01 2.547078549999999808e+01 2.492597400000000007e+01 1.393430000000000000e+07 0.000000000000000000e+00
2.574955399999999983e+01 2.612495649999999969e+01 2.556370833333333437e+01 1.330660000000000000e+07 0.000000000000000000e+00
2.563832700000000031e+01 2.569394050000000007e+01 2.596274666666666420e+01 1.202810000000000000e+07 1.000000000000000000e+00
2.665608200000000139e+01 2.614720450000000085e+01 2.601465433333333621e+01 1.908030000000000000e+07 0.000000000000000000e+00
2.570007100000000122e+01 2.617807650000000308e+01 2.599816000000000216e+01 1.549340000000000000e+07 1.000000000000000000e+00
2.806199499999999958e+01 2.688103300000000218e+01 2.680604933333333406e+01 2.419700000000000000e+07 1.000000000000000000e+00
3.010224699999999842e+01 2.908212100000000078e+01 2.795477100000000448e+01 2.618340000000000000e+07 0.000000000000000000e+00
2.942002499999999898e+01 2.976113600000000048e+01 2.919475566666666566e+01 3.174660000000000000e+07 0.000000000000000000e+00
2.845357699999999923e+01 2.893680099999999911e+01 2.932528299999999888e+01 2.130290000000000000e+07 1.000000000000000000e+00
2.943474399999999847e+01 2.894416049999999885e+01 2.910278200000000126e+01 2.980860000000000000e+07 0.000000000000000000e+00
2.840094600000000113e+01 2.891784499999999980e+01 2.876308899999999724e+01 2.075180000000000000e+07 0.000000000000000000e+00
2.613230899999999934e+01 2.726662749999999846e+01 2.798933299999999846e+01 2.176280000000000000e+07 0.000000000000000000e+00
2.545260400000000089e+01 2.579245650000000012e+01 2.666195300000000046e+01 2.089990000000000000e+07 1.000000000000000000e+00
2.600403000000000020e+01 2.572831700000000055e+01 2.586298100000000133e+01 3.107470000000000000e+07 1.000000000000000000e+00
2.800656899999999894e+01 2.700529949999999957e+01 2.648773433333333216e+01 2.629680000000000000e+07 0.000000000000000000e+00
2.557050100000000015e+01 2.678853499999999954e+01 2.652703333333333191e+01 1.973160000000000000e+07 0.000000000000000000e+00
2.486591500000000110e+01 2.521820800000000062e+01 2.614766166666666436e+01 2.058380000000000000e+07 1.000000000000000000e+00
2.700901800000000108e+01 2.593746649999999931e+01 2.581514466666666863e+01 2.702160000000000000e+07 0.000000000000000000e+00
2.619708299999999923e+01 2.660305050000000193e+01 2.602400533333333144e+01 1.947970000000000000e+07 1.000000000000000000e+00
2.688022799999999890e+01 2.653865549999999729e+01 2.669544300000000092e+01 2.024550000000000000e+07 0.000000000000000000e+00
2.408824500000000057e+01 2.548423650000000151e+01 2.572185199999999838e+01 1.974080000000000000e+07 1.000000000000000000e+00
2.409549700000000172e+01 2.409187100000000115e+01 2.502132333333333847e+01 2.345230000000000000e+07 1.000000000000000000e+00
2.776089999999999947e+01 2.592819850000000059e+01 2.531488066666666725e+01 2.398140000000000000e+07 0.000000000000000000e+00
2.331434600000000046e+01 2.553762299999999996e+01 2.505691433333333507e+01 2.380810000000000000e+07 1.000000000000000000e+00
2.553802500000000109e+01 2.442618550000000255e+01 2.553775699999999915e+01 3.565820000000000000e+07 1.000000000000000000e+00
2.797022199999999970e+01 2.675412349999999861e+01 2.560753100000000515e+01 2.930890000000000000e+07 1.000000000000000000e+00
2.833505099999999999e+01 2.815263649999999984e+01 2.728109933333333359e+01 3.296040000000000000e+07 0.000000000000000000e+00
2.771943500000000071e+01 2.802724299999999857e+01 2.800823600000000013e+01 2.748610000000000000e+07 1.000000000000000000e+00
3.033156400000000019e+01 2.902549950000000223e+01 2.879534999999999911e+01 2.195660000000000000e+07 1.000000000000000000e+00
3.679276699999999778e+01 3.356216549999999899e+01 3.161458866666666623e+01 3.697130000000000000e+07 1.000000000000000000e+00
4.255464200000000119e+01 3.967370449999999948e+01 3.655965766666666639e+01 4.978990000000000000e+07 1.000000000000000000e+00
4.288801200000000335e+01 4.272132700000000227e+01 4.074514033333333174e+01 4.452200000000000000e+07 1.000000000000000000e+00
4.462461900000000270e+01 4.375631549999999947e+01 4.335575766666666908e+01 3.590190000000000000e+07 0.000000000000000000e+00
4.261659199999999714e+01 4.362060549999999637e+01 4.337640766666666536e+01 3.716670000000000000e+07 0.000000000000000000e+00
3.656275899999999979e+01 3.958967549999999846e+01 4.126798999999999751e+01 7.633130000000000000e+07 1.000000000000000000e+00
4.074193199999999848e+01 3.865234549999999558e+01 3.997376099999999610e+01 2.783920000000000000e+07 1.000000000000000000e+00
4.289769400000000132e+01 4.181981299999999635e+01 4.006746166666666653e+01 5.029250000000000000e+07 1.000000000000000000e+00
4.693251000000000062e+01 4.491510200000000452e+01 4.352404533333333347e+01 3.980290000000000000e+07 0.000000000000000000e+00
4.588866399999999857e+01 4.641058699999999959e+01 4.523962266666666920e+01 3.206270000000000000e+07 0.000000000000000000e+00
3.929404100000000000e+01 4.259135249999999928e+01 4.403840500000000446e+01 4.312220000000000000e+07 0.000000000000000000e+00
3.889112899999999939e+01 3.909258499999999970e+01 4.135794466666666835e+01 3.627820000000000000e+07 1.000000000000000000e+00
3.959621400000000335e+01 3.924367150000000493e+01 3.926046133333333188e+01 2.778320000000000000e+07 0.000000000000000000e+00
3.828549199999999786e+01 3.894085300000000416e+01 3.892427833333334064e+01 3.199280000000000000e+07 1.000000000000000000e+00
3.885192500000000138e+01 3.856870849999999962e+01 3.891121033333333656e+01 3.288950000000000000e+07 0.000000000000000000e+00
3.656592200000000048e+01 3.770892349999999738e+01 3.790111300000000227e+01 4.575860000000000000e+07 1.000000000000000000e+00
3.986738199999999921e+01 3.821665199999999629e+01 3.842840966666665992e+01 5.148830000000000000e+07 0.000000000000000000e+00
3.540946600000000188e+01 3.763842400000000055e+01 3.728092333333333386e+01 4.115050000000000000e+07 1.000000000000000000e+00
3.584611499999999751e+01 3.562779050000000325e+01 3.704098766666666620e+01 4.863390000000000000e+07 1.000000000000000000e+00
3.868864099999999695e+01 3.726737799999999368e+01 3.664807400000000115e+01 6.197540000000000000e+07 1.000000000000000000e+00
3.923109099999999927e+01 3.895986599999999811e+01 3.792194899999999080e+01 4.624870000000000000e+07 0.000000000000000000e+00
3.276252399999999909e+01 3.599680750000000273e+01 3.689408533333332940e+01 5.558480000000000000e+07 0.000000000000000000e+00
3.196753100000000103e+01 3.236502749999999651e+01 3.465371533333333787e+01 6.236070000000000000e+07 0.000000000000000000e+00
2.620102899999999835e+01 2.908427999999999969e+01 3.031036133333333282e+01 1.169226000000000000e+08 1.000000000000000000e+00
2.757841099999999912e+01 2.688971999999999696e+01 2.858232366666666735e+01 4.715640000000000000e+07 0.000000000000000000e+00
2.021513600000000110e+01 2.389677350000000189e+01 2.466485866666666382e+01 8.458600000000000000e+07 1.000000000000000000e+00
2.118711499999999859e+01 2.070112549999999985e+01 2.299355399999999960e+01 8.866100000000000000e+07 0.000000000000000000e+00
2.041159800000000146e+01 2.079935650000000180e+01 2.060461633333333609e+01 4.795930000000000000e+07 0.000000000000000000e+00
2.037613100000000088e+01 2.039386449999999940e+01 2.065828133333333483e+01 4.931510000000000000e+07 0.000000000000000000e+00
1.775872599999999935e+01 1.906742849999999834e+01 1.951548499999999819e+01 8.321170000000000000e+07 0.000000000000000000e+00
1.408810399999999952e+01 1.592341499999999854e+01 1.740765366666666480e+01 8.351750000000000000e+07 1.000000000000000000e+00
1.543282800000000066e+01 1.476046600000000097e+01 1.575988599999999984e+01 8.680250000000000000e+07 1.000000000000000000e+00
1.867011499999999913e+01 1.705147149999999812e+01 1.606368233333333251e+01 7.060660000000000000e+07 1.000000000000000000e+00
2.057002400000000009e+01 1.962006949999999961e+01 1.822432233333333329e+01 7.808590000000000000e+07 1.000000000000000000e+00
2.137453500000000162e+01 2.097227949999999908e+01 2.020489133333333243e+01 5.666760000000000000e+07 0.000000000000000000e+00
1.880316499999999991e+01 2.008885000000000076e+01 2.024924133333333387e+01 5.167550000000000000e+07 0.000000000000000000e+00
1.829960399999999865e+01 1.855138449999999750e+01 1.949243466666666791e+01 4.470430000000000000e+07 1.000000000000000000e+00
1.925510799999999989e+01 1.877735599999999749e+01 1.878595899999999830e+01 4.911830000000000000e+07 1.000000000000000000e+00
1.962268399999999957e+01 1.943889599999999973e+01 1.905913199999999819e+01 7.695960000000000000e+07 0.000000000000000000e+00
1.950376100000000079e+01 1.956322250000000196e+01 1.946051766666666438e+01 4.343460000000000000e+07 1.000000000000000000e+00
2.230823699999999832e+01 2.090599900000000133e+01 2.047822733333333289e+01 5.453880000000000000e+07 1.000000000000000000e+00
2.370455600000000018e+01 2.300639650000000103e+01 2.183885133333333428e+01 6.523450000000000000e+07 1.000000000000000000e+00
2.395544100000000043e+01 2.382999850000000208e+01 2.332274466666666513e+01 4.084090000000000000e+07 1.000000000000000000e+00
2.482995400000000075e+01 2.439269750000000059e+01 2.416331700000000282e+01 3.559650000000000000e+07 0.000000000000000000e+00
2.313800799999999924e+01 2.398398099999999999e+01 2.397446766666666917e+01 5.879000000000000000e+07 0.000000000000000000e+00
2.190749699999999933e+01 2.252275249999999929e+01 2.329181966666666881e+01 4.194880000000000000e+07 1.000000000000000000e+00
2.247335599999999900e+01 2.219042650000000094e+01 2.250628700000000038e+01 3.103400000000000000e+07 1.000000000000000000e+00
2.381356800000000007e+01 2.314346199999999953e+01 2.273147366666666969e+01 2.895920000000000000e+07 1.000000000000000000e+00
2.452244400000000013e+01 2.416800599999999832e+01 2.360312266666666758e+01 3.544960000000000000e+07 1.000000000000000000e+00
2.553311000000000064e+01 2.502777700000000038e+01 2.462304066666666813e+01 3.718430000000000000e+07 1.000000000000000000e+00
2.736249000000000109e+01 2.644780000000000086e+01 2.580601466666666965e+01 3.457440000000000000e+07 1.000000000000000000e+00
2.819908699999999868e+01 2.778078849999999989e+01 2.703156233333332992e+01 3.858040000000000000e+07 1.000000000000000000e+00
2.843094800000000077e+01 2.831501749999999973e+01 2.799750833333333233e+01 3.289880000000000000e+07 1.000000000000000000e+00
3.006968900000000033e+01 2.925031849999999878e+01 2.889990799999999993e+01 3.153130000000000000e+07 1.000000000000000000e+00
3.029416799999999910e+01 3.018192849999999794e+01 2.959826833333333340e+01 4.436330000000000000e+07 1.000000000000000000e+00
3.162256800000000112e+01 3.095836800000000011e+01 3.066214166666666685e+01 4.463090000000000000e+07 1.000000000000000000e+00
3.295476899999999887e+01 3.228866849999999999e+01 3.162383499999999970e+01 4.126280000000000000e+07 0.000000000000000000e+00
3.102421800000000118e+01 3.198949350000000180e+01 3.186718500000000276e+01 6.505540000000000000e+07 1.000000000000000000e+00
3.375443299999999880e+01 3.238932549999999821e+01 3.257780666666666747e+01 3.907250000000000000e+07 0.000000000000000000e+00
3.353871900000000039e+01 3.364657599999999604e+01 3.277245666666666324e+01 3.339730000000000000e+07 0.000000000000000000e+00
3.291426500000000033e+01 3.322649200000000036e+01 3.340247233333332844e+01 4.037220000000000000e+07 1.000000000000000000e+00
3.332656500000000221e+01 3.312041500000000127e+01 3.325984966666666764e+01 4.346090000000000000e+07 0.000000000000000000e+00
3.025326300000000046e+01 3.178991400000000311e+01 3.216469766666666885e+01 6.195410000000000000e+07 1.000000000000000000e+00
3.068740499999999827e+01 3.047033400000000114e+01 3.142241100000000031e+01 3.834310000000000000e+07 1.000000000000000000e+00
3.157578499999999977e+01 3.113159499999999724e+01 3.083881766666666735e+01 4.031220000000000000e+07 1.000000000000000000e+00
3.261106500000000352e+01 3.209342500000000342e+01 3.162475166666666837e+01 3.875860000000000000e+07 1.000000000000000000e+00
3.266857100000000003e+01 3.263981800000000533e+01 3.228514033333333799e+01 3.173020000000000000e+07 1.000000000000000000e+00
3.374333599999999933e+01 3.320595349999999968e+01 3.300765733333333429e+01 5.188030000000000000e+07 0.000000000000000000e+00
3.370860700000000065e+01 3.372597149999999999e+01 3.337350466666666904e+01 4.694940000000000000e+07 0.000000000000000000e+00
3.266677500000000123e+01 3.318769100000000094e+01 3.337290600000000040e+01 4.952380000000000000e+07 1.000000000000000000e+00
3.420846900000000090e+01 3.343762200000000462e+01 3.352795033333333663e+01 5.026650000000000000e+07 1.000000000000000000e+00
3.531498700000000213e+01 3.476172800000000507e+01 3.406341033333333712e+01 3.513500000000000000e+07 0.000000000000000000e+00
3.494226499999999902e+01 3.512862599999999702e+01 3.482190700000000305e+01 4.289440000000000000e+07 1.000000000000000000e+00
3.538955299999999937e+01 3.516590899999999920e+01 3.521560166666666447e+01 4.477430000000000000e+07 1.000000000000000000e+00
3.707698800000000006e+01 3.623327050000000327e+01 3.580293533333333045e+01 5.352530000000000000e+07 1.000000000000000000e+00
3.717073800000000006e+01 3.712386300000000006e+01 3.654575966666666886e+01 4.896170000000000000e+07 1.000000000000000000e+00
3.914265100000000075e+01 3.815669450000000040e+01 3.779679233333333599e+01 4.798170000000000000e+07 1.000000000000000000e+00
3.993706099999999992e+01 3.953985600000000034e+01 3.875014999999999787e+01 6.561120000000000000e+07 0.000000000000000000e+00
3.991678999999999888e+01 3.992692549999999585e+01 3.966550066666666652e+01 5.210400000000000000e+07 1.000000000000000000e+00
4.129580700000000348e+01 4.060629850000000118e+01 4.038321933333332936e+01 5.459570000000000000e+07 1.000000000000000000e+00
4.176393499999999648e+01 4.152987099999999998e+01 4.099217733333333058e+01 3.816720000000000000e+07 0.000000000000000000e+00
3.976935199999999782e+01 4.076664350000000070e+01 4.094303133333333022e+01 4.547000000000000000e+07 0.000000000000000000e+00
3.737223099999999931e+01 3.857079149999999856e+01 3.963517266666666927e+01 6.452380000000000000e+07 0.000000000000000000e+00
3.477864499999999737e+01 3.607543799999999834e+01 3.730674266666666483e+01 7.054000000000000000e+07 1.000000000000000000e+00
3.745391099999999796e+01 3.611627799999999411e+01 3.653492899999999821e+01 8.184430000000000000e+07 1.000000000000000000e+00
3.832016800000000245e+01 3.788703950000000020e+01 3.685090799999999689e+01 4.275020000000000000e+07 1.000000000000000000e+00
3.930433299999999974e+01 3.881225050000000465e+01 3.835947066666666672e+01 4.515000000000000000e+07 1.000000000000000000e+00
4.057550400000000224e+01 3.993991850000000454e+01 3.940000166666666814e+01 5.188640000000000000e+07 1.000000000000000000e+00
4.150978500000000082e+01 4.104264450000000153e+01 4.046320733333333663e+01 3.925970000000000000e+07 0.000000000000000000e+00
3.838162599999999713e+01 3.994570550000000253e+01 4.015563833333333577e+01 6.055830000000000000e+07 0.000000000000000000e+00
3.609724400000000344e+01 3.723943500000000029e+01 3.866288500000000283e+01 5.856350000000000000e+07 1.000000000000000000e+00
3.687984800000000263e+01 3.648854599999999948e+01 3.711957266666667010e+01 6.071840000000000000e+07 1.000000000000000000e+00
3.783025700000000313e+01 3.735505249999999933e+01 3.693578300000000070e+01 5.060830000000000000e+07 1.000000000000000000e+00
3.818149199999999865e+01 3.800587450000000445e+01 3.763053233333332770e+01 4.287850000000000000e+07 0.000000000000000000e+00
3.604872499999999746e+01 3.711510849999999806e+01 3.735349133333333072e+01 5.838950000000000000e+07 1.000000000000000000e+00
3.646356200000000314e+01 3.625614350000000030e+01 3.689792633333333782e+01 5.927670000000000000e+07 0.000000000000000000e+00
3.617317200000000099e+01 3.631836700000000207e+01 3.622848633333333623e+01 4.871700000000000000e+07 1.000000000000000000e+00
3.630837999999999965e+01 3.624077599999999677e+01 3.631503800000000126e+01 7.853220000000000000e+07 0.000000000000000000e+00
3.412113200000000290e+01 3.521475600000000128e+01 3.553422799999999881e+01 1.191032000000000000e+08 0.000000000000000000e+00
3.241298299999999699e+01 3.326705749999999995e+01 3.428083166666666415e+01 8.943200000000000000e+07 0.000000000000000000e+00
3.141935499999999948e+01 3.191616899999999646e+01 3.265115666666666527e+01 6.364760000000000000e+07 1.000000000000000000e+00
3.171241399999999899e+01 3.156588449999999924e+01 3.184825066666666160e+01 5.492720000000000000e+07 0.000000000000000000e+00
2.819579699999999889e+01 2.995410549999999716e+01 3.044252199999999675e+01 6.516330000000000000e+07 1.000000000000000000e+00
3.012688599999999894e+01 2.916134149999999892e+01 3.001169899999999657e+01 7.532590000000000000e+07 0.000000000000000000e+00
2.905393400000000170e+01 2.959040999999999855e+01 2.912553899999999985e+01 6.004920000000000000e+07 1.000000000000000000e+00
2.976924299999999945e+01 2.941158850000000058e+01 2.965002099999999885e+01 6.273120000000000000e+07 1.000000000000000000e+00
3.086346400000000045e+01 3.031635349999999818e+01 2.989554700000000409e+01 6.460720000000000000e+07 1.000000000000000000e+00
3.274615899999999868e+01 3.180481149999999957e+01 3.112628866666666383e+01 5.345980000000000000e+07 1.000000000000000000e+00
3.276730299999999829e+01 3.275673100000000204e+01 3.212564199999999914e+01 5.531000000000000000e+07 1.000000000000000000e+00
3.346778100000000222e+01 3.311754200000000026e+01 3.299374766666667114e+01 5.593470000000000000e+07 1.000000000000000000e+00
3.363787800000000061e+01 3.355282950000000142e+01 3.329098733333333371e+01 6.253840000000000000e+07 1.000000000000000000e+00
3.546648799999999824e+01 3.455218299999999942e+01 3.419071566666666939e+01 5.532040000000000000e+07 1.000000000000000000e+00
3.677380399999999838e+01 3.612014599999999831e+01 3.529272333333333478e+01 5.127000000000000000e+07 0.000000000000000000e+00
3.532078599999999824e+01 3.604729499999999831e+01 3.585369266666666732e+01 5.548370000000000000e+07 0.000000000000000000e+00
3.493616899999999958e+01 3.512847750000000246e+01 3.567691966666666303e+01 5.345850000000000000e+07 1.000000000000000000e+00
3.504133999999999816e+01 3.498875449999999887e+01 3.509943166666666770e+01 4.691550000000000000e+07 1.000000000000000000e+00
3.602904500000000354e+01 3.553519250000000085e+01 3.533551800000000043e+01 7.225720000000000000e+07 0.000000000000000000e+00
3.426837900000000303e+01 3.514871200000000329e+01 3.511292133333333254e+01 7.863290000000000000e+07 1.000000000000000000e+00
3.451728099999999699e+01 3.439283000000000357e+01 3.493823499999999882e+01 5.634050000000000000e+07 1.000000000000000000e+00
3.689034999999999798e+01 3.570381549999999748e+01 3.522533666666667074e+01 5.943110000000000000e+07 1.000000000000000000e+00
3.706293500000000307e+01 3.697664249999999697e+01 3.615685533333333268e+01 6.592100000000000000e+07 1.000000000000000000e+00
3.838350299999999748e+01 3.772321900000000028e+01 3.744559599999999477e+01 4.727550000000000000e+07 1.000000000000000000e+00
3.946718599999999810e+01 3.892534449999999424e+01 3.830454133333333289e+01 5.678460000000000000e+07 0.000000000000000000e+00
3.803673599999999766e+01 3.875196099999999433e+01 3.862914166666666205e+01 4.259840000000000000e+07 1.000000000000000000e+00
3.877206400000000031e+01 3.840439999999999543e+01 3.875866199999999395e+01 4.054830000000000000e+07 1.000000000000000000e+00
3.892444199999999910e+01 3.884825299999999970e+01 3.857774733333332762e+01 6.686350000000000000e+07 1.000000000000000000e+00
3.916391000000000133e+01 3.904417600000000022e+01 3.895347199999999788e+01 7.234150000000000000e+07 1.000000000000000000e+00
3.969102500000000333e+01 3.942746750000000588e+01 3.925979233333333696e+01 7.262950000000000000e+07 1.000000000000000000e+00
4.078442400000000134e+01 4.023772449999999878e+01 3.987978633333333534e+01 4.886670000000000000e+07 1.000000000000000000e+00
4.100311299999999903e+01 4.089376850000000019e+01 4.049285400000000124e+01 6.098160000000000000e+07 1.000000000000000000e+00
4.135142100000000198e+01 4.117726700000000051e+01 4.104631933333333649e+01 5.464250000000000000e+07 0.000000000000000000e+00
4.084632500000000022e+01 4.109887299999999755e+01 4.106695300000000515e+01 6.619450000000000000e+07 1.000000000000000000e+00
4.152711099999999789e+01 4.118671799999999905e+01 4.124161899999999292e+01 1.229878000000000000e+08 1.000000000000000000e+00
4.410462600000000322e+01 4.281586850000000055e+01 4.215935400000000044e+01 9.376400000000000000e+07 1.000000000000000000e+00
4.505334100000000319e+01 4.457898350000000676e+01 4.356169266666666573e+01 8.807760000000000000e+07 1.000000000000000000e+00
4.600206399999999718e+01 4.552770250000000374e+01 4.505334366666667023e+01 1.174919000000000000e+08 1.000000000000000000e+00
4.873572899999999919e+01 4.736889649999999818e+01 4.659704466666666889e+01 7.360840000000000000e+07 0.000000000000000000e+00
4.720720699999999681e+01 4.797146800000000155e+01 4.731499999999999773e+01 6.680140000000000000e+07 0.000000000000000000e+00
4.634324600000000061e+01 4.677522650000000226e+01 4.742872733333333457e+01 9.521910000000000000e+07 1.000000000000000000e+00
4.672372800000000126e+01 4.653348700000000093e+01 4.675806033333333289e+01 6.353990000000000000e+07 1.000000000000000000e+00
4.765776400000000024e+01 4.719074600000000430e+01 4.690824599999999833e+01 9.310720000000000000e+07 1.000000000000000000e+00
4.888089399999999785e+01 4.826932899999999904e+01 4.775412866666666645e+01 1.121708000000000000e+08 1.000000000000000000e+00
5.148056400000000110e+01 5.018072899999999947e+01 4.933974066666667113e+01 1.139989000000000000e+08 0.000000000000000000e+00
5.043874399999999980e+01 5.095965400000000045e+01 5.026673400000000669e+01 1.291111000000000000e+08 0.000000000000000000e+00
4.820628700000000322e+01 4.932251550000000151e+01 5.004186500000000137e+01 9.930590000000000000e+07 1.000000000000000000e+00
4.876067700000000116e+01 4.848348200000000219e+01 4.913523599999999902e+01 7.039160000000000000e+07 1.000000000000000000e+00
4.943800699999999892e+01 4.909934200000000004e+01 4.880165699999999873e+01 5.510440000000000000e+07 0.000000000000000000e+00
4.803065099999999887e+01 4.873432900000000245e+01 4.874311166666666395e+01 9.851690000000000000e+07 1.000000000000000000e+00
4.861534900000000192e+01 4.832300000000000040e+01 4.869466900000000464e+01 6.857040000000000000e+07 1.000000000000000000e+00
5.237962000000000273e+01 5.049748449999999877e+01 4.967520666666666784e+01 5.545510000000000000e+07 1.000000000000000000e+00
5.276823000000000263e+01 5.257392500000000268e+01 5.125439966666666436e+01 7.084610000000000000e+07 1.000000000000000000e+00
5.592892499999999956e+01 5.434857750000000465e+01 5.369225833333333497e+01 4.720390000000000000e+07 1.000000000000000000e+00
5.793985399999999686e+01 5.693438949999999465e+01 5.554566966666666872e+01 5.293400000000000000e+07 0.000000000000000000e+00
5.156802400000000119e+01 5.475393900000000258e+01 5.514560099999999920e+01 8.674970000000000000e+07 1.000000000000000000e+00
5.256508300000000133e+01 5.206655349999999771e+01 5.402432033333334260e+01 6.513030000000000000e+07 1.000000000000000000e+00
5.529067599999999771e+01 5.392787950000000308e+01 5.314126099999999298e+01 5.216200000000000000e+07 0.000000000000000000e+00
5.108547200000000288e+01 5.318807400000000030e+01 5.298041033333333871e+01 7.439820000000000000e+07 1.000000000000000000e+00
5.258353799999999723e+01 5.183450500000000005e+01 5.298656199999999927e+01 5.684860000000000000e+07 1.000000000000000000e+00
5.648123600000000266e+01 5.453238699999999994e+01 5.338341533333333899e+01 5.863060000000000000e+07 0.000000000000000000e+00
5.508751300000000128e+01 5.578437449999999842e+01 5.471742900000000276e+01 7.536660000000000000e+07 0.000000000000000000e+00
5.493694299999999942e+01 5.501222800000000035e+01 5.550189733333333919e+01 5.447200000000000000e+07 1.000000000000000000e+00
5.621861599999999726e+01 5.557777949999999834e+01 5.541435733333332792e+01 7.041470000000000000e+07 1.000000000000000000e+00
5.642559800000000081e+01 5.632210700000000259e+01 5.586038566666666583e+01 6.020780000000000000e+07 1.000000000000000000e+00
5.732336000000000098e+01 5.687447900000000089e+01 5.665585800000000205e+01 7.016100000000000000e+07 1.000000000000000000e+00
5.995531499999999880e+01 5.863933749999999634e+01 5.790142433333333116e+01 6.033790000000000000e+07 0.000000000000000000e+00
5.721068600000000259e+01 5.858300049999999715e+01 5.816312033333333176e+01 5.601430000000000000e+07 1.000000000000000000e+00
6.037042199999999781e+01 5.879055400000000020e+01 5.917880766666666403e+01 5.853150000000000000e+07 0.000000000000000000e+00
5.869414100000000190e+01 5.953228149999999630e+01 5.875841633333333647e+01 5.597970000000000000e+07 1.000000000000000000e+00
6.020766400000000118e+01 5.945090249999999799e+01 5.975740899999999556e+01 5.997760000000000000e+07 1.000000000000000000e+00
6.152764100000000269e+01 6.086765250000000549e+01 6.014314866666666148e+01 6.633220000000000000e+07 1.000000000000000000e+00
6.760057799999999872e+01 6.456410950000000071e+01 6.311196100000000797e+01 8.409840000000000000e+07 0.000000000000000000e+00
6.657196799999999826e+01 6.708627300000000560e+01 6.523339566666666656e+01 6.885600000000000000e+07 1.000000000000000000e+00
6.941199500000000455e+01 6.799198150000000851e+01 6.786151366666666718e+01 7.484740000000000000e+07 1.000000000000000000e+00
7.240317500000000450e+01 7.090758500000001163e+01 6.946237933333334524e+01 5.936910000000000000e+07 0.000000000000000000e+00
6.526589199999999380e+01 6.883453349999999205e+01 6.902702066666667235e+01 7.610420000000000000e+07 0.000000000000000000e+00
6.440346499999999708e+01 6.483467849999999544e+01 6.735751066666665565e+01 8.901000000000000000e+07 1.000000000000000000e+00
6.506610100000000330e+01 6.473478299999999308e+01 6.491181933333332665e+01 6.238010000000000000e+07 0.000000000000000000e+00
6.352270099999999786e+01 6.429440099999999347e+01 6.433075566666666134e+01 6.759270000000000000e+07 0.000000000000000000e+00
5.986011500000000041e+01 6.169140799999999558e+01 6.281630566666666482e+01 9.161730000000000000e+07 1.000000000000000000e+00
6.291160599999999903e+01 6.138586049999999972e+01 6.209814066666666577e+01 6.953820000000000000e+07 0.000000000000000000e+00
6.010593800000000186e+01 6.150877200000000045e+01 6.095921966666666236e+01 8.270290000000000000e+07 1.000000000000000000e+00
6.165458300000000236e+01 6.088026050000000566e+01 6.155737566666666538e+01 6.728110000000000000e+07 0.000000000000000000e+00
6.125178100000000114e+01 6.145318199999999820e+01 6.100410066666666609e+01 6.527350000000000000e+07 0.000000000000000000e+00
5.807221200000000039e+01 5.966199650000000076e+01 6.032619199999999893e+01 7.181750000000000000e+07 1.000000000000000000e+00
6.270282000000000266e+01 6.038751600000000508e+01 6.067560433333333236e+01 7.334690000000000000e+07 1.000000000000000000e+00
6.613702399999999670e+01 6.441992199999999968e+01 6.230401866666667132e+01 5.940470000000000000e+07 0.000000000000000000e+00
6.524114199999999641e+01 6.568908299999999656e+01 6.469366200000000333e+01 9.071280000000000000e+07 1.000000000000000000e+00
7.161083999999999605e+01 6.842599099999999623e+01 6.766300199999999165e+01 8.705480000000000000e+07 0.000000000000000000e+00
6.992443099999999845e+01 7.076763549999999725e+01 6.892547100000000171e+01 5.534380000000000000e+07 0.000000000000000000e+00
6.943625600000000020e+01 6.968034349999999222e+01 7.032384233333333157e+01 6.398220000000000000e+07 1.000000000000000000e+00
7.694482399999999700e+01 7.319053999999999860e+01 7.210183699999998908e+01 7.102790000000000000e+07 0.000000000000000000e+00
7.676543399999999906e+01 7.685512900000000514e+01 7.438217133333333209e+01 6.013880000000000000e+07 0.000000000000000000e+00
7.144683799999999962e+01 7.410613599999999224e+01 7.505236533333334137e+01 6.980770000000000000e+07 1.000000000000000000e+00
7.251944699999999955e+01 7.198314249999999959e+01 7.357723966666667081e+01 5.992160000000000000e+07 0.000000000000000000e+00
7.250132800000000088e+01 7.251038750000000732e+01 7.215587100000000476e+01 6.272300000000000000e+07 0.000000000000000000e+00
6.683857000000000426e+01 6.966994900000000257e+01 7.061978166666666823e+01 8.058670000000000000e+07 1.000000000000000000e+00
7.112776200000000415e+01 6.898316600000001131e+01 7.015588666666667450e+01 6.842780000000000000e+07 1.000000000000000000e+00
7.197080200000000616e+01 7.154928200000000516e+01 6.997904466666666679e+01 5.667470000000000000e+07 1.000000000000000000e+00
7.564540100000000677e+01 7.380810150000000647e+01 7.291465499999999622e+01 6.110820000000000000e+07 1.000000000000000000e+00
7.598304000000000258e+01 7.581422050000000468e+01 7.453308099999999570e+01 7.618210000000000000e+07 1.000000000000000000e+00
7.643701900000000649e+01 7.621002950000000453e+01 7.602182000000000528e+01 4.365040000000000000e+07 1.000000000000000000e+00
7.938332400000000177e+01 7.791017150000000413e+01 7.726779433333332747e+01 5.560690000000000000e+07 0.000000000000000000e+00
7.825183900000000392e+01 7.881758150000000285e+01 7.802406066666667073e+01 5.917310000000000000e+07 1.000000000000000000e+00
7.968413499999999772e+01 7.896798699999999371e+01 7.910643266666666307e+01 4.383960000000000000e+07 1.000000000000000000e+00
8.172492200000000651e+01 8.070452850000000922e+01 7.988696533333332184e+01 4.843770000000000000e+07 0.000000000000000000e+00
7.937377899999999897e+01 8.054935050000000274e+01 8.026094533333333914e+01 4.824790000000000000e+07 1.000000000000000000e+00
8.352596300000000440e+01 8.144987100000000169e+01 8.154155466666666996e+01 4.941100000000000000e+07 1.000000000000000000e+00
8.434883100000000411e+01 8.393739700000000425e+01 8.241619100000001197e+01 5.576610000000000000e+07 0.000000000000000000e+00
8.034290300000000684e+01 8.234586699999999837e+01 8.273923233333333371e+01 5.316480000000000000e+07 0.000000000000000000e+00
7.498416100000000029e+01 7.766353200000000356e+01 7.989196499999999901e+01 7.982500000000000000e+07 0.000000000000000000e+00
7.196569100000000674e+01 7.347492600000001062e+01 7.576425166666666655e+01 8.688810000000000000e+07 1.000000000000000000e+00
7.488326299999999947e+01 7.342447699999999600e+01 7.394437166666666883e+01 9.373190000000000000e+07 1.000000000000000000e+00
7.748344400000000576e+01 7.618335350000000972e+01 7.477746600000000399e+01 6.352960000000000000e+07 0.000000000000000000e+00
7.458361100000000476e+01 7.603352750000000526e+01 7.565010600000000807e+01 7.909430000000000000e+07 1.000000000000000000e+00
7.734488699999999994e+01 7.596424899999999525e+01 7.647064733333333209e+01 8.365270000000000000e+07 1.000000000000000000e+00
7.982916299999999410e+01 7.858702499999999702e+01 7.725255366666665680e+01 6.724620000000000000e+07 0.000000000000000000e+00
7.945749700000000360e+01 7.964332999999999174e+01 7.887718233333333728e+01 6.666250000000000000e+07 0.000000000000000000e+00
