1989-11-01,23.044247,23.262159,22.499466,23.207682,6.724387,6060300
1989-12-01,23.262159,24.624113,23.207682,24.460678,7.337573,9040700
1990-01-01,24.297243,24.569633,22.227076,23.425594,7.027074,8743200
1990-02-01,23.316637,23.915897,22.880812,23.861420,7.157813,12279400
1990-03-01,23.861420,24.460678,23.589027,23.970375,7.435802,4466100
1990-04-01,23.861420,24.133810,22.826334,23.044247,7.148510,4645600
1990-05-01,22.880812,24.569633,22.826334,24.024853,7.452702,12082100
1990-06-01,24.133810,24.624113,23.970375,24.351723,7.802922,6759900
1990-07-01,24.297243,25.277849,23.752462,25.277849,8.099675,4647300
1990-08-01,25.168894,25.822632,23.534550,24.188288,7.750547,13360800
1990-09-01,24.079330,24.242765,23.589027,24.242765,8.025574,5820900
1990-10-01,24.297243,28.219669,24.079330,27.783844,9.197849,6818400
1990-11-01,27.783844,28.219669,25.386806,26.912193,8.909294,13606500
1990-12-01,26.912193,27.892799,26.040545,26.694281,8.974998,7196600
1991-01-01,26.585325,26.803238,23.970375,24.079330,8.095818,7599000
1991-02-01,24.079330,25.604719,23.643507,24.733068,8.315618,8285600
1991-03-01,24.515156,25.495762,23.316637,25.059938,8.565035,7718000
1991-04-01,25.168894,25.604719,24.079330,24.188288,8.267120,6229700
1991-05-01,24.188288,24.950981,23.752462,24.188288,8.267120,6739500
1991-06-01,24.188288,24.950981,23.861420,24.079330,8.369231,3900700
1991-07-01,24.188288,26.149500,23.861420,25.495762,8.861539,5645800
1991-08-01,25.495762,26.912193,25.277849,26.149500,9.088758,6964200
1991-09-01,26.258457,28.328625,25.713675,28.219669,9.973669,4530400
1991-10-01,28.328625,28.873405,26.585325,27.348019,9.665601,5770400
1991-11-01,27.456976,27.674887,26.258457,27.130106,9.588582,6131700
1991-12-01,27.021151,30.507750,27.021151,30.507750,10.952516,6068200
1992-01-01,30.507750,30.507750,27.348019,28.546537,10.248428,5912800
1992-02-01,28.437582,28.546537,27.456976,27.783844,9.974615,6882900
1992-03-01,27.892799,28.546537,27.348019,27.892799,10.169899,6279300
1992-04-01,27.892799,29.636101,27.892799,29.527143,10.765797,4758100
1992-05-01,29.527143,30.180882,29.200275,29.418188,10.726068,7428400
1992-06-01,29.309231,30.180882,29.091318,29.854013,11.042876,5246500
1992-07-01,29.854013,31.706268,29.745056,31.488356,11.647413,4777900
1992-08-01,31.488356,31.815226,30.834620,31.597313,11.687717,4356600
1992-09-01,31.488356,31.597313,30.725662,31.379400,11.775397,4025200
1992-10-01,31.379400,31.706268,30.180882,31.161488,11.693620,3403100
1992-11-01,31.270443,31.379400,30.289837,31.052532,11.652734,8236500
1992-12-01,31.052532,32.686874,30.725662,31.488356,11.989418,4467700
1993-01-01,31.706268,32.033138,30.834620,32.033138,12.196851,6499100
1993-02-01,32.033138,33.885395,31.924181,33.449570,12.736166,5036500
1993-03-01,33.340614,34.757042,32.795830,34.212261,13.207790,4723300
1993-04-01,34.430176,36.064518,33.122700,34.212261,13.207790,3577300
1993-05-01,34.103306,34.757042,32.360004,33.994350,13.123677,5244800
1993-06-01,33.994350,34.974957,33.667480,34.757042,13.595237,3981300
1993-07-01,34.866001,37.371994,34.757042,37.045124,14.490213,3745600
1993-08-01,37.045124,37.263039,36.391388,36.936169,14.447601,6401300
1993-09-01,36.827213,39.115295,36.827213,37.807819,14.978024,3959300
1993-10-01,37.698864,38.352600,36.718258,38.134689,15.107511,3756800
1993-11-01,37.916775,37.916775,33.994350,36.609299,14.503217,5739900
1993-12-01,36.609299,38.352600,35.737652,36.936169,14.832012,5233800
1994-01-01,36.936169,37.480949,35.192867,36.609299,14.700762,3963000
1994-02-01,36.609299,36.718258,32.577919,33.667480,13.519449,5753800
1994-03-01,33.667480,34.648087,31.161488,31.488356,12.815561,9511100
1994-04-01,31.052532,32.251049,30.616707,31.924181,12.992933,5472800
1994-05-01,31.924181,32.142094,28.655495,31.597313,12.859900,13561600
1994-06-01,31.488356,32.142094,30.071924,31.161488,12.877433,6305000
1994-07-01,31.270443,33.340614,30.943575,33.340614,13.777955,4790900
1994-08-01,33.340614,34.757042,32.577919,33.776436,13.958056,7002400
1994-09-01,33.667480,33.994350,31.488356,33.994350,14.252240,6545700
1994-10-01,33.885395,34.648087,33.231655,34.539131,14.480639,5605800
1994-11-01,34.430176,35.846607,33.558525,35.519737,14.891758,8235900
1994-12-01,35.301826,36.718258,33.122700,33.231655,14.133612,9361700
1995-01-01,33.231655,35.301826,33.122700,35.192867,14.967736,4965400
1995-02-01,35.410782,35.519737,33.558525,34.212261,14.550680,6369300
1995-03-01,34.103306,34.103306,32.577919,33.340614,14.386000,6257700
1995-04-01,33.340614,34.757042,33.340614,34.430176,14.856131,4340500
1995-05-01,34.430176,36.391388,34.212261,36.391388,15.702370,6458100
1995-06-01,36.391388,37.263039,34.757042,36.173473,16.055054,6688900
1995-07-01,35.955563,36.500343,35.410782,36.173473,16.055054,6175900
1995-08-01,36.173473,36.173473,34.866001,35.410782,15.716547,6474400
1995-09-01,35.519737,38.134689,35.301826,37.807819,17.024883,5882600
1995-10-01,37.807819,39.769032,37.589905,39.006336,17.564573,5694300
1995-11-01,39.006336,39.769032,37.916775,39.115295,17.613644,4306900
1995-12-01,39.115295,41.730244,39.115295,41.294418,18.844778,4796800
1996-01-01,41.076508,43.473545,40.858593,43.364586,19.789501,6580700
1996-02-01,43.473545,46.197449,42.492939,42.601894,19.441452,8340800
1996-03-01,42.928764,44.781017,41.076508,44.018326,20.313700,7147900
1996-04-01,44.018326,44.345192,40.313812,40.967548,18.905806,6514800
1996-05-01,40.967548,43.582500,39.877987,42.057114,19.408623,7840400
1996-06-01,41.839199,44.889977,41.730244,44.672062,20.861340,5939700
1996-07-01,44.781017,44.781017,41.403374,41.730244,19.487551,6845900
1996-08-01,41.730244,43.473545,40.640682,40.749638,19.029617,5693900
1996-09-01,40.640682,42.057114,39.877987,40.640682,19.219704,5211500
1996-10-01,40.640682,42.601894,40.422768,42.601894,20.147186,5477600
1996-11-01,42.710850,42.819805,40.095901,40.422768,19.116627,14248000
1996-12-01,40.531727,41.839199,37.807819,40.313812,19.304655,20074300
1997-01-01,40.422768,41.839199,39.115295,40.858593,19.565533,19625700
1997-02-01,40.858593,40.967548,38.461555,38.570511,18.469868,16148200
1997-03-01,38.352600,39.224251,37.807819,38.461555,18.665770,15421700
1997-04-01,38.461555,39.006336,36.500343,38.243645,18.560009,16089400
1997-05-01,38.352600,40.749638,38.134689,39.333206,19.088789,17788800
1997-06-01,39.442162,41.839199,39.006336,41.784721,20.553196,22916800
1997-07-01,42.002636,44.290714,41.512333,44.181759,21.732258,21015300
1997-08-01,44.181759,44.617584,41.839199,42.220547,20.767574,18985200
1997-09-01,42.220547,44.399673,42.166069,43.092197,21.467573,14145000
1997-10-01,43.146675,44.726540,38.842903,42.275024,21.060476,17632600
1997-11-01,42.492939,46.415363,41.022030,45.325802,22.580322,16704400
1997-12-01,45.543713,49.302704,44.454151,48.267620,24.358734,13395500
1998-01-01,48.376575,48.812401,46.306408,47.232533,23.836351,18355100
1998-02-01,47.069099,49.248226,46.960144,48.431053,24.441212,13787200
1998-03-01,48.376575,53.116173,48.158661,51.917652,26.500359,13934300
1998-04-01,51.754219,52.625870,48.648964,50.446743,25.749554,13306600
1998-05-01,50.555698,50.991524,47.940750,50.228832,25.638327,12028100
1998-06-01,50.337788,54.968430,50.283310,51.645264,26.656082,19080300
1998-07-01,51.754219,52.026608,49.575092,49.793007,25.700071,15493400
1998-08-01,49.793007,56.057991,49.357182,54.369167,28.061995,24197000
1998-09-01,54.042301,57.746811,51.972130,57.692333,30.102247,26183400
1998-10-01,57.692333,61.887150,54.423645,56.384861,29.420025,31746600
1998-11-01,56.384861,56.657249,53.769909,54.532604,28.453577,21302900
1998-12-01,54.696037,56.275902,52.081089,55.840076,29.434744,29808600
1999-01-01,55.840076,56.929642,52.081089,53.878864,28.400946,20751800
1999-02-01,53.878864,53.933342,49.084789,49.575092,26.132309,21762800
1999-03-01,49.575092,52.734825,47.178055,47.777317,25.452604,20899900
1999-04-01,47.940750,49.357182,45.271320,48.812401,26.004030,31074700
1999-05-01,48.703445,53.388561,47.069099,52.571392,28.006569,26296800
1999-06-01,52.407955,52.734825,47.178055,47.450447,25.570501,19731600
1999-07-01,47.395969,49.466137,45.707146,46.142971,24.865915,20583800
1999-08-01,46.197449,50.719135,45.598190,50.119877,27.009018,27021600
1999-09-01,50.119877,51.154961,45.543713,48.049706,26.197083,19479700
1999-10-01,48.049706,49.847485,45.271320,49.302704,26.880228,20245500
1999-11-01,49.193748,49.684052,42.928764,44.181759,24.088245,19740800
1999-12-01,43.909370,44.454151,40.749638,43.691456,24.095497,23452300
2000-01-01,43.582500,50.501221,41.621288,50.337788,27.760900,23981400
2000-02-01,50.228832,50.446743,41.076508,42.275024,23.314346,23808100
2000-03-01,42.819805,46.197449,39.877987,45.761623,25.538025,35658200
2000-04-01,45.761623,52.462433,45.216843,50.119877,27.970222,29308900
2000-05-01,50.119877,54.696037,48.812401,50.773613,28.335051,32960400
2000-06-01,50.664658,54.205734,48.812401,49.139267,27.719435,27486100
2000-07-01,49.357182,56.439339,49.193748,53.769909,30.331564,21956600
2000-08-01,54.205734,66.081963,54.205734,65.223915,36.792767,36971300
2000-09-01,65.319275,76.160416,64.229706,74.757584,42.554642,49789900
2000-10-01,74.743988,78.230591,68.696915,75.343246,42.888012,44522000
2000-11-01,75.343246,78.829849,73.218597,78.394020,44.624619,35901900
2000-12-01,78.394020,78.394020,71.584259,74.308159,42.616592,37166700
2001-01-01,73.872337,73.872337,56.493816,63.752480,36.562759,76331300
2001-02-01,63.769913,74.787567,62.880833,71.039474,40.741932,27839200
2001-03-01,70.865143,75.833549,63.979111,74.508644,42.897694,50292500
2001-04-01,74.909599,83.155411,67.012451,81.516708,46.932510,39802900
2001-05-01,81.063454,83.225143,75.920715,79.703674,45.888664,32062700
2001-06-01,78.622833,78.622833,66.942719,68.006134,39.294041,43122200
2001-07-01,68.947517,74.700401,63.403820,67.308815,38.891129,36278200
2001-08-01,67.640038,70.429321,63.630451,68.529121,39.596214,27783200
2001-09-01,68.773186,70.429321,59.952087,65.983902,38.285492,31992800
2001-10-01,66.158234,72.085457,64.414932,66.960152,38.851925,32889500
2001-11-01,67.204216,70.516487,62.096348,63.020294,36.565922,45758600
2001-12-01,62.845966,69.836601,56.169125,68.441956,39.867382,51488300
2002-01-01,68.075867,69.732002,58.574879,60.788872,35.409466,41150500
2002-02-01,60.928333,61.887150,55.768166,61.538490,35.846115,48633900
2002-03-01,61.974316,66.472031,59.795189,65.896744,38.688641,61975400
2002-04-01,65.722412,69.034683,64.397499,66.820686,39.231091,46248700
2002-05-01,66.820686,66.820686,54.617588,55.803032,32.762524,55584800
2002-06-01,55.820465,59.028137,49.684052,54.216629,31.967531,62360700
2002-07-01,53.867970,54.199196,31.553730,44.436718,26.201029,116922600
2002-08-01,44.419285,50.660297,41.856632,46.772739,27.578411,47156400
2002-09-01,46.772739,46.772739,31.048174,34.081516,20.215136,84586000
2002-10-01,33.732857,36.783630,28.624987,35.720219,21.187115,88661000
2002-11-01,35.284393,38.352600,31.536297,34.412743,20.411598,47959300
2002-12-01,34.343010,36.957958,32.739174,34.064083,20.376131,49315100
2003-01-01,34.412743,37.602982,28.903913,29.688398,17.758726,83211700
2003-02-01,29.758131,30.228823,22.662901,23.551983,14.088104,83517500
2003-03-01,23.726313,27.701036,21.285692,25.347582,15.432828,86802500
2003-04-01,24.667694,30.995874,23.551983,30.664646,18.670115,70606600
2003-05-01,29.025946,34.098949,28.938780,33.785152,20.570024,78085900
2003-06-01,33.889751,36.173473,32.024422,34.778835,21.374535,56667600
2003-07-01,33.907185,34.343010,29.636101,30.594915,18.803165,51675500
2003-08-01,30.716946,30.716946,29.200275,29.775564,18.299604,44704300
2003-09-01,29.740698,32.599709,29.723265,31.048174,19.255108,49118300
2003-10-01,30.856409,33.157566,30.124224,31.640896,19.622684,76959600
2003-11-01,31.728060,31.867523,29.775564,31.449133,19.503761,43434600
2003-12-01,31.449133,36.417538,30.769245,35.650486,22.308237,54538800
2004-01-01,35.911980,38.614094,34.621937,37.881908,23.704556,65234500
2004-02-01,37.829609,39.206818,36.975391,38.282867,23.955441,40840900
2004-03-01,38.439766,39.572910,37.219456,39.398579,24.829954,35596500
2004-04-01,39.398579,39.921570,35.946846,36.713898,23.138008,58790000
2004-05-01,36.626732,36.713898,32.861206,34.761402,21.907497,41948800
2004-06-01,34.761402,36.156040,33.366760,35.371555,22.473356,31034000
2004-07-01,35.284393,37.690147,34.587070,37.480949,23.813568,28959200
2004-08-01,37.480949,39.171951,37.219456,38.596661,24.522444,35449600
2004-09-01,38.614094,40.095901,38.108540,39.904137,25.533110,37184300
2004-10-01,39.921570,43.164108,39.834404,42.763149,27.362490,34574400
2004-11-01,42.763149,45.604729,42.379623,44.070625,28.199087,38580400
2004-12-01,44.157787,45.465263,42.100697,44.157787,28.430948,32898800
2005-01-01,44.314686,46.842472,42.484222,46.703007,30.069689,31531300
2005-02-01,46.877338,48.341709,44.663345,47.051666,30.294168,44363300
2005-03-01,47.121399,49.161060,46.825039,48.829834,31.622568,44630900
2005-04-01,49.178493,50.921795,48.446308,50.886929,32.954769,41262800
2005-05-01,50.991524,51.462215,47.661823,47.905884,31.024218,65055400
2005-06-01,47.905884,52.264133,47.888451,51.828308,33.754433,39072500
2005-07-01,51.950340,53.257816,50.555698,51.497082,33.538719,33397300
2005-08-01,51.462215,52.211834,48.533470,50.538265,32.914265,40372200
2005-09-01,50.555698,51.357616,48.951862,50.852062,33.326565,43460900
2005-10-01,50.869495,51.165855,43.687099,46.162582,30.253263,61954100
2005-11-01,46.110287,47.993050,44.593613,46.825039,30.687405,38343100
2005-12-01,47.173698,48.603203,45.482697,47.853584,31.575785,40312200
2006-01-01,48.202244,50.381371,47.731552,49.422554,32.611065,38758600
2006-02-01,50.172173,50.294205,47.940750,49.509720,32.668571,31730200
2006-03-01,49.596886,51.898041,47.940750,50.817196,33.743336,51880300
2006-04-01,50.817196,51.793442,49.265659,50.764896,33.708607,46949400
2006-05-01,50.904362,51.148422,46.964500,49.195927,32.666775,49523800
2006-06-01,49.248226,52.037506,48.690369,51.200722,34.208469,50266500
2006-07-01,51.078690,53.606476,50.276772,52.856857,35.314987,35135000
2006-08-01,52.647659,54.007435,50.974091,52.299000,34.942265,42894400
2006-09-01,52.560493,53.728504,51.218155,52.647659,35.389553,44774300
2006-10-01,51.985207,55.994797,51.985207,55.158012,37.076988,53525300
2006-11-01,55.192879,55.733299,53.083485,55.297478,37.170738,48961700
2006-12-01,55.349773,60.143848,54.809353,57.894993,39.142651,47981700
2007-01-01,60.000000,60.000000,55.200001,59.070000,39.937061,65611200
2007-02-01,59.250000,61.290001,58.290001,59.040001,39.916790,52104000
2007-03-01,58.919998,61.860001,57.180000,60.869999,41.295807,54595700
2007-04-01,61.590000,63.900002,60.150002,61.560001,41.763935,38167200
2007-05-01,62.849998,62.910000,57.150002,58.619999,39.769352,45470000
2007-06-01,58.830002,58.950001,54.180000,54.900002,37.372231,64523800
2007-07-01,55.169998,55.830002,51.000000,51.090000,34.778645,70540000
2007-08-01,51.299999,59.700001,50.730000,55.020000,37.453911,81844300
2007-09-01,55.110001,57.509998,54.389999,56.070000,38.320168,42750200
2007-10-01,56.340000,58.619999,54.750000,57.509998,39.304333,45150000
2007-11-01,57.270000,60.270000,55.830002,59.369999,40.575504,51886400
2007-12-01,59.369999,62.340000,59.099998,60.509998,41.509785,39259700
2008-01-01,60.389999,61.799999,53.639999,55.950001,38.381626,60558300
2008-02-01,55.889999,58.259998,52.410000,52.619999,36.097244,58563500
2008-03-01,52.650002,55.290001,51.000000,53.549999,36.879848,60718400
2008-04-01,53.939999,55.799999,53.580002,54.930000,37.830257,50608300
2008-05-01,55.110001,57.599998,53.220001,55.439999,38.181492,42878500
2008-06-01,55.349998,55.410000,51.060001,52.139999,36.048725,58389500
2008-07-01,51.570000,53.279999,50.310001,52.740002,36.463562,59276700
2008-08-01,52.500000,56.160000,51.450001,52.320000,36.173172,48717000
2008-09-01,52.560001,57.299999,51.090000,52.290001,36.308380,78532200
2008-10-01,52.290001,53.970001,40.500000,49.139999,34.121132,119103200
2008-11-01,48.900002,51.599998,42.509998,46.680000,32.412983,89432000
2008-12-01,45.630001,46.080002,42.389999,45.029999,31.419355,63647600
2009-01-01,45.150002,47.880001,43.500000,45.450001,31.712414,54927200
2009-02-01,45.000000,47.580002,40.110001,40.410000,28.195797,65163300
2009-03-01,39.750000,44.099998,35.160000,42.959999,30.126886,75325900
2009-04-01,42.570000,43.410000,40.799999,41.430000,29.053934,60049200
2009-05-01,41.490002,43.500000,39.930000,42.450001,29.769243,62731200
2009-06-01,42.599998,44.490002,41.730000,43.770000,30.863464,64607200
2009-07-01,43.709999,46.889999,42.299999,46.439999,32.746159,53459800
2009-08-01,46.709999,47.220001,45.389999,46.470001,32.767303,55310000
2009-09-01,46.320000,48.060001,45.119999,47.220001,33.467781,55934700
2009-10-01,47.189999,48.930000,45.990002,47.459999,33.637878,62538400
2009-11-01,47.610001,50.490002,47.040001,50.040001,35.466488,55320400
2009-12-01,50.099998,53.820000,50.099998,51.630001,36.773804,51270000
2010-01-01,51.630001,51.869999,49.439999,49.590000,35.320786,55483700
2010-02-01,49.680000,50.580002,48.060001,49.049999,34.936169,53458500
2010-03-01,49.230000,50.279999,48.689999,48.959999,35.041340,46915500
2010-04-01,49.139999,50.700001,47.820000,50.340000,36.029045,72257200
2010-05-01,50.549999,51.419998,46.410000,47.880001,34.268379,78632900
2010-06-01,47.549999,50.250000,46.709999,48.000000,34.517281,56340500
2010-07-01,48.209999,52.290001,47.610001,51.299999,36.890350,59431100
2010-08-01,51.720001,53.400002,50.279999,51.540001,37.062935,65921000
2010-09-01,51.990002,54.240002,51.599998,53.130001,38.383503,47275500
2010-10-01,53.549999,54.959999,52.529999,54.630001,39.467186,56784600
2010-11-01,54.869999,55.799999,52.049999,52.650002,38.036736,42598400
2010-12-01,53.099998,53.700001,51.570000,53.430000,38.772064,40548300
2011-01-01,53.759998,54.779999,52.080002,53.639999,38.924442,66863500
2011-02-01,53.939999,54.810001,52.770000,53.970001,39.163910,72341500
2011-03-01,53.849998,55.439999,52.290001,54.450001,39.691025,72629500
2011-04-01,54.570000,56.160000,53.849998,55.950001,40.784424,48866700
2011-05-01,56.070000,58.500000,55.500000,56.250000,41.003113,60981600
2011-06-01,56.250000,56.759998,54.840000,56.490002,41.351421,54642500
2011-07-01,56.400002,57.689999,55.290001,55.799999,40.846325,66194500
2011-08-01,56.490002,56.880001,50.610001,56.730000,41.527111,122987800
2011-09-01,56.790001,60.630001,54.990002,59.970001,44.104626,93764000
2011-10-01,60.270000,62.189999,57.509998,61.259998,45.053341,88077600
2011-11-01,60.540001,63.060001,58.740002,62.549999,46.002064,117491900
2011-12-01,62.279999,66.360001,61.349998,66.000000,48.735729,73608400
2012-01-01,66.330002,66.330002,62.610001,63.930000,47.207207,66801400
2012-02-01,64.080002,64.830002,62.400002,62.759998,46.343246,95219100
2012-03-01,62.730000,64.440002,62.009998,63.029999,46.723728,63539900
2012-04-01,63.000000,64.500000,60.570000,64.290001,47.657764,93107200
2012-05-01,64.230003,66.269997,63.840000,65.940002,48.880894,112170800
2012-06-01,65.610001,70.199997,65.550003,69.180000,51.480564,113998900
2012-07-01,70.349998,71.129997,64.519997,67.779999,50.438744,129111100
2012-08-01,67.970001,69.169998,64.580002,64.779999,48.206287,99305900
2012-09-01,64.699997,65.209999,63.029999,64.790001,48.760677,70391600
2012-10-01,65.010002,65.900002,63.880001,65.690002,49.438007,55104400
2012-11-01,65.639999,65.860001,59.630001,63.820000,48.030651,98516900
2012-12-01,64.089996,65.660004,62.599998,63.799999,48.615349,68570400
2013-01-01,64.559998,68.919998,64.440002,68.739998,52.379620,55455100
2013-02-01,68.970001,70.300003,67.779999,69.250000,52.768230,70846100
2013-03-01,68.410004,72.680000,68.050003,72.589996,55.928925,47203900
2013-04-01,72.559998,75.419998,71.250000,75.199997,57.939854,52934000
2013-05-01,75.000000,75.459999,66.169998,66.930000,51.568024,86749700
2013-06-01,66.959999,68.959999,64.620003,67.500000,52.565083,65130300
2013-07-01,67.900002,71.910004,66.500000,71.000000,55.290676,52162000
2013-08-01,71.330002,72.010002,65.330002,65.599998,51.085472,74398200
2013-09-01,65.889999,68.639999,64.160004,66.779999,52.583538,56848600
2013-10-01,67.449997,73.059998,66.050003,71.730003,56.481236,58630600
2013-11-01,71.959999,73.529999,69.739998,69.959999,55.087513,75366600
2013-12-01,70.129997,70.540001,67.919998,69.010002,54.936943,54472000
2014-01-01,69.199997,70.680000,67.050003,70.620003,56.218616,70414700
2014-02-01,70.680000,72.669998,69.180000,70.879997,56.425598,60207800
2014-03-01,70.589996,71.360001,68.099998,71.220001,57.323360,70161000
2014-04-01,71.389999,75.129997,70.110001,74.489998,59.955315,60337900
2014-05-01,74.599998,74.779999,69.730003,71.080002,57.210686,56014300
2014-06-01,70.949997,74.389999,68.809998,74.190002,60.370422,58531500
2014-07-01,74.199997,74.480003,70.809998,72.129997,58.694141,55979700
2014-08-01,72.239998,74.000000,69.480003,73.989998,60.207664,59977600
2014-09-01,74.019997,75.209999,72.949997,74.769997,61.527641,66332200
2014-10-01,75.050003,82.680000,74.330002,82.150002,67.600578,84098400
2014-11-01,82.230003,83.900002,78.510002,80.900002,66.571968,68856000
2014-12-01,80.389999,87.290001,80.160004,83.540001,69.411995,74847400
2015-01-01,83.540001,89.970001,82.610001,87.139999,72.403175,59369100
2015-02-01,87.000000,87.290001,77.790001,78.550003,65.265892,76104200
2015-03-01,78.480003,78.480003,73.629997,76.779999,64.403465,89010000
2015-04-01,76.940002,79.879997,76.160004,77.570000,65.066101,62380100
2015-05-01,77.709999,78.849998,74.040001,75.730003,63.522701,67592700
2015-06-01,76.260002,76.360001,70.410004,70.620003,59.860115,91617300
2015-07-01,70.800003,75.709999,70.239998,74.220001,62.911606,69538200
2015-08-01,74.300003,77.529999,70.150002,70.910004,60.105938,82702900
2015-09-01,70.260002,72.019997,67.269997,71.940002,61.654583,67281100
2015-10-01,71.989998,75.290001,70.000000,71.470001,61.251781,65273500
2015-11-01,71.400002,72.550003,65.650002,67.760002,58.072212,71817500
2015-12-01,68.050003,72.750000,65.500000,71.389999,62.702820,73346900
2016-01-01,70.930000,75.410004,70.160004,75.300003,66.137024,59404700
2016-02-01,75.180000,80.099998,73.790001,74.279999,65.241142,90712800
2016-03-01,74.660004,80.709999,72.480003,80.680000,71.610840,87054800
2016-04-01,80.480003,81.389999,76.209999,78.779999,69.924431,55343800
2016-05-01,78.830002,81.279999,75.720001,78.230003,69.436256,63982200
2016-06-01,78.250000,85.790001,77.959999,85.790001,76.944824,71027900
2016-07-01,85.910004,87.309998,84.150002,85.589996,76.765434,60138800
2016-08-01,85.400002,86.000000,79.150002,79.660004,71.446838,69807700
2016-09-01,79.660004,87.750000,77.900002,80.040001,72.519447,59921600
2016-10-01,79.779999,80.489998,75.809998,80.019997,72.501328,62723000
2016-11-01,80.040001,80.050003,73.230003,73.769997,66.838570,80586700
2016-12-01,73.500000,78.239998,72.339996,77.620003,71.127762,68427800
2017-01-01,77.650002,78.559998,76.139999,78.540001,71.970802,56674700
2017-02-01,78.139999,82.820000,76.279999,82.550003,75.645401,61108200
2017-03-01,81.599998,83.589996,80.019997,82.010002,75.983040,76182100
2017-04-01,81.900002,83.349998,81.269997,82.500000,76.437019,43650400
2017-05-01,82.510002,86.010002,81.849998,85.680000,79.383324,55606900
2017-06-01,85.480003,87.489998,83.589996,83.589996,78.251839,59173100
2017-07-01,83.779999,85.330002,82.720001,85.120003,79.684135,43839600
2017-08-01,85.150002,87.949997,84.650002,87.300003,81.724922,48437700
2017-09-01,87.480003,88.400002,83.400002,83.919998,79.373779,48247900
2017-10-01,84.070000,88.639999,83.519997,88.309998,83.525963,49411000
2017-11-01,88.559998,91.800003,87.559998,89.180000,84.348831,55766100
2017-12-01,89.389999,89.720001,83.559998,84.110001,80.342903,53164800
2018-01-01,84.279999,84.419998,76.639999,78.500000,74.984161,79825000
2018-02-01,78.320000,79.629997,72.930000,75.339996,71.965691,86888100
2018-03-01,75.349998,77.910004,74.580002,77.470001,74.883263,93731900
2018-04-01,77.550003,80.849998,75.959999,80.160004,77.483444,63529600
2018-05-01,80.160004,80.410004,73.129997,77.160004,74.583611,79094300
2018-06-01,77.120003,80.150002,71.959999,79.080002,77.344887,83652700
2018-07-01,79.209999,81.750000,77.900002,81.620003,79.829163,67246200
2018-08-01,81.139999,82.720001,79.510002,81.239998,79.457497,66662500
2018-09-01,81.379997,83.769997,78.000000,80.019997,79.161186,87873800
