1.022586599999999990e+01 1.031108150000000023e+01 1.046257600000000032e+01 1.000000000000000000e+00
1.136207800000000034e+01 1.079397200000000012e+01 1.066141366666666634e+01 1.000000000000000000e+00
1.266871399999999959e+01 1.201539599999999908e+01 1.141888600000000054e+01 0.000000000000000000e+00
1.244147300000000023e+01 1.255509349999999991e+01 1.215742166666666613e+01 0.000000000000000000e+00
1.050991800000000076e+01 1.147569550000000049e+01 1.187336833333333352e+01 0.000000000000000000e+00
1.028267800000000065e+01 1.039629800000000159e+01 1.107802300000000173e+01 0.000000000000000000e+00
9.458928999999999476e+00 9.870803500000000952e+00 1.008384166666666637e+01 0.000000000000000000e+00
8.919226000000000099e+00 9.189077499999999787e+00 9.553611000000001852e+00 0.000000000000000000e+00
8.237505000000000521e+00 8.578365500000000310e+00 8.871886666666666699e+00 0.000000000000000000e+00
7.498965000000000103e+00 7.868235000000000312e+00 8.218565333333332390e+00 0.000000000000000000e+00
6.788839000000000290e+00 7.143902000000000641e+00 7.508436333333333046e+00 1.000000000000000000e+00
7.697805999999999926e+00 7.243322499999999664e+00 7.328536666666667365e+00 1.000000000000000000e+00
9.714577000000000240e+00 8.706191499999999195e+00 8.067073999999999856e+00 0.000000000000000000e+00
9.373715000000000686e+00 9.544146000000001351e+00 8.928699333333332433e+00 0.000000000000000000e+00
8.237505000000000521e+00 8.805610000000001492e+00 9.108598999999999890e+00 0.000000000000000000e+00
8.010260000000000602e+00 8.123882500000000562e+00 8.540493333333335713e+00 1.000000000000000000e+00
9.118064999999999642e+00 8.564162500000000122e+00 8.455276666666668106e+00 0.000000000000000000e+00
8.748796999999999713e+00 8.933430999999998789e+00 8.625707333333332727e+00 1.000000000000000000e+00
9.487332999999999572e+00 9.118064999999999642e+00 9.118064999999999642e+00 0.000000000000000000e+00
9.004440999999999917e+00 9.245886999999999745e+00 9.080190333333332475e+00 0.000000000000000000e+00
7.953451000000000271e+00 8.478946000000000538e+00 8.815075000000000216e+00 1.000000000000000000e+00
8.748796999999999713e+00 8.351124000000000436e+00 8.568896333333333004e+00 0.000000000000000000e+00
7.925055000000000405e+00 8.336926000000000059e+00 8.209101000000000425e+00 1.000000000000000000e+00
8.805604999999999905e+00 8.365330000000000155e+00 8.493152333333332749e+00 1.000000000000000000e+00
9.941815999999999320e+00 9.373710499999999612e+00 8.890825333333333802e+00 1.000000000000000000e+00
1.164612600000000064e+01 1.079397099999999909e+01 1.013118233333333329e+01 0.000000000000000000e+00
1.065194800000000086e+01 1.114903699999999986e+01 1.074663000000000146e+01 0.000000000000000000e+00
9.885006000000000626e+00 1.026847700000000074e+01 1.072769333333333464e+01 0.000000000000000000e+00
9.260094000000000491e+00 9.572549999999999670e+00 9.932349333333334584e+00 1.000000000000000000e+00
1.025427200000000028e+01 9.757183000000001272e+00 9.799790666666666539e+00 0.000000000000000000e+00
9.714577000000000240e+00 9.984424499999999369e+00 9.742981000000000336e+00 0.000000000000000000e+00
8.720394999999999897e+00 9.217486000000000956e+00 9.563081333333332879e+00 0.000000000000000000e+00
8.209096000000000615e+00 8.464745499999999367e+00 8.881356000000002027e+00 1.000000000000000000e+00
1.025427200000000028e+01 9.231684000000001333e+00 9.061254333333332411e+00 1.000000000000000000e+00
1.110642700000000005e+01 1.068034950000000016e+01 9.856598333333334239e+00 1.000000000000000000e+00
1.238466200000000050e+01 1.174554450000000116e+01 1.124845366666666813e+01 1.000000000000000000e+00
1.286754900000000035e+01 1.262610550000000131e+01 1.211954599999999971e+01 0.000000000000000000e+00
1.281073400000000007e+01 1.283914150000000021e+01 1.268764833333333364e+01 0.000000000000000000e+00
1.281073400000000007e+01 1.281073400000000007e+01 1.282967233333333468e+01 0.000000000000000000e+00
1.099280700000000088e+01 1.190177050000000136e+01 1.220475833333333249e+01 1.000000000000000000e+00
1.113483199999999940e+01 1.106381950000000103e+01 1.164612433333333286e+01 0.000000000000000000e+00
1.059513800000000039e+01 1.086498500000000078e+01 1.090759233333333356e+01 1.000000000000000000e+00
1.198698899999999945e+01 1.129106349999999992e+01 1.123898633333333485e+01 1.000000000000000000e+00
1.357767899999999983e+01 1.278233399999999875e+01 1.205326866666666774e+01 1.000000000000000000e+00
1.406056799999999996e+01 1.381912349999999989e+01 1.320841200000000093e+01 1.000000000000000000e+00
1.533879600000000032e+01 1.469968199999999925e+01 1.432568100000000122e+01 1.000000000000000000e+00
1.624776999999999916e+01 1.579328299999999885e+01 1.521571133333333137e+01 0.000000000000000000e+00
1.610574000000000083e+01 1.617675500000000000e+01 1.589743533333333403e+01 1.000000000000000000e+00
1.727035100000000156e+01 1.668804550000000120e+01 1.654128700000000052e+01 0.000000000000000000e+00
1.701470799999999883e+01 1.714252950000000197e+01 1.679693299999999923e+01 0.000000000000000000e+00
1.519677399999999956e+01 1.610574099999999831e+01 1.649394433333333509e+01 1.000000000000000000e+00
1.732715999999999923e+01 1.626196699999999851e+01 1.651288066666666410e+01 0.000000000000000000e+00
1.738397600000000054e+01 1.735556799999999811e+01 1.663597000000000037e+01 0.000000000000000000e+00
1.698630299999999949e+01 1.718513949999999824e+01 1.723247966666666642e+01 0.000000000000000000e+00
1.511155399999999993e+01 1.604892849999999882e+01 1.649394433333333154e+01 1.000000000000000000e+00
1.610574000000000083e+01 1.560864700000000127e+01 1.606786566666666616e+01 0.000000000000000000e+00
1.406056799999999996e+01 1.508315400000000039e+01 1.509262066666666691e+01 0.000000000000000000e+00
1.380492300000000050e+01 1.393274549999999934e+01 1.465707700000000102e+01 0.000000000000000000e+00
1.292436200000000035e+01 1.336464250000000042e+01 1.359661766666666693e+01 1.000000000000000000e+00
1.369129900000000077e+01 1.330783050000000145e+01 1.347352800000000173e+01 1.000000000000000000e+00
1.380492300000000050e+01 1.374811100000000152e+01 1.347352800000000173e+01 1.000000000000000000e+00
1.479909800000000075e+01 1.430201050000000151e+01 1.409844000000000186e+01 1.000000000000000000e+00
1.536720599999999948e+01 1.508315200000000011e+01 1.465707566666666573e+01 1.000000000000000000e+00
1.545242600000000088e+01 1.540981599999999929e+01 1.520624333333333311e+01 0.000000000000000000e+00
1.360608299999999993e+01 1.452925450000000041e+01 1.480857166666666558e+01 1.000000000000000000e+00
1.380492300000000050e+01 1.370550300000000021e+01 1.428781066666666710e+01 1.000000000000000000e+00
1.533879600000000032e+01 1.457185950000000041e+01 1.424993400000000143e+01 1.000000000000000000e+00
1.630457699999999832e+01 1.582168649999999843e+01 1.514943199999999912e+01 1.000000000000000000e+00
1.886104600000000175e+01 1.758281149999999826e+01 1.683480633333333287e+01 0.000000000000000000e+00
1.866220699999999866e+01 1.876162649999999843e+01 1.794260999999999839e+01 0.000000000000000000e+00
1.692949499999999929e+01 1.779585099999999898e+01 1.815091599999999872e+01 0.000000000000000000e+00
1.678746399999999994e+01 1.685847950000000139e+01 1.745972199999999930e+01 1.000000000000000000e+00
1.729876300000000100e+01 1.704311350000000047e+01 1.700524066666666911e+01 0.000000000000000000e+00
1.681587000000000032e+01 1.705731649999999888e+01 1.696736566666666590e+01 0.000000000000000000e+00
1.587849899999999970e+01 1.634718450000000090e+01 1.666437733333333071e+01 1.000000000000000000e+00
1.834974300000000014e+01 1.711412100000000081e+01 1.701470399999999827e+01 0.000000000000000000e+00
1.741238200000000091e+01 1.788106249999999875e+01 1.721354133333333536e+01 1.000000000000000000e+00
1.863379700000000128e+01 1.802308950000000110e+01 1.813197399999999959e+01 0.000000000000000000e+00
1.766802600000000112e+01 1.815091149999999942e+01 1.790473500000000229e+01 0.000000000000000000e+00
1.701470799999999883e+01 1.734136699999999820e+01 1.777217699999999923e+01 1.000000000000000000e+00
1.800888300000000086e+01 1.751179549999999807e+01 1.756387233333333242e+01 1.000000000000000000e+00
1.829294200000000004e+01 1.815091250000000045e+01 1.777217766666666421e+01 1.000000000000000000e+00
2.011087399999999903e+01 1.920190799999999953e+01 1.880423299999999998e+01 1.000000000000000000e+00
2.022450100000000006e+01 2.016768749999999955e+01 1.954277233333333186e+01 1.000000000000000000e+00
2.329225200000000129e+01 2.175837650000000068e+01 2.120920900000000131e+01 0.000000000000000000e+00
2.340586899999999915e+01 2.334906050000000022e+01 2.230754066666666802e+01 1.000000000000000000e+00
2.368992400000000131e+01 2.354789650000000023e+01 2.346268166666666843e+01 1.000000000000000000e+00
2.454208200000000062e+01 2.411600299999999919e+01 2.387929166666667058e+01 0.000000000000000000e+00
2.380355099999999879e+01 2.417281649999999971e+01 2.401185233333333358e+01 1.000000000000000000e+00
2.630319799999999830e+01 2.505337449999999677e+01 2.488294366666666591e+01 1.000000000000000000e+00
2.934256600000000148e+01 2.782288199999999989e+01 2.648310499999999834e+01 1.000000000000000000e+00
3.019471199999999911e+01 2.976863900000000029e+01 2.861349199999999726e+01 1.000000000000000000e+00
3.635864300000000071e+01 3.327667749999999813e+01 3.196530699999999925e+01 0.000000000000000000e+00
3.033674200000000098e+01 3.334769250000000085e+01 3.229669899999999672e+01 0.000000000000000000e+00
3.047876000000000118e+01 3.040775100000000108e+01 3.239138166666666763e+01 0.000000000000000000e+00
2.775186199999999914e+01 2.911531099999999839e+01 2.952245466666666474e+01 1.000000000000000000e+00
2.956980499999999878e+01 2.866083349999999896e+01 2.926680899999999852e+01 0.000000000000000000e+00
2.894488300000000081e+01 2.925734399999999980e+01 2.875551666666666506e+01 1.000000000000000000e+00
3.232509999999999906e+01 3.063499149999999815e+01 3.027992933333333170e+01 0.000000000000000000e+00
3.090485200000000177e+01 3.161497599999999863e+01 3.072494500000000173e+01 0.000000000000000000e+00
2.914371699999999876e+01 3.002428450000000026e+01 3.079122299999999868e+01 0.000000000000000000e+00
2.851880799999999994e+01 2.883126250000000113e+01 2.952245899999999779e+01 0.000000000000000000e+00
2.758143600000000006e+01 2.805012200000000178e+01 2.841465366666666625e+01 0.000000000000000000e+00
2.275255999999999901e+01 2.516699799999999954e+01 2.628426800000000085e+01 0.000000000000000000e+00
2.036652199999999979e+01 2.155954099999999940e+01 2.356683933333333414e+01 1.000000000000000000e+00
2.388875399999999871e+01 2.212763799999999748e+01 2.233594533333333132e+01 1.000000000000000000e+00
2.948458099999999860e+01 2.668666749999999865e+01 2.457995233333333474e+01 1.000000000000000000e+00
4.053419099999999986e+01 3.500938599999999923e+01 3.130250866666666454e+01 0.000000000000000000e+00
3.701195899999999739e+01 3.877307499999999862e+01 3.567691033333333195e+01 1.000000000000000000e+00
4.328951599999999900e+01 4.015073749999999819e+01 4.027855533333333682e+01 0.000000000000000000e+00
4.226689900000000222e+01 4.277820750000000061e+01 4.085612466666666620e+01 1.000000000000000000e+00
5.124293500000000279e+01 4.675491700000000606e+01 4.559978333333333467e+01 0.000000000000000000e+00
4.982269699999999801e+01 5.053281599999999685e+01 4.777751033333333908e+01 0.000000000000000000e+00
4.931141999999999825e+01 4.956705850000000169e+01 5.012568399999999968e+01 0.000000000000000000e+00
4.067622399999999772e+01 4.499382199999999443e+01 4.660344699999999563e+01 0.000000000000000000e+00
3.857424900000000179e+01 3.962523649999999975e+01 4.285396433333333022e+01 0.000000000000000000e+00
3.533605200000000224e+01 3.695515050000000201e+01 3.819550833333332918e+01 1.000000000000000000e+00
3.914234499999999883e+01 3.723919850000000054e+01 3.768421533333333429e+01 0.000000000000000000e+00
3.834701199999999943e+01 3.874467849999999913e+01 3.760846966666667157e+01 0.000000000000000000e+00
3.721078899999999834e+01 3.777890049999999889e+01 3.823338199999999887e+01 0.000000000000000000e+00
3.596097199999999816e+01 3.658588050000000180e+01 3.717292433333333435e+01 0.000000000000000000e+00
3.175699799999999939e+01 3.385898499999999700e+01 3.497625299999999982e+01 1.000000000000000000e+00
3.527923200000000037e+01 3.351811500000000166e+01 3.433240066666666479e+01 0.000000000000000000e+00
3.425665999999999656e+01 3.476794599999999491e+01 3.376429666666666662e+01 0.000000000000000000e+00
3.226829899999999895e+01 3.326247949999999776e+01 3.393473033333332722e+01 1.000000000000000000e+00
3.454070300000000060e+01 3.340450099999999622e+01 3.368855400000000344e+01 1.000000000000000000e+00
3.601776499999999714e+01 3.527923400000000242e+01 3.427558899999999653e+01 1.000000000000000000e+00
3.667676199999999653e+01 3.634726349999999684e+01 3.574507666666666950e+01 1.000000000000000000e+00
4.030355800000000244e+01 3.849016000000000304e+01 3.766602833333333678e+01 1.000000000000000000e+00
4.259415400000000318e+01 4.144885600000000636e+01 3.985815800000000309e+01 1.000000000000000000e+00
4.355765499999999690e+01 4.307590450000000004e+01 4.215178900000000084e+01 0.000000000000000000e+00
3.632228500000000082e+01 3.993997000000000241e+01 4.082469800000000504e+01 1.000000000000000000e+00
4.124887100000000117e+01 3.878557800000000100e+01 4.037627033333333770e+01 0.000000000000000000e+00
3.720396399999999915e+01 3.922641749999999661e+01 3.825837333333333135e+01 1.000000000000000000e+00
3.788568899999999928e+01 3.754482649999999921e+01 3.877950799999999987e+01 1.000000000000000000e+00
3.824020000000000152e+01 3.806294450000000040e+01 3.777661766666666665e+01 0.000000000000000000e+00
3.635864300000000071e+01 3.729942150000000112e+01 3.749484400000000051e+01 1.000000000000000000e+00
3.654045099999999735e+01 3.644954699999999548e+01 3.704643133333333793e+01 1.000000000000000000e+00
3.760391200000000111e+01 3.707218149999999923e+01 3.683433533333333543e+01 1.000000000000000000e+00
3.826747100000000046e+01 3.793569150000000434e+01 3.747061133333333061e+01 0.000000000000000000e+00
3.340451399999999893e+01 3.583599250000000325e+01 3.642529900000000254e+01 1.000000000000000000e+00
3.734031699999999887e+01 3.537241550000000245e+01 3.633743400000000179e+01 1.000000000000000000e+00
4.168518399999999957e+01 3.951275049999999567e+01 3.747667166666666816e+01 1.000000000000000000e+00
4.715717300000000023e+01 4.442117849999999635e+01 4.206089133333333052e+01 1.000000000000000000e+00
4.867513300000000243e+01 4.791615300000000133e+01 4.583916333333333881e+01 1.000000000000000000e+00
5.259275800000000345e+01 5.063394550000000294e+01 4.947502133333333774e+01 0.000000000000000000e+00
5.281090499999999821e+01 5.270183149999999728e+01 5.135959866666667040e+01 0.000000000000000000e+00
4.696627399999999852e+01 4.988858949999999481e+01 5.078997899999999532e+01 1.000000000000000000e+00
4.903870400000000274e+01 4.800248899999999708e+01 4.960529433333332605e+01 0.000000000000000000e+00
4.853879500000000036e+01 4.878874950000000155e+01 4.818125766666666010e+01 0.000000000000000000e+00
4.635325999999999880e+01 4.744602749999999958e+01 4.797691966666666730e+01 0.000000000000000000e+00
4.307807499999999834e+01 4.471566749999999502e+01 4.599004333333332539e+01 1.000000000000000000e+00
4.555267299999999864e+01 4.431537399999999849e+01 4.499466933333332719e+01 1.000000000000000000e+00
4.844217700000000093e+01 4.699742499999999978e+01 4.569097500000000167e+01 0.000000000000000000e+00
4.787750599999999679e+01 4.815984149999999886e+01 4.729078533333333212e+01 1.000000000000000000e+00
4.938023400000000152e+01 4.862886999999999915e+01 4.856663900000000211e+01 0.000000000000000000e+00
4.795028299999999888e+01 4.866525850000000020e+01 4.840267433333333003e+01 0.000000000000000000e+00
4.685636900000000082e+01 4.740332599999999985e+01 4.806229533333333848e+01 1.000000000000000000e+00
5.020196200000000175e+01 4.852916550000000484e+01 4.833620466666666715e+01 1.000000000000000000e+00
5.463988899999999660e+01 5.242092549999999562e+01 5.056607333333332832e+01 1.000000000000000000e+00
5.838106899999999655e+01 5.651047899999999657e+01 5.440763999999999356e+01 0.000000000000000000e+00
5.660172299999999979e+01 5.749139599999999461e+01 5.654089366666666905e+01 1.000000000000000000e+00
5.880201000000000278e+01 5.770186650000000128e+01 5.792826733333333067e+01 1.000000000000000000e+00
6.127682899999999933e+01 6.003941950000000105e+01 5.889352066666666730e+01 0.000000000000000000e+00
5.883854699999999838e+01 6.005768799999999885e+01 5.963912866666666446e+01 1.000000000000000000e+00
6.923722100000000523e+01 6.403788400000000536e+01 6.311753233333333668e+01 0.000000000000000000e+00
6.644062800000000379e+01 6.783892450000000451e+01 6.483879866666667624e+01 0.000000000000000000e+00
6.168838099999999969e+01 6.406450449999999819e+01 6.578874333333332913e+01 0.000000000000000000e+00
6.153875399999999729e+01 6.161356750000000204e+01 6.322258766666666219e+01 1.000000000000000000e+00
6.281929000000000229e+01 6.217902200000000335e+01 6.201547500000000213e+01 1.000000000000000000e+00
6.874633799999999439e+01 6.578281400000000190e+01 6.436812733333333370e+01 0.000000000000000000e+00
6.583090199999999470e+01 6.728861999999999455e+01 6.579884333333332336e+01 1.000000000000000000e+00
6.735975600000000441e+01 6.659532899999999245e+01 6.731233199999999783e+01 1.000000000000000000e+00
7.478410300000000177e+01 7.107192950000001019e+01 6.932492033333333836e+01 0.000000000000000000e+00
7.502744300000000521e+01 7.490577300000001060e+01 7.239043400000001327e+01 0.000000000000000000e+00
7.512824200000000019e+01 7.507784250000000270e+01 7.497992933333334520e+01 1.000000000000000000e+00
7.851856200000000285e+01 7.682340200000000152e+01 7.622474900000000275e+01 1.000000000000000000e+00
8.356358299999999417e+01 8.104107249999999851e+01 7.907012899999999433e+01 1.000000000000000000e+00
8.714939099999999428e+01 8.535648699999998712e+01 8.307717866666666851e+01 1.000000000000000000e+00
9.032243300000000374e+01 8.873591199999999901e+01 8.701180233333332126e+01 0.000000000000000000e+00
8.777999099999999544e+01 8.905121199999999249e+01 8.841727166666665028e+01 1.000000000000000000e+00
8.973475600000000441e+01 8.875737349999999992e+01 8.927906000000000120e+01 0.000000000000000000e+00
8.621987900000000593e+01 8.797731749999999806e+01 8.791154199999999719e+01 0.000000000000000000e+00
7.801459499999999991e+01 8.211723700000000292e+01 8.465640999999999394e+01 1.000000000000000000e+00
8.211965899999999863e+01 8.006712699999999927e+01 8.211804433333333009e+01 0.000000000000000000e+00
7.439630099999999402e+01 7.825798000000000343e+01 7.817685166666666419e+01 1.000000000000000000e+00
7.729354100000000471e+01 7.584492099999999937e+01 7.793650033333334193e+01 0.000000000000000000e+00
7.485773500000000524e+01 7.607563799999999787e+01 7.551585899999999185e+01 1.000000000000000000e+00
8.008783699999999328e+01 7.747278599999999926e+01 7.741303766666665354e+01 1.000000000000000000e+00
8.458327500000000043e+01 8.233555599999999686e+01 7.984294899999999018e+01 1.000000000000000000e+00
8.981856500000000665e+01 8.720091999999999643e+01 8.482989233333333345e+01 1.000000000000000000e+00
9.512744100000000458e+01 9.247300300000000561e+01 8.984309366666666108e+01 0.000000000000000000e+00
9.314273799999999426e+01 9.413508949999999231e+01 9.269624800000001130e+01 1.000000000000000000e+00
9.875063299999999344e+01 9.594668550000000096e+01 9.567360399999999743e+01 1.000000000000000000e+00
1.039994350000000054e+02 1.013750339999999994e+02 9.863093533333334051e+01 1.000000000000000000e+00
1.060919719999999984e+02 1.050457035000000019e+02 1.029473466666666610e+02 0.000000000000000000e+00
1.006919939999999940e+02 1.033919829999999962e+02 1.035944670000000087e+02 1.000000000000000000e+00
1.076861650000000026e+02 1.041890794999999912e+02 1.048233769999999936e+02 0.000000000000000000e+00
9.657064800000000560e+01 1.021284065000000112e+02 1.016496023333333341e+02 0.000000000000000000e+00
9.317668199999999956e+01 9.487366500000000258e+01 9.914449833333333117e+01 1.000000000000000000e+00
1.002320399999999978e+02 9.670436100000000579e+01 9.665979000000000099e+01 1.000000000000000000e+00
1.057309570000000036e+02 1.029814985000000007e+02 9.971322633333333840e+01 1.000000000000000000e+00
1.065525209999999987e+02 1.061417390000000012e+02 1.041718393333333239e+02 0.000000000000000000e+00
1.002662890000000004e+02 1.034094049999999925e+02 1.041832556666666534e+02 1.000000000000000000e+00
1.019879229999999950e+02 1.011271059999999977e+02 1.029355776666666742e+02 1.000000000000000000e+00
1.055260849999999948e+02 1.037570039999999949e+02 1.025934323333333396e+02 0.000000000000000000e+00
9.924423199999999667e+01 1.023851584999999886e+02 1.022527466666666669e+02 0.000000000000000000e+00
9.748395499999999458e+01 9.836409349999999563e+01 1.007514239999999859e+02 1.000000000000000000e+00
1.031976619999999940e+02 1.003408084999999943e+02 9.997528299999999035e+01 0.000000000000000000e+00
1.025966870000000029e+02 1.028971745000000055e+02 1.010927679999999924e+02 0.000000000000000000e+00
1.024778139999999951e+02 1.025372504999999990e+02 1.027573876666666592e+02 0.000000000000000000e+00
1.014969179999999938e+02 1.019873659999999944e+02 1.021904729999999972e+02 0.000000000000000000e+00
9.693474600000000407e+01 9.921583200000000602e+01 1.003031593333333262e+02 0.000000000000000000e+00
9.571701000000000192e+01 9.632587800000000300e+01 9.804955800000000465e+01 0.000000000000000000e+00
9.120626799999999434e+01 9.346163899999999103e+01 9.461934133333333818e+01 0.000000000000000000e+00
8.259229999999999450e+01 8.689928399999999442e+01 8.983852600000000166e+01 1.000000000000000000e+00
8.652243799999999396e+01 8.455736899999999423e+01 8.677366866666666567e+01 0.000000000000000000e+00
8.171050300000000277e+01 8.411647049999999126e+01 8.360841366666666374e+01 1.000000000000000000e+00
8.591982299999999384e+01 8.381516299999999831e+01 8.471758799999999212e+01 1.000000000000000000e+00
8.898690000000000566e+01 8.745336149999999975e+01 8.553907533333334356e+01 0.000000000000000000e+00
8.512554900000000657e+01 8.705622450000001322e+01 8.667742400000001624e+01 0.000000000000000000e+00
7.313319400000000314e+01 7.912937150000000486e+01 8.241521433333333846e+01 0.000000000000000000e+00
7.326886700000000019e+01 7.320103050000000167e+01 7.717587000000000330e+01 1.000000000000000000e+00
7.696760600000000352e+01 7.511823649999999475e+01 7.445655566666665948e+01 0.000000000000000000e+00
7.345470400000000666e+01 7.521115500000000509e+01 7.456372566666665591e+01 0.000000000000000000e+00
6.083201999999999998e+01 6.714336199999999621e+01 7.041810999999999865e+01 1.000000000000000000e+00
6.574549899999999525e+01 6.328875949999999762e+01 6.667740766666666730e+01 0.000000000000000000e+00
5.969671600000000211e+01 6.272110750000000223e+01 6.209141166666666578e+01 0.000000000000000000e+00
4.748581699999999728e+01 5.359126650000000325e+01 5.764267733333333155e+01 0.000000000000000000e+00
4.027998399999999890e+01 4.388290049999999809e+01 4.915417233333332803e+01 1.000000000000000000e+00
4.147317900000000179e+01 4.087658150000000035e+01 4.307965999999999696e+01 1.000000000000000000e+00
5.232638200000000239e+01 4.689978050000000565e+01 4.469318166666666770e+01 0.000000000000000000e+00
5.183078799999999831e+01 5.207858500000000390e+01 4.854344966666667460e+01 0.000000000000000000e+00
5.200843799999999817e+01 5.191961299999999824e+01 5.205520266666667339e+01 1.000000000000000000e+00
6.356943499999999858e+01 5.778893649999999838e+01 5.580288699999999835e+01 1.000000000000000000e+00
6.438463600000000042e+01 6.397703549999999950e+01 5.998750300000000379e+01 1.000000000000000000e+00
7.048481800000000419e+01 6.743472700000000941e+01 6.614629633333333913e+01 0.000000000000000000e+00
6.822000900000000456e+01 6.935241350000001148e+01 6.769648766666666972e+01 1.000000000000000000e+00
7.925683600000000695e+01 7.373842250000001286e+01 7.265388766666667664e+01 0.000000000000000000e+00
7.831834399999999619e+01 7.878758999999999446e+01 7.526506300000001204e+01 0.000000000000000000e+00
7.362296299999999860e+01 7.597065349999999739e+01 7.706604766666666251e+01 1.000000000000000000e+00
7.964623299999999517e+01 7.663459799999999689e+01 7.719584666666666806e+01 1.000000000000000000e+00
8.776496899999999357e+01 8.370560100000000148e+01 8.034472166666665771e+01 0.000000000000000000e+00
8.468695800000000418e+01 8.622596350000000598e+01 8.403271999999999764e+01 0.000000000000000000e+00
7.855250499999999647e+01 8.161973150000000032e+01 8.366814399999999807e+01 0.000000000000000000e+00
6.596379899999999452e+01 7.225815199999999550e+01 7.640108733333333646e+01 1.000000000000000000e+00
7.778271499999999605e+01 7.187325699999999529e+01 7.409967299999999568e+01 0.000000000000000000e+00
7.354258699999999749e+01 7.566265099999999677e+01 7.242970033333332935e+01 1.000000000000000000e+00
8.056234700000000259e+01 7.705246700000000715e+01 7.729588300000000345e+01 1.000000000000000000e+00
8.277529099999999573e+01 8.166881899999999916e+01 7.896007500000000334e+01 1.000000000000000000e+00
8.598363500000000670e+01 8.437946300000000122e+01 8.310709100000001115e+01 1.000000000000000000e+00
8.789025900000000036e+01 8.693694700000000353e+01 8.554972833333333426e+01 0.000000000000000000e+00
8.534832000000000107e+01 8.661928950000000782e+01 8.640740466666666464e+01 0.000000000000000000e+00
8.506484199999999873e+01 8.520658099999999990e+01 8.610114033333333339e+01 1.000000000000000000e+00
8.840053600000000245e+01 8.673268899999999348e+01 8.627123266666666268e+01 1.000000000000000000e+00
9.052758000000000038e+01 8.946405799999999431e+01 8.799765266666666719e+01 0.000000000000000000e+00
8.860668900000000292e+01 8.956713450000000876e+01 8.917826833333333525e+01 1.000000000000000000e+00
8.975166299999999353e+01 8.917917599999999823e+01 8.962864400000000842e+01 0.000000000000000000e+00
8.233247400000000482e+01 8.604206849999999918e+01 8.689694200000000990e+01 0.000000000000000000e+00
7.459960200000000441e+01 7.846603799999999751e+01 8.222791300000000092e+01 0.000000000000000000e+00
6.413745099999999866e+01 6.936852650000000153e+01 7.368984233333333123e+01 1.000000000000000000e+00
7.767919899999999700e+01 7.090832499999999072e+01 7.213875066666666669e+01 1.000000000000000000e+00
7.886582199999999432e+01 7.827251049999999566e+01 7.356082399999998245e+01 1.000000000000000000e+00
7.927400199999999586e+01 7.906991199999998798e+01 7.860634100000000046e+01 1.000000000000000000e+00
8.698632800000000032e+01 8.313016500000000519e+01 8.170871733333332543e+01 0.000000000000000000e+00
8.556016499999999780e+01 8.627324649999999906e+01 8.394016499999999326e+01 1.000000000000000000e+00
8.743320500000000095e+01 8.649668499999999938e+01 8.665989933333332829e+01 0.000000000000000000e+00
8.401799800000000573e+01 8.572560150000001045e+01 8.567045600000000150e+01 1.000000000000000000e+00
8.487493100000000368e+01 8.444646450000000470e+01 8.544204466666667486e+01 1.000000000000000000e+00
8.722676099999999622e+01 8.605084600000000705e+01 8.537322999999999240e+01 0.000000000000000000e+00
8.611933899999999653e+01 8.667304999999998927e+01 8.607367700000001776e+01 0.000000000000000000e+00
8.357293699999999603e+01 8.484613799999999628e+01 8.563967900000000100e+01 0.000000000000000000e+00
8.070228600000000085e+01 8.213761149999999134e+01 8.346485400000000254e+01 1.000000000000000000e+00
8.787445800000000418e+01 8.428837200000000962e+01 8.404989366666666228e+01 0.000000000000000000e+00
8.552449000000000012e+01 8.669947400000000926e+01 8.470041133333334926e+01 1.000000000000000000e+00
8.775917800000000568e+01 8.664183400000000290e+01 8.705270866666667473e+01 1.000000000000000000e+00
9.706901600000000485e+01 9.241409699999999816e+01 9.011756133333334162e+01 1.000000000000000000e+00
1.008771289999999965e+02 9.897307250000000067e+01 9.523510766666667848e+01 0.000000000000000000e+00
9.395936600000000283e+01 9.741824750000000677e+01 9.730183699999999192e+01 0.000000000000000000e+00
9.006700100000000475e+01 9.201318349999999668e+01 9.496783200000000136e+01 1.000000000000000000e+00
9.229927100000000451e+01 9.118313600000000463e+01 9.210854600000000403e+01 1.000000000000000000e+00
9.444531999999999528e+01 9.337229550000000700e+01 9.227053066666667291e+01 1.000000000000000000e+00
1.017106320000000039e+02 9.807797600000000671e+01 9.615174100000001545e+01 1.000000000000000000e+00
1.030155869999999965e+02 1.023631095000000073e+02 9.972384633333332715e+01 1.000000000000000000e+00
1.094924390000000045e+02 1.062540130000000005e+02 1.047395526666666683e+02 1.000000000000000000e+00
1.258721079999999972e+02 1.176822735000000080e+02 1.127933780000000041e+02 1.000000000000000000e+00
1.332706909999999993e+02 1.295713994999999841e+02 1.228784126666666765e+02 1.000000000000000000e+00
1.381422729999999888e+02 1.357064819999999941e+02 1.324283573333333095e+02 0.000000000000000000e+00
1.282389369999999928e+02 1.331906050000000050e+02 1.332173003333333270e+02 0.000000000000000000e+00
1.282484739999999874e+02 1.282437054999999759e+02 1.315432279999999992e+02 0.000000000000000000e+00
1.275078350000000000e+02 1.278781544999999937e+02 1.279984153333333126e+02 1.000000000000000000e+00
1.312005460000000028e+02 1.293541905000000156e+02 1.289856183333333490e+02 1.000000000000000000e+00
1.388174129999999877e+02 1.350089795000000095e+02 1.325085980000000063e+02 1.000000000000000000e+00
1.457698519999999860e+02 1.422936325000000011e+02 1.385959370000000206e+02 0.000000000000000000e+00
1.416397550000000081e+02 1.437048034999999970e+02 1.420756733333333557e+02 1.000000000000000000e+00
1.426040800000000104e+02 1.421219174999999950e+02 1.433378956666666681e+02 1.000000000000000000e+00
1.556899410000000046e+02 1.491470105000000217e+02 1.466445919999999887e+02 1.000000000000000000e+00
1.616385649999999998e+02 1.586642530000000022e+02 1.533108620000000144e+02 1.000000000000000000e+00
1.720474849999999947e+02 1.668430250000000115e+02 1.631253303333333236e+02 0.000000000000000000e+00
1.676830600000000118e+02 1.698652725000000032e+02 1.671230366666666782e+02 0.000000000000000000e+00
1.634725650000000030e+02 1.655778124999999932e+02 1.677343700000000126e+02 1.000000000000000000e+00
1.710801999999999907e+02 1.672763825000000111e+02 1.674119416666666496e+02 0.000000000000000000e+00
1.599345859999999959e+02 1.655073929999999791e+02 1.648291169999999966e+02 1.000000000000000000e+00
1.641067349999999863e+02 1.620206604999999911e+02 1.650405069999999625e+02 1.000000000000000000e+00
1.676391450000000134e+02 1.658729399999999998e+02 1.638934886666666841e+02 0.000000000000000000e+00
1.649100039999999865e+02 1.662745744999999999e+02 1.655519613333333382e+02 1.000000000000000000e+00
1.661244660000000124e+02 1.655172349999999994e+02 1.662245383333333564e+02 0.000000000000000000e+00
1.459573670000000050e+02 1.560409165000000087e+02 1.589972790000000202e+02 0.000000000000000000e+00
1.395321810000000085e+02 1.427447740000000067e+02 1.505380046666666658e+02 1.000000000000000000e+00
1.514841460000000097e+02 1.455081635000000233e+02 1.456578980000000172e+02 1.000000000000000000e+00
1.539012909999999863e+02 1.526927185000000122e+02 1.483058726666666871e+02 0.000000000000000000e+00
1.446307219999999916e+02 1.492660065000000031e+02 1.500053863333333481e+02 0.000000000000000000e+00
1.292117309999999861e+02 1.369212264999999888e+02 1.425812479999999880e+02 1.000000000000000000e+00
1.331013489999999990e+02 1.311565400000000068e+02 1.356479339999999922e+02 1.000000000000000000e+00
1.582279819999999972e+02 1.456646655000000123e+02 1.401803539999999941e+02 1.000000000000000000e+00
1.608352050000000020e+02 1.595315934999999854e+02 1.507215119999999899e+02 0.000000000000000000e+00
1.606988680000000045e+02 1.607670365000000174e+02 1.599206849999999918e+02 0.000000000000000000e+00
1.478503420000000119e+02 1.542746050000000082e+02 1.564614716666666823e+02 1.000000000000000000e+00
1.581025239999999883e+02 1.529764329999999859e+02 1.555505780000000016e+02 1.000000000000000000e+00
1.610614469999999869e+02 1.595819854999999734e+02 1.556714376666666624e+02 1.000000000000000000e+00
1.705827639999999974e+02 1.658221054999999922e+02 1.632489116666666575e+02 0.000000000000000000e+00
1.706444089999999960e+02 1.706135864999999967e+02 1.674295400000000029e+02 1.000000000000000000e+00
1.876285399999999868e+02 1.791364744999999914e+02 1.762852376666666316e+02 0.000000000000000000e+00
1.822738950000000102e+02 1.849512174999999843e+02 1.801822813333333215e+02 1.000000000000000000e+00
1.855001070000000141e+02 1.838870009999999979e+02 1.851341806666666798e+02 1.000000000000000000e+00
1.892962339999999983e+02 1.873981704999999920e+02 1.856900786666666647e+02 1.000000000000000000e+00
1.914248049999999921e+02 1.903605195000000094e+02 1.887403819999999826e+02 0.000000000000000000e+00
1.864654850000000010e+02 1.889451449999999966e+02 1.890621746666666638e+02 1.000000000000000000e+00
1.905348970000000008e+02 1.885001910000000009e+02 1.894750623333333408e+02 1.000000000000000000e+00
2.136243440000000078e+02 2.020796205000000043e+02 1.968749086666666699e+02 0.000000000000000000e+00
2.049687649999999906e+02 2.092965545000000134e+02 2.030426686666666853e+02 1.000000000000000000e+00
2.112253269999999929e+02 2.080970459999999775e+02 2.099394786666666732e+02 1.000000000000000000e+00
2.222605130000000031e+02 2.167429199999999980e+02 2.128182016666666243e+02 0.000000000000000000e+00
2.230089869999999905e+02 2.226347499999999968e+02 2.188316089999999861e+02 1.000000000000000000e+00
2.285889129999999909e+02 2.257989499999999907e+02 2.246194709999999759e+02 1.000000000000000000e+00
2.464446409999999901e+02 2.375167769999999905e+02 2.326808470000000000e+02 1.000000000000000000e+00
2.597669070000000033e+02 2.531057739999999967e+02 2.449334870000000137e+02 0.000000000000000000e+00
2.438629909999999938e+02 2.518149490000000128e+02 2.500248463333333291e+02 0.000000000000000000e+00
2.376281130000000132e+02 2.407455520000000035e+02 2.470860036666666701e+02 1.000000000000000000e+00
2.451545720000000017e+02 2.413913425000000075e+02 2.422152253333333363e+02 1.000000000000000000e+00
2.470586700000000064e+02 2.461066210000000183e+02 2.432804516666666643e+02 0.000000000000000000e+00
2.251812130000000138e+02 2.361199415000000101e+02 2.391314850000000263e+02 1.000000000000000000e+00
2.444796749999999861e+02 2.348304440000000000e+02 2.389065193333333355e+02 0.000000000000000000e+00
2.425705260000000010e+02 2.435251005000000077e+02 2.374104713333333336e+02 0.000000000000000000e+00
