1989-11-01,12.468750,12.468750,11.625000,11.843750,10.765565,16325200
1989-12-01,11.750000,11.843750,10.875000,11.437500,10.396297,16781600
1990-01-01,11.625000,12.218750,10.968750,11.250000,10.225866,16249200
1990-02-01,11.250000,12.906250,11.125000,12.500000,11.362078,15643200
1990-03-01,12.437500,14.500000,12.437500,13.937500,12.668714,22444800
1990-04-01,13.625000,14.500000,13.375000,13.687500,12.441473,11916800
1990-05-01,13.937500,14.125000,11.406250,11.562500,10.509918,32574400
1990-06-01,11.562500,12.468750,11.031250,11.312500,10.282678,15768800
1990-07-01,11.281250,11.875000,10.375000,10.406250,9.458929,21840400
1990-08-01,10.406250,10.406250,8.406250,9.812500,8.919226,19466400
1990-09-01,9.750000,9.812500,8.750000,9.062500,8.237505,9172000
1990-10-01,9.062500,10.312500,8.218750,8.250000,7.498965,18687200
1990-11-01,8.281250,8.781250,7.375000,7.468750,6.788839,18103600
1990-12-01,7.687500,8.812500,7.562500,8.468750,7.697806,19235600
1991-01-01,8.437500,10.812500,8.031250,10.687500,9.714577,19535200
1991-02-01,10.687500,11.125000,9.968750,10.312500,9.373715,12709200
1991-03-01,10.250000,10.250000,8.687500,9.062500,8.237505,13372400
1991-04-01,9.031250,9.062500,7.843750,8.812500,8.010260,19315200
1991-05-01,8.812500,10.468750,8.750000,10.031250,9.118065,22851600
1991-06-01,10.031250,10.968750,9.437500,9.625000,8.748797,12079200
1991-07-01,9.875000,10.718750,9.625000,10.437500,9.487333,14225600
1991-08-01,10.375000,10.375000,9.500000,9.906250,9.004441,9141200
1991-09-01,9.968750,9.968750,8.656250,8.750000,7.953451,7758800
1991-10-01,8.750000,10.218750,8.687500,9.625000,8.748797,12630800
1991-11-01,9.656250,9.781250,8.656250,8.718750,7.925055,7531600
1991-12-01,8.687500,9.750000,8.000000,9.687500,8.805605,11926000
1992-01-01,9.625000,11.437500,9.125000,10.937500,9.941816,20515200
1992-02-01,10.812500,13.687500,10.562500,12.812500,11.646126,31495600
1992-03-01,12.781250,14.031250,11.437500,11.718750,10.651948,37819200
1992-04-01,11.625000,12.125000,10.468750,10.875000,9.885006,18562400
1992-05-01,10.812500,11.031250,9.906250,10.187500,9.260094,15434000
1992-06-01,10.218750,11.562500,9.937500,11.281250,10.254272,11728800
1992-07-01,11.250000,12.062500,10.312500,10.687500,9.714577,15029200
1992-08-01,10.656250,11.125000,9.281250,9.593750,8.720395,14463200
1992-09-01,9.625000,10.406250,8.625000,9.031250,8.209096,11711600
1992-10-01,9.062500,11.437500,8.625000,11.281250,10.254272,20779200
1992-11-01,11.218750,12.562500,11.218750,12.218750,11.106427,11333600
1992-12-01,12.218750,14.031250,12.062500,13.625000,12.384662,22190000
1993-01-01,13.687500,14.343750,13.406250,14.156250,12.867549,21221200
1993-02-01,14.156250,15.187500,13.875000,14.093750,12.810734,10482000
1993-03-01,14.031250,14.625000,13.375000,14.093750,12.810734,12898000
1993-04-01,14.062500,14.093750,12.000000,12.093750,10.992807,17172400
1993-05-01,12.062500,13.031250,11.968750,12.250000,11.134832,12638000
1993-06-01,12.281250,12.656250,11.093750,11.656250,10.595138,22530000
1993-07-01,11.687500,13.656250,11.312500,13.187500,11.986989,16120400
1993-08-01,13.218750,15.062500,13.062500,14.937500,13.577679,15268000
1993-09-01,14.937500,15.875000,13.687500,15.468750,14.060568,22270400
1993-10-01,15.312500,17.000000,15.312500,16.875000,15.338796,19448400
1993-11-01,16.875000,17.875000,16.062500,17.875000,16.247770,11796000
1993-12-01,17.875000,18.125000,16.875000,17.718750,16.105740,22228000
1994-01-01,17.718750,19.125000,17.281250,19.000000,17.270351,22011200
1994-02-01,18.906250,19.468750,18.687500,18.718750,17.014708,14656000
1994-03-01,18.593750,18.625000,16.375000,16.718750,15.196774,19622000
1994-04-01,16.437500,19.156250,15.781250,19.062500,17.327160,20825200
1994-05-01,19.062500,19.437500,17.875000,19.125000,17.383976,12114400
1994-06-01,19.062500,20.187500,18.406250,18.687500,16.986303,18138800
1994-07-01,19.000000,19.125000,16.625000,16.625000,15.111554,16080800
1994-08-01,16.562500,17.875000,15.812500,17.718750,16.105740,20758400
1994-09-01,17.718750,18.031250,14.875000,15.468750,14.060568,39301600
1994-10-01,15.531250,16.468750,14.343750,15.187500,13.804923,24370800
1994-11-01,15.125000,15.156250,14.093750,14.218750,12.924362,14845200
1994-12-01,14.218750,15.125000,13.375000,15.062500,13.691299,14618800
1995-01-01,15.062500,15.937500,14.968750,15.187500,13.804923,12727600
1995-02-01,15.187500,16.562500,15.031250,16.281250,14.799098,13299200
1995-03-01,16.187500,17.468750,15.437500,16.906250,15.367206,16361200
1995-04-01,16.906250,17.484375,16.593750,17.000000,15.452426,11030800
1995-05-01,17.031250,17.062500,14.812500,14.968750,13.606083,20132800
1995-06-01,14.937500,15.718750,14.625000,15.187500,13.804923,31322000
1995-07-01,15.250000,16.968750,15.062500,16.875000,15.338796,21319200
1995-08-01,16.937500,18.875000,16.750000,17.937500,16.304577,15916800
1995-09-01,17.812500,21.000000,17.781250,20.750000,18.861046,17808800
1995-10-01,20.812500,21.125000,19.718750,20.531250,18.662207,19098000
1995-11-01,20.468750,21.500000,18.625000,18.625000,16.929495,17028800
1995-12-01,18.812500,20.656250,17.125000,18.468750,16.787464,25913600
1996-01-01,18.343750,19.093750,16.718750,19.031250,17.298763,16000000
1996-02-01,18.968750,19.593750,17.968750,18.500000,16.815870,15137200
1996-03-01,18.593750,19.062500,17.218750,17.468750,15.878499,18956400
1996-04-01,17.562500,20.625000,17.562500,20.187500,18.349743,14050400
1996-05-01,20.125000,20.437500,19.000000,19.156250,17.412382,9596800
1996-06-01,19.156250,20.531250,18.843750,20.500000,18.633797,11835600
1996-07-01,20.437500,20.937500,18.406250,19.437500,17.668026,17651200
1996-08-01,19.500000,19.812500,18.250000,18.718750,17.014708,17403600
1996-09-01,18.531250,19.843750,18.125000,19.812500,18.008883,17348400
1996-10-01,19.812500,21.093750,19.406250,20.125000,18.292942,18998800
1996-11-01,20.125000,22.500000,19.750000,22.125000,20.110874,12481000
1996-12-01,21.937500,22.437500,20.062500,22.250000,20.224501,11898600
1997-01-01,22.187500,26.687500,21.000000,25.625000,23.292252,19393800
1997-02-01,25.687500,26.625000,24.875000,25.750000,23.405869,12413400
1997-03-01,25.750000,28.937500,25.625000,26.062500,23.689924,18704600
1997-04-01,26.062500,27.625000,24.750000,27.000000,24.542082,16314400
1997-05-01,26.750000,27.875000,25.375000,26.187500,23.803551,11436800
1997-06-01,26.437500,29.812500,26.250000,28.937500,26.303198,9759000
1997-07-01,29.125000,32.781250,28.187500,32.281250,29.342566,16321000
1997-08-01,32.218750,35.218750,31.375000,33.218750,30.194712,16577600
1997-09-01,33.250000,42.250000,33.125000,40.000000,36.358643,24084600
1997-10-01,40.125000,40.625000,30.125000,33.375000,30.336742,39998000
1997-11-01,33.625000,34.156250,30.406250,33.531250,30.478760,20393000
1997-12-01,33.875000,35.000000,27.718750,30.531250,27.751862,30316800
1998-01-01,30.500000,33.812500,30.312500,32.531250,29.569805,26962400
1998-02-01,33.625000,34.656250,31.781250,31.843750,28.944883,21844000
1998-03-01,31.531250,36.968750,31.375000,35.562500,32.325100,36150600
1998-04-01,35.593750,37.500000,33.343750,34.000000,30.904852,21966000
1998-05-01,34.250000,34.687500,30.500000,32.062500,29.143717,22483400
1998-06-01,32.093750,32.375000,29.625000,31.375000,28.518808,23272400
1998-07-01,31.468750,33.906250,30.250000,30.343750,27.581436,24402800
1998-08-01,30.281250,31.062500,24.343750,25.031250,22.752560,32973200
1998-09-01,25.031250,26.375000,22.000000,22.406250,20.366522,25410600
1998-10-01,22.500000,27.875000,21.812500,26.281250,23.888754,22940200
1998-11-01,26.406250,33.718750,25.812500,32.437500,29.484581,32282200
1998-12-01,32.312500,46.562500,32.281250,44.593750,40.534191,91335000
1999-01-01,44.500000,45.031250,37.937500,40.718750,37.011959,48628200
1999-02-01,41.062500,49.000000,39.750000,47.625000,43.289516,43244600
1999-03-01,47.531250,50.343750,44.562500,46.500000,42.266899,44629800
1999-04-01,47.750000,59.468750,47.125000,56.375000,51.242935,50139800
1999-05-01,56.468750,61.875000,52.250000,54.812500,49.822697,28661400
1999-06-01,55.187500,57.125000,48.875000,54.250000,49.311420,30205600
1999-07-01,54.500000,55.812500,43.875000,44.750000,40.676224,37841100
1999-08-01,45.500000,45.500000,38.500000,42.437500,38.574249,38555000
1999-09-01,42.500000,47.312500,34.875000,38.875000,35.336052,49461200
1999-10-01,38.875000,44.937500,37.812500,43.062500,39.142345,39551400
1999-11-01,42.750000,46.500000,40.187500,42.187500,38.347012,39664900
1999-12-01,41.937500,42.937500,38.000000,40.937500,37.210789,36501400
2000-01-01,42.375000,47.937500,38.062500,39.562500,35.960972,39647000
2000-02-01,39.062500,40.187500,33.187500,34.937500,31.756998,29576200
2000-03-01,35.375000,40.812500,30.562500,38.812500,35.279232,38644500
2000-04-01,39.000000,42.437500,36.250000,37.687500,34.256660,27019000
2000-05-01,37.437500,41.250000,33.250000,35.500000,32.268299,27367800
2000-06-01,35.500000,40.187500,33.375000,38.000000,34.540703,22756100
2000-07-01,38.750000,43.437500,37.937500,39.625000,36.017765,17279500
2000-08-01,39.875000,41.799999,38.375000,40.349998,36.676762,13801600
2000-09-01,40.349998,45.040001,38.040001,44.340000,40.303558,20829400
2000-10-01,44.400002,47.090000,38.889999,46.860001,42.594154,19755400
2000-11-01,46.299999,49.849998,43.900002,47.919998,43.557655,21465400
2000-12-01,47.700001,48.400002,36.349998,39.959999,36.322285,33820200
2001-01-01,39.450001,45.950001,38.000000,45.380001,41.248871,30907000
2001-02-01,45.400002,45.520000,40.299999,40.930000,37.203964,19242600
2001-03-01,40.470001,44.240002,39.250000,41.680000,37.885689,28019000
2001-04-01,41.549999,43.750000,35.500000,42.070000,38.240200,21856900
2001-05-01,41.820000,42.750000,38.009998,40.000000,36.358643,23730800
2001-06-01,40.000000,41.250000,35.990002,40.200001,36.540451,25136000
2001-07-01,40.000000,42.599998,39.400002,41.369999,37.603912,17941200
2001-08-01,41.200001,43.580002,39.630001,42.099998,38.267471,16596500
2001-09-01,42.000000,42.869999,33.150002,36.750000,33.404514,27025100
2001-10-01,36.700001,42.000000,35.250000,41.080002,37.340317,21369200
2001-11-01,41.000000,47.500000,40.459999,45.860001,41.685184,26431100
2001-12-01,45.860001,53.480000,45.130001,51.880001,47.157173,35658600
2002-01-01,51.700001,55.750000,48.700001,53.549999,48.675133,43292000
2002-02-01,53.549999,58.910000,51.349998,57.860001,52.592758,29436300
2002-03-01,57.610001,61.349998,55.500000,58.099998,52.810905,35100700
2002-04-01,57.500000,57.680000,51.250000,51.669998,46.966274,30641500
2002-05-01,51.669998,55.299999,49.849998,53.950001,49.038704,24498900
2002-06-01,54.040001,57.250000,47.250000,53.400002,48.538795,46264000
2002-07-01,53.400002,53.919998,43.709999,50.950001,46.353260,47648400
2002-08-01,49.950001,50.240002,44.830002,47.349998,43.078075,28026200
2002-09-01,46.950001,52.299999,42.750000,50.070000,45.552673,41839100
2002-10-01,50.900002,54.990002,47.029999,53.189999,48.442177,46843600
2002-11-01,52.990002,56.240002,50.599998,52.570000,47.877506,31003000
2002-12-01,53.400002,54.950001,51.299999,54.220001,49.380234,24656300
2003-01-01,54.360001,58.599998,50.630001,52.599998,47.950283,35306600
2003-02-01,52.590000,53.330002,47.700001,51.400002,46.856369,23644800
2003-03-01,52.480000,57.450001,48.180000,55.070000,50.201962,41608900
2003-04-01,55.099998,60.110001,54.400002,59.880001,54.639889,40234800
2003-05-01,59.799999,64.349998,58.459999,63.980000,58.381069,35427300
2003-06-01,63.990002,65.349998,59.009998,62.029999,56.601723,42715900
2003-07-01,61.599998,66.010002,60.639999,64.389999,58.802010,33903700
2003-08-01,63.840000,68.959999,63.689999,67.099998,61.276829,24924800
2003-09-01,67.300003,69.000000,63.700001,64.430000,58.838547,31416100
2003-10-01,64.879997,75.959999,64.510002,75.760002,69.237221,38986600
2003-11-01,75.769997,78.050003,70.070000,72.699997,66.440628,29157400
2003-12-01,73.059998,75.150002,67.059998,67.500000,61.688381,40580100
2004-01-01,67.699997,70.400002,64.839996,67.279999,61.538754,43223200
2004-02-01,67.349998,69.970001,64.910004,68.680000,62.819290,27875100
2004-03-01,68.690002,75.260002,65.879997,75.160004,68.746338,41063300
2004-04-01,74.970001,76.070000,71.599998,71.910004,65.830902,27527800
2004-05-01,72.099998,74.599998,69.349998,73.580002,67.359756,21278300
2004-06-01,73.410004,81.820000,72.279999,81.690002,74.784103,26089500
2004-07-01,81.550003,83.470001,78.830002,81.879997,75.027443,26083400
2004-08-01,81.699997,82.800003,76.250000,81.989998,75.128242,30990500
2004-09-01,82.300003,88.900002,81.879997,85.690002,78.518562,36004300
2004-10-01,85.980003,91.120003,84.570000,91.120003,83.563583,33354600
2004-11-01,91.120003,96.629997,89.639999,95.029999,87.149391,32025400
2004-12-01,95.040001,100.919998,95.019997,98.489998,90.322433,39047300
2005-01-01,99.120003,99.300003,89.750000,95.650002,87.779991,48632800
2005-02-01,96.000000,98.910004,94.089996,97.779999,89.734756,29821000
2005-03-01,97.839996,101.870003,92.750000,93.949997,86.219879,34281800
2005-04-01,94.070000,94.970001,83.110001,84.949997,78.014595,40862300
2005-05-01,84.800003,90.730003,84.019997,89.419998,82.119659,31468800
2005-06-01,89.309998,91.430000,79.550003,81.010002,74.396301,61613900
2005-07-01,81.489998,85.879997,80.500000,84.089996,77.293541,36925800
2005-08-01,84.139999,86.500000,80.580002,81.440002,74.857735,37103700
2005-09-01,81.250000,87.389999,76.809998,87.129997,80.087837,46791000
2005-10-01,86.879997,92.239998,85.080002,91.930000,84.583275,36025700
2005-11-01,92.050003,98.809998,91.629997,97.620003,89.818565,31291700
2005-12-01,98.279999,105.820000,95.790001,103.389999,95.127441,32540500
2006-01-01,103.379997,105.360001,97.400002,101.150002,93.142738,30206300
2006-02-01,101.199997,108.830002,96.500000,107.239998,98.750633,27456700
2006-03-01,109.750000,116.000000,108.620003,112.940002,103.999435,36108100
2006-04-01,113.599998,119.250000,112.900002,115.129997,106.091972,25618200
2006-05-01,115.129997,120.010002,106.000000,109.269997,100.691994,35310100
2006-06-01,109.269997,117.370003,103.739998,116.860001,107.686165,37562100
2006-07-01,116.989998,118.739998,101.360001,104.709999,96.570648,44227600
2006-08-01,104.500000,109.599998,97.790001,101.029999,93.176682,52399400
2006-09-01,101.400002,110.209999,99.339996,108.680000,100.232040,46740500
2006-10-01,108.900002,117.000000,107.370003,114.540001,105.730957,40076700
2006-11-01,114.889999,119.209999,111.000000,115.430000,106.552521,30008600
2006-12-01,115.500000,117.739998,106.690002,108.620003,100.266289,39170800
2007-01-01,108.750000,112.900002,106.629997,110.400002,101.987923,36986400
2007-02-01,110.669998,121.419998,110.300003,114.230003,105.526085,33965100
2007-03-01,113.050003,116.760002,106.290001,107.430000,99.244232,45608800
2007-04-01,105.550003,110.360001,105.150002,105.440002,97.483955,35879500
2007-05-01,105.900002,111.669998,104.010002,111.620003,103.197662,54367500
2007-06-01,112.000000,113.279999,107.050003,110.970001,102.596687,48050900
2007-07-01,111.849998,119.099998,108.809998,110.739998,102.477814,53117500
2007-08-01,110.099998,112.540001,99.300003,109.680000,101.496918,51613100
2007-09-01,109.800003,111.290001,102.050003,104.750000,96.934746,41845400
2007-10-01,104.989998,108.139999,101.889999,103.339996,95.717010,42921500
2007-11-01,102.650002,104.000000,91.099998,98.470001,91.206268,53680700
2007-12-01,97.480003,101.529999,89.010002,89.169998,82.592300,46427700
2008-01-01,88.570000,94.300003,80.000000,93.320000,86.522438,86543500
2008-02-01,93.690002,94.129997,86.440002,88.129997,81.710503,45157400
2008-03-01,88.000000,93.139999,82.500000,92.669998,85.919823,61895300
2008-04-01,93.900002,99.000000,92.150002,95.870003,88.986900,51277800
2008-05-01,95.589996,99.459999,86.580002,91.709999,85.125549,57125900
2008-06-01,91.169998,93.690002,76.309998,78.790001,73.133194,87294200
2008-07-01,78.040001,83.470001,71.330002,78.839996,73.268867,68383700
2008-08-01,79.000000,90.160004,76.110001,82.820000,76.967606,56292300
2008-09-01,86.080002,96.650002,78.690002,79.040001,73.454704,77972800
2008-10-01,78.389999,81.470001,53.900002,65.370003,60.832020,101528900
2008-11-01,65.370003,70.650002,55.419998,70.650002,65.745499,64106100
2008-12-01,69.500000,76.940002,57.330002,64.150002,59.696716,77179600
2009-01-01,64.160004,64.750000,50.549999,50.939999,47.485817,56258800
2009-02-01,50.570000,56.720001,42.369999,43.209999,40.279984,74534500
2009-03-01,42.410000,47.180000,34.020000,44.490002,41.473179,125818800
2009-04-01,44.259998,57.730000,43.939999,55.959999,52.326382,82300000
2009-05-01,55.900002,62.160000,51.720001,55.430000,51.830788,68747400
2009-06-01,57.290001,59.380001,49.759998,55.619999,52.008438,85380400
2009-07-01,55.810001,68.610001,52.580002,67.839996,63.569435,80405000
2009-08-01,68.349998,70.269997,63.540001,68.709999,64.384636,55803800
2009-09-01,68.849998,80.010002,68.059998,75.220001,70.484818,81256400
2009-10-01,75.540001,82.339996,72.410004,72.690002,68.220009,65606900
2009-11-01,73.010002,85.430000,71.779999,84.449997,79.256836,53474400
2009-12-01,85.389999,92.589996,82.349998,83.449997,78.318344,72263100
2010-01-01,84.209999,88.680000,78.300003,78.349998,73.622963,57738500
2010-02-01,78.809998,84.980003,75.169998,84.760002,79.646233,56670400
2010-03-01,84.919998,93.660004,84.800003,93.400002,87.764969,90461400
2010-04-01,94.010002,97.750000,89.430000,90.010002,84.686958,56679600
2010-05-01,90.680000,92.739998,78.290001,83.489998,78.552505,61829000
2010-06-01,82.489998,84.849998,69.980003,70.110001,65.963799,98253200
2010-07-01,70.709999,84.239998,69.779999,82.550003,77.782715,82039200
2010-08-01,83.900002,87.739998,77.250000,78.050003,73.542587,56232100
2010-09-01,79.309998,88.459999,79.040001,85.500000,80.562347,64270700
2010-10-01,86.410004,90.629997,84.739998,87.720001,82.775291,50043800
2010-11-01,87.690002,93.029999,84.489998,91.120003,85.983635,49585600
2010-12-01,93.239998,96.230003,91.279999,93.010002,87.890259,44562900
2011-01-01,93.540001,97.000000,90.010002,90.320000,85.348320,50949100
2011-02-01,92.750000,98.519997,87.540001,90.019997,85.064842,58904800
2011-03-01,90.570000,94.410004,85.029999,93.550003,88.400536,76921200
2011-04-01,95.000000,96.500000,90.660004,95.669998,90.527580,40628800
2011-05-01,96.250000,96.889999,90.800003,93.639999,88.606689,44179300
2011-06-01,93.949997,94.949997,81.220001,94.849998,89.751663,63062400
2011-07-01,94.680000,98.660004,86.330002,86.879997,82.332474,54486200
2011-08-01,88.050003,88.050003,72.160004,78.720001,74.599602,88179300
2011-09-01,78.720001,80.110001,64.550003,67.680000,64.137451,77383000
2011-10-01,66.900002,85.750000,64.070000,81.830002,77.679199,66543700
2011-11-01,78.910004,83.449997,76.059998,83.080002,78.865822,43187300
2011-12-01,82.519997,86.370003,76.949997,83.510002,79.274002,56531600
2012-01-01,85.470001,93.519997,82.790001,91.489998,86.986328,43850000
2012-02-01,92.790001,97.190002,89.419998,89.989998,85.560165,43127800
2012-03-01,90.150002,96.889999,88.029999,91.959999,87.433205,52277100
2012-04-01,92.040001,92.849998,86.199997,88.239998,84.017998,38477600
2012-05-01,88.139999,91.430000,84.860001,89.139999,84.874931,42157000
2012-06-01,87.220001,92.309998,83.800003,91.610001,87.226761,50598200
2012-07-01,91.589996,93.169998,86.220001,90.300003,86.119339,36817600
2012-08-01,90.660004,91.120003,86.870003,87.629997,83.572937,36701900
2012-09-01,87.370003,90.919998,83.919998,84.620003,80.702286,57471500
2012-10-01,84.930000,94.260002,84.209999,91.989998,87.874458,52323200
2012-11-01,91.540001,93.980003,85.150002,89.529999,85.524490,37721500
2012-12-01,89.980003,95.440002,87.989998,91.720001,87.759178,39662000
2013-01-01,93.459999,103.139999,93.370003,101.449997,97.069016,40850600
2013-02-01,101.889999,107.500000,101.449997,105.430000,100.877129,40634500
2013-03-01,105.110001,109.660004,95.300003,98.199997,93.959366,57017300
2013-04-01,98.410004,99.529999,90.610001,94.010002,90.067001,52393800
2013-05-01,93.660004,103.050003,91.839996,96.339996,92.299271,59260100
2013-06-01,96.510002,103.470001,94.599998,98.580002,94.445320,49814600
2013-07-01,98.720001,108.980003,97.540001,106.000000,101.710632,71213000
2013-08-01,106.790001,113.339996,106.540001,107.360001,103.015587,38235000
2013-09-01,108.449997,118.309998,106.379997,114.110001,109.492439,44708100
2013-10-01,114.239998,133.839996,111.250000,131.000000,125.872108,54868600
2013-11-01,131.770004,140.550003,130.250000,138.699997,133.270691,53710900
2013-12-01,139.149994,144.130005,136.270004,143.770004,138.142273,39650000
2014-01-01,142.899994,144.389999,131.080002,133.320007,128.238937,49310800
2014-02-01,132.929993,136.979996,128.169998,133.330002,128.248474,42809000
2014-03-01,132.050003,141.169998,131.300003,132.559998,127.507835,58270900
2014-04-01,133.000000,137.770004,130.639999,136.250000,131.200546,41988800
2014-05-01,136.360001,144.850006,135.009995,144.160004,138.817413,34184600
2014-06-01,144.309998,151.889999,138.300003,151.380005,145.769852,41912400
2014-07-01,152.000000,155.309998,146.639999,146.880005,141.639755,26814300
2014-08-01,146.630005,151.070007,145.080002,147.880005,142.604080,21122300
2014-09-01,148.720001,163.839996,148.369995,161.449997,155.689941,39482000
2014-10-01,161.000000,169.000000,148.809998,167.399994,161.638565,47932200
2014-11-01,167.149994,179.789993,165.710007,178.179993,172.047485,26629100
2014-12-01,178.789993,183.509995,163.570007,173.660004,167.683060,48210600
2015-01-01,173.779999,181.490005,168.880005,169.110001,163.472565,37724500
2015-02-01,169.300003,180.050003,168.029999,176.979996,171.080200,28369100
2015-03-01,176.979996,178.600006,163.600006,165.449997,159.934586,36393000
2015-04-01,165.020004,175.300003,164.279999,169.570007,164.106735,37374400
2015-05-01,170.000000,178.789993,168.460007,173.220001,167.639145,23281100
2015-06-01,173.869995,185.190002,169.960007,170.399994,164.910004,40967300
2015-07-01,172.110001,172.600006,162.380005,171.419998,166.124466,30144400
2015-08-01,171.460007,173.000000,130.130005,150.610001,145.957367,38284900
2015-09-01,147.979996,155.630005,140.009995,143.979996,139.532181,49886000
2015-10-01,143.880005,161.699997,141.720001,156.050003,151.484146,35448000
2015-11-01,156.289993,164.940002,156.289993,158.539993,153.901291,29821400
2015-12-01,159.410004,160.669998,140.889999,148.990005,144.630722,52038300
2016-01-01,146.410004,147.000000,119.709999,132.880005,129.211731,48530900
2016-02-01,131.610001,139.529999,122.779999,136.880005,133.101349,40629500
2016-03-01,138.160004,164.839996,137.300003,162.720001,158.227982,46063400
2016-04-01,162.309998,169.300003,160.729996,165.110001,160.835205,25501700
2016-05-01,165.600006,168.179993,156.910004,164.970001,160.698868,28169600
2016-06-01,163.899994,166.500000,145.000000,151.779999,147.850342,43377200
2016-07-01,154.470001,163.639999,150.000000,161.899994,158.102524,26788000
2016-08-01,162.000000,169.570007,158.619995,164.929993,161.061447,22895200
2016-09-01,165.500000,177.360001,158.199997,174.679993,170.582764,40949300
2016-10-01,173.860001,176.350006,168.000000,174.320007,170.644409,26546500
2016-11-01,174.250000,192.580002,170.160004,191.669998,187.628540,32896500
2016-12-01,192.000000,201.570007,185.679993,186.199997,182.273895,43156800
2017-01-01,186.570007,196.419998,184.300003,189.110001,185.500107,30674300
2017-02-01,189.279999,195.570007,183.869995,192.979996,189.296234,27139600
2017-03-01,194.889999,198.600006,184.300003,195.149994,191.424805,46305800
2017-04-01,195.860001,199.169998,182.889999,189.699997,186.465485,34961000
2017-05-01,189.910004,195.940002,186.000000,193.839996,190.534897,27192100
2017-06-01,194.580002,218.360001,193.940002,217.330002,213.624344,41241800
2017-07-01,218.490005,219.990005,206.220001,208.029999,204.968765,27704200
2017-08-01,208.960007,215.149994,203.130005,214.380005,211.225327,22556200
2017-09-01,215.119995,226.339996,209.669998,225.580002,222.260513,30019200
2017-10-01,225.509995,231.350006,217.770004,225.809998,223.008987,24839600
2017-11-01,227.000000,233.889999,214.169998,231.460007,228.588913,26271800
2017-12-01,231.720001,255.110001,226.169998,249.539993,246.444641,37142800
2018-01-01,250.830002,274.660004,250.000000,262.480011,259.766907,36792400
2018-02-01,258.149994,265.670013,226.199997,246.410004,243.862991,38534500
2018-03-01,246.350006,258.000000,228.899994,240.110001,237.628113,45507000
2018-04-01,239.190002,257.470001,231.710007,247.199997,245.154572,31447100
2018-05-01,247.229996,256.299988,236.610001,249.119995,247.058670,28349700
2018-06-01,251.570007,266.670013,222.440002,227.059998,225.181213,43056900
2018-07-01,225.369995,248.619995,225.259995,245.869995,244.479675,32080800
2018-08-01,245.699997,252.289993,238.779999,243.949997,242.570526,25492700
2018-09-01,243.899994,259.250000,237.509995,240.789993,239.428406,40372500
