1995-06-01,4.000000,4.500000,4.000000,4.500000,4.500000,119700
1995-07-01,5.000000,5.000000,4.000000,4.500000,4.500000,295100
1995-08-01,4.750000,5.000000,3.875000,5.000000,5.000000,210600
1995-09-01,5.000000,7.375000,4.625000,7.187500,7.187500,860800
1995-10-01,7.500000,8.000000,6.000000,7.250000,7.250000,1213600
1995-11-01,7.875000,9.750000,7.250000,9.250000,9.250000,1405400
1995-12-01,9.750000,10.250000,9.000000,9.875000,9.875000,666600
1996-01-01,10.000000,10.375000,8.875000,10.375000,10.375000,546900
1996-02-01,9.500000,11.750000,9.500000,10.000000,10.000000,985300
1996-03-01,11.250000,12.000000,10.000000,10.500000,10.500000,802300
1996-04-01,11.375000,13.500000,8.406250,12.250000,12.250000,1262600
1996-05-01,12.250000,12.250000,9.000000,9.750000,9.750000,792700
1996-06-01,10.000000,11.250000,9.187500,10.250000,10.250000,531000
1996-07-01,9.500000,13.500000,7.250000,7.750000,7.750000,1270300
1996-08-01,7.750000,8.000000,5.750000,8.000000,8.000000,558500
1996-09-01,8.000000,8.000000,4.250000,4.500000,4.500000,360600
1996-10-01,5.250000,5.250000,2.000000,2.500000,2.500000,537700
1996-11-01,2.750000,3.000000,1.250000,1.625000,1.625000,537300
1996-12-01,1.375000,2.062500,0.875000,1.062500,1.062500,752500
1997-01-01,1.062500,1.500000,0.625000,1.187500,1.187500,845400
1997-02-01,1.375000,1.437500,0.937500,1.187500,1.187500,292500
1997-03-01,1.187500,1.562500,1.000000,1.468750,1.468750,521100
1997-04-01,1.500000,1.875000,1.375000,1.625000,1.625000,1097300
1997-05-01,1.625000,1.625000,1.250000,1.437500,1.437500,1213700
1997-06-01,1.562500,2.125000,1.500000,1.750000,1.750000,2003000
1997-07-01,1.750000,2.125000,1.250000,1.375000,1.375000,889100
1997-08-01,1.500000,1.750000,1.125000,1.312500,1.312500,596400
1997-09-01,1.312500,1.750000,1.062500,1.500000,1.500000,651500
1997-10-01,1.500000,3.687500,1.500000,2.750000,2.750000,2993400
1997-11-01,2.500000,2.750000,2.000000,2.000000,2.000000,555500
1997-12-01,2.125000,2.625000,1.875000,2.250000,2.250000,773900
1998-01-01,2.312500,3.437500,2.250000,3.000000,3.000000,1817400
1998-02-01,2.937500,3.625000,2.750000,3.125000,3.125000,1749600
1998-03-01,3.125000,3.312500,2.250000,2.875000,2.875000,2728700
1998-04-01,2.812500,3.312500,2.500000,2.687500,2.687500,2157300
1998-05-01,2.812500,3.500000,2.687500,2.750000,2.750000,3041500
1998-06-01,2.937500,3.000000,2.312500,2.812500,2.812500,1393500
1998-07-01,2.625000,3.000000,2.000000,2.250000,2.250000,898900
1998-08-01,2.250000,2.375000,1.031250,1.046880,1.046880,890000
1998-09-01,1.031250,1.250000,0.875000,0.937500,0.937500,981000
1998-10-01,0.875000,1.062500,0.687500,0.875000,0.875000,883500
1998-11-01,0.906250,1.000000,0.687500,0.875000,0.875000,459700
1998-12-01,0.875000,0.968750,0.625000,0.750000,0.750000,1339400
1999-01-01,0.687500,1.375000,0.687500,1.031250,1.031250,1018500
1999-02-01,1.031250,1.812500,1.000000,1.437500,1.437500,1238700
1999-03-01,1.375000,1.875000,1.000000,1.062500,1.062500,757300
1999-04-01,1.000000,1.656250,1.000000,1.500000,1.500000,662300
1999-05-01,1.500000,1.812500,1.093750,1.187500,1.187500,1029400
1999-06-01,1.437500,1.500000,1.187500,1.437500,1.437500,545500
1999-07-01,1.468750,1.656250,1.250000,1.375000,1.375000,995400
1999-08-01,1.468750,1.875000,1.343750,1.875000,1.875000,675100
1999-09-01,1.796880,3.562500,1.750000,2.375000,2.375000,1514100
1999-10-01,2.375000,3.000000,2.250000,2.500000,2.500000,520300
1999-11-01,2.468750,3.250000,2.000000,2.937500,2.937500,934100
1999-12-01,2.937500,3.375000,2.500000,3.250000,3.250000,1204600
2000-01-01,3.125000,4.500000,2.500000,3.687500,3.687500,1779400
2000-02-01,3.625000,3.937500,2.875000,3.625000,3.625000,663800
2000-03-01,3.593750,3.968750,2.875000,3.125000,3.125000,708600
2000-04-01,2.937500,3.125000,1.500000,2.000000,2.000000,464100
2000-05-01,2.125000,2.562500,1.500000,1.500000,1.500000,583600
2000-06-01,2.000000,2.500000,1.687500,2.125000,2.125000,539700
2000-07-01,2.156250,2.250000,1.500000,1.750000,1.750000,194700
2000-08-01,2.125000,2.125000,1.000000,1.125000,1.125000,731100
2000-09-01,1.234380,1.750000,1.125000,1.468750,1.468750,1282700
2000-10-01,1.390620,1.500000,1.000000,1.062500,1.062500,588800
2000-11-01,1.156250,1.250000,0.812500,1.000000,1.000000,587900
2000-12-01,0.937500,1.062500,0.687500,0.937500,0.937500,641200
2001-01-01,0.953120,1.500000,0.937500,1.437500,1.437500,716200
2001-02-01,1.437500,1.750000,1.093750,1.125000,1.125000,424900
2001-03-01,1.203120,1.531250,1.000000,1.125000,1.125000,381800
2001-04-01,1.156250,1.250000,1.125000,1.160000,1.160000,30300
2001-05-01,1.110000,1.230000,1.000000,1.190000,1.190000,90700
2001-06-01,1.140000,1.170000,0.900000,1.020000,1.020000,73400
2001-07-01,1.020000,1.050000,0.830000,0.900000,0.900000,175800
2001-08-01,0.990000,1.000000,0.700000,0.920000,0.920000,77200
2001-09-01,0.900000,0.990000,0.550000,0.750000,0.750000,222600
2001-10-01,0.770000,1.080000,0.640000,0.950000,0.950000,92500
2001-11-01,0.980000,1.180000,0.590000,0.950000,0.950000,172900
2001-12-01,0.950000,1.190000,0.850000,0.870000,0.870000,127200
2002-01-01,1.030000,1.140000,0.800000,0.950000,0.950000,264300
2002-02-01,0.950000,1.040000,0.910000,0.950000,0.950000,91900
2002-03-01,0.930000,1.040000,0.840000,0.900000,0.900000,147900
2002-04-01,0.900000,0.980000,0.710000,0.800000,0.800000,117700
2002-05-01,0.820000,0.910000,0.750000,0.760000,0.760000,46600
2002-06-01,0.800000,0.860000,0.750000,0.760000,0.760000,46900
2002-07-01,0.760000,0.900000,0.670000,0.810000,0.810000,274000
2002-08-01,0.750000,1.000000,0.730000,0.850000,0.850000,173100
2002-09-01,0.850000,0.900000,0.740000,0.810000,0.810000,149900
2002-10-01,0.820000,0.920000,0.730000,0.850000,0.850000,122700
2002-11-01,0.810000,0.950000,0.730000,0.940000,0.940000,220000
2002-12-01,0.920000,1.380000,0.810000,1.100000,1.100000,713900
2003-01-01,1.160000,2.260000,1.090000,2.030000,2.030000,1793600
2003-02-01,2.090000,2.590000,1.760000,1.980000,1.980000,675000
2003-03-01,1.920000,2.110000,1.410000,1.840000,1.840000,422900
2003-04-01,1.530000,2.580000,1.500000,1.940000,1.940000,1117600
2003-05-01,1.940000,2.100000,1.630000,1.760000,1.760000,589800
2003-06-01,1.800000,1.850000,1.440000,1.620000,1.620000,738700
2003-07-01,1.610000,1.900000,1.560000,1.780000,1.780000,583900
2003-08-01,1.780000,2.850000,1.630000,2.670000,2.670000,2192100
2003-09-01,2.750000,3.000000,2.300000,2.380000,2.380000,2062600
2003-10-01,2.540000,2.560000,2.150000,2.480000,2.480000,797500
2003-11-01,2.450000,2.850000,2.200000,2.300000,2.300000,1042000
2003-12-01,2.250000,2.400000,2.080000,2.400000,2.400000,1187400
2004-01-01,2.760000,3.150000,2.320000,2.410000,2.410000,2495200
2004-02-01,2.420000,2.450000,2.250000,2.400000,2.400000,436400
2004-03-01,2.400000,2.400000,1.940000,2.210000,2.210000,508900
2004-04-01,2.150000,3.750000,2.080000,2.680000,2.680000,5337400
2004-05-01,2.780000,2.940000,2.450000,2.590000,2.590000,731300
2004-06-01,2.550000,2.980000,2.500000,2.630000,2.630000,464900
2004-07-01,2.820000,2.880000,2.150000,2.290000,2.290000,651900
2004-08-01,2.260000,2.340000,1.900000,2.160000,2.160000,355700
2004-09-01,2.130000,2.380000,2.060000,2.280000,2.280000,206300
2004-10-01,2.350000,2.640000,2.020000,2.380000,2.380000,240900
2004-11-01,2.070000,2.900000,2.070000,2.830000,2.830000,271800
2004-12-01,2.790000,4.590000,2.620000,4.180000,4.180000,5084400
2005-01-01,4.280000,8.120000,3.420000,7.500000,7.500000,20792400
2005-02-01,7.600000,8.640000,6.530000,7.860000,7.860000,14884300
2005-03-01,8.160000,13.480000,7.510000,12.990000,12.990000,21603700
2005-04-01,12.620000,17.370001,10.270000,15.080000,15.080000,39249500
2005-05-01,15.300000,21.950001,13.550000,20.920000,20.920000,31303100
2005-06-01,21.049999,23.379999,15.900000,15.990000,15.990000,24252700
2005-07-01,16.000000,26.889999,15.950000,26.750000,26.750000,27110200
2005-08-01,28.389999,29.000000,22.350000,25.870001,25.870001,19613200
2005-09-01,26.270000,29.850000,22.780001,23.469999,23.469999,17608900
2005-10-01,23.690001,25.370001,16.750000,20.540001,20.540001,16699100
2005-11-01,20.469999,26.400000,16.600000,17.870001,17.870001,20404200
2005-12-01,18.090000,18.459999,8.500000,8.900000,8.900000,23099500
2006-01-01,9.040000,11.840000,8.900000,10.800000,10.800000,16971500
2006-02-01,10.970000,11.200000,8.050000,9.000000,9.000000,7133100
2006-03-01,9.240000,11.790000,8.050000,10.700000,10.700000,7459900
2006-04-01,10.700000,11.480000,5.810000,6.390000,6.390000,10400900
2006-05-01,6.600000,6.600000,4.910000,5.040000,5.040000,4526500
2006-06-01,5.330000,5.330000,4.030000,4.150000,4.150000,2565400
2006-07-01,4.150000,7.280000,4.040000,4.640000,4.640000,15377200
2006-08-01,4.630000,5.890000,4.100000,5.310000,5.310000,7471500
2006-09-01,5.350000,6.050000,4.700000,5.120000,5.120000,6122300
2006-10-01,5.100000,6.090000,4.820000,5.370000,5.370000,10892500
2006-11-01,5.360000,5.460000,4.500000,4.550000,4.550000,3936000
2006-12-01,4.530000,4.720000,4.100000,4.190000,4.190000,4595000
2007-01-01,4.260000,5.300000,4.170000,4.260000,4.260000,5300900
2007-02-01,4.250000,4.800000,4.180000,4.260000,4.260000,3467100
2007-03-01,4.260000,4.420000,4.060000,4.160000,4.160000,1782000
2007-04-01,4.140000,4.250000,4.050000,4.080000,4.080000,1343500
2007-05-01,4.080000,4.250000,3.260000,3.290000,3.290000,2355500
2007-06-01,3.280000,4.000000,3.210000,3.320000,3.320000,3233300
2007-07-01,3.320000,3.460000,3.110000,3.210000,3.210000,1060700
2007-08-01,3.180000,3.240000,2.610000,2.750000,2.750000,1573100
2007-09-01,2.750000,3.610000,2.720000,3.080000,3.080000,1253900
2007-10-01,3.060000,3.580000,2.710000,2.770000,2.770000,1614900
2007-11-01,2.710000,2.880000,2.420000,2.420000,2.420000,1079900
2007-12-01,2.450000,2.460000,2.220000,2.370000,2.370000,977000
2008-01-01,2.400000,2.460000,2.130000,2.440000,2.440000,664300
2008-02-01,2.400000,2.420000,2.090000,2.300000,2.300000,685200
2008-03-01,2.300000,2.540000,2.010000,2.420000,2.420000,884000
2008-04-01,2.400000,2.500000,2.270000,2.430000,2.430000,404100
2008-05-01,2.440000,2.800000,2.170000,2.570000,2.570000,808500
2008-06-01,2.600000,2.740000,2.380000,2.680000,2.680000,447900
2008-07-01,2.700000,2.700000,2.360000,2.660000,2.660000,250500
2008-08-01,2.650000,2.730000,2.450000,2.510000,2.510000,353000
2008-09-01,2.530000,2.600000,1.840000,2.050000,2.050000,320400
2008-10-01,1.980000,3.190000,1.510000,2.380000,2.380000,2133500
2008-11-01,2.460000,3.270000,1.990000,2.720000,2.720000,1997700
2008-12-01,2.930000,3.300000,2.000000,2.230000,2.230000,4856100
2009-01-01,2.240000,2.380000,1.860000,1.910000,1.910000,1547900
2009-02-01,1.900000,1.960000,1.650000,1.700000,1.700000,1083900
2009-03-01,1.630000,2.050000,1.550000,1.860000,1.860000,1800300
2009-04-01,1.810000,1.850000,1.550000,1.660000,1.660000,2255300
2009-05-01,1.630000,1.770000,1.570000,1.670000,1.670000,1412000
2009-06-01,1.660000,1.760000,1.600000,1.650000,1.650000,1045600
2009-07-01,1.640000,1.670000,1.400000,1.610000,1.610000,1011400
2009-08-01,1.680000,1.780000,1.580000,1.750000,1.750000,1446000
2009-09-01,1.750000,1.790000,1.660000,1.710000,1.710000,886300
2009-10-01,1.740000,2.150000,1.690000,2.020000,2.020000,921900
2009-11-01,2.040000,2.150000,1.900000,1.950000,1.950000,934800
2009-12-01,1.930000,2.150000,1.900000,2.100000,2.100000,626700
2010-01-01,2.030000,2.640000,1.960000,2.450000,2.450000,1336700
2010-02-01,2.390000,2.490000,2.090000,2.250000,2.250000,578500
2010-03-01,2.250000,3.200000,2.050000,3.050000,3.050000,1729100
2010-04-01,3.090000,3.500000,2.960000,3.140000,3.140000,1361200
2010-05-01,3.160000,5.600000,3.050000,5.330000,5.330000,3030500
2010-06-01,4.970000,5.500000,3.090000,3.110000,3.110000,1615700
2010-07-01,3.110000,4.590000,2.900000,3.450000,3.450000,1708900
2010-08-01,3.470000,4.150000,3.130000,3.800000,3.800000,820800
2010-09-01,3.850000,4.000000,3.500000,3.730000,3.730000,349300
2010-10-01,3.700000,4.060000,3.640000,3.800000,3.800000,351500
2010-11-01,3.800000,3.920000,3.450000,3.900000,3.900000,580400
2010-12-01,3.950000,3.950000,2.890000,3.220000,3.220000,596600
2011-01-01,3.130000,3.730000,3.020000,3.420000,3.420000,755000
2011-02-01,3.480000,3.800000,3.420000,3.670000,3.670000,511000
2011-03-01,3.650000,4.100000,3.600000,3.910000,3.910000,507200
2011-04-01,3.870000,4.590000,3.820000,4.420000,4.420000,392900
2011-05-01,4.520000,4.550000,3.340000,3.450000,3.450000,377100
2011-06-01,3.480000,3.850000,2.520000,2.660000,2.660000,424000
2011-07-01,2.680000,3.110000,2.550000,2.670000,2.670000,357900
2011-08-01,2.770000,3.070000,2.010000,2.640000,2.640000,881100
2011-09-01,2.680000,2.850000,2.140000,2.250000,2.250000,540400
2011-10-01,2.190000,2.240000,1.900000,2.020000,2.020000,376300
2011-11-01,2.010000,2.150000,1.620000,1.620000,1.620000,465100
2011-12-01,1.610000,1.760000,1.550000,1.670000,1.670000,429900
2012-01-01,1.690000,2.040000,1.650000,1.950000,1.950000,368700
2012-02-01,1.960000,3.200000,1.920000,2.890000,2.890000,1655600
2012-03-01,2.960000,3.240000,2.220000,2.370000,2.370000,925000
2012-04-01,2.370000,2.830000,2.000000,2.290000,2.290000,562700
2012-05-01,2.300000,2.340000,1.680000,2.140000,2.140000,412400
2012-06-01,2.120000,2.120000,1.680000,1.740000,1.740000,376100
2012-07-01,1.830000,1.830000,1.280000,1.490000,1.490000,556400
2012-08-01,1.480000,1.480000,1.020000,1.140000,1.140000,396400
2012-09-01,1.160000,1.260000,1.130000,1.170000,1.170000,216000
2012-10-01,1.170000,1.300000,1.100000,1.210000,1.210000,208000
2012-11-01,1.220000,1.300000,1.130000,1.210000,1.210000,268600
2012-12-01,1.170000,1.500000,1.080000,1.480000,1.480000,644400
2013-01-01,1.480000,2.000000,1.430000,1.870000,1.870000,1655500
2013-02-01,1.870000,2.170000,1.760000,2.000000,2.000000,734600
2013-03-01,1.980000,2.100000,1.830000,2.050000,2.050000,759500
2013-04-01,2.020000,2.140000,1.830000,2.010000,2.010000,374400
2013-05-01,1.990000,2.100000,1.760000,1.920000,1.920000,301500
2013-06-01,1.910000,2.020000,1.700000,1.900000,1.900000,296700
2013-07-01,1.820000,1.990000,1.820000,1.890000,1.890000,254800
2013-08-01,1.900000,1.960000,1.660000,1.770000,1.770000,314000
2013-09-01,1.740000,1.960000,1.740000,1.870000,1.870000,312100
2013-10-01,1.850000,1.890000,1.650000,1.750000,1.750000,195200
2013-11-01,1.750000,1.790000,1.410000,1.690000,1.690000,177700
2013-12-01,1.650000,1.700000,1.430000,1.550000,1.550000,291400
2014-01-01,1.610000,1.990000,1.520000,1.660000,1.660000,390900
2014-02-01,1.640000,1.890000,1.530000,1.750000,1.750000,749600
2014-03-01,1.710000,2.100000,1.510000,1.960000,1.960000,2331100
2014-04-01,1.880000,1.930000,1.590000,1.650000,1.650000,802600
2014-05-01,1.690000,1.730000,1.150000,1.340000,1.340000,679600
2014-06-01,1.370000,1.380000,1.160000,1.220000,1.220000,431500
2014-07-01,1.180000,1.460000,1.180000,1.360000,1.360000,687700
2014-08-01,1.300000,1.380000,1.200000,1.280000,1.280000,380000
2014-09-01,1.250000,1.730000,1.240000,1.330000,1.330000,1124000
2014-10-01,1.300000,1.350000,1.170000,1.220000,1.220000,445900
2014-11-01,1.260000,1.270000,1.030000,1.100000,1.100000,353100
2014-12-01,1.080000,1.200000,0.820000,1.040000,1.040000,602500
2015-01-01,1.040000,1.250000,0.860000,0.950000,0.950000,571400
2015-02-01,0.950000,1.020000,0.870000,0.910000,0.910000,292700
2015-03-01,0.930000,0.940000,0.700000,0.790000,0.790000,345200
2015-04-01,0.830000,0.850000,0.580000,0.610000,0.610000,212600
2015-05-01,0.690000,0.720000,0.590000,0.650000,0.650000,184200
2015-06-01,0.660000,0.730000,0.600000,0.690000,0.690000,357600
2015-07-01,0.680000,0.890000,0.610000,0.650000,0.650000,1060400
2015-08-01,0.670000,3.900000,0.640000,1.350000,1.350000,65875200
2015-09-01,1.360000,1.990000,1.320000,1.360000,1.360000,25245600
2015-10-01,1.380000,1.390000,1.080000,1.210000,1.210000,2772800
2015-11-01,1.200000,1.790000,1.160000,1.500000,1.500000,4270000
2015-12-01,1.480000,1.800000,1.330000,1.480000,1.480000,2746500
2016-01-01,1.510000,1.520000,1.070000,1.260000,1.260000,1416400
2016-02-01,1.270000,1.560000,1.120000,1.430000,1.430000,924200
2016-03-01,1.430000,1.490000,1.210000,1.290000,1.290000,585400
2016-04-01,1.270000,1.490000,1.210000,1.320000,1.320000,935800
2016-05-01,1.330000,1.390000,1.200000,1.240000,1.240000,412500
2016-06-01,1.230000,1.600000,1.110000,1.180000,1.180000,1143500
2016-07-01,1.180000,2.110000,1.020000,1.480000,1.480000,5523300
2016-08-01,1.500000,1.750000,1.300000,1.590000,1.590000,1324000
2016-09-01,1.580000,1.670000,1.380000,1.490000,1.490000,1289500
2016-10-01,1.490000,1.510000,1.070000,1.120000,1.120000,1411000
2016-11-01,1.110000,1.540000,1.100000,1.420000,1.420000,1016000
2016-12-01,1.440000,1.450000,1.110000,1.250000,1.250000,785100
2017-01-01,1.290000,1.300000,1.150000,1.190000,1.190000,705000
2017-02-01,1.220000,1.290000,1.110000,1.110000,1.110000,503600
2017-03-01,1.130000,1.210000,1.020000,1.190000,1.190000,700900
2017-04-01,1.210000,1.230000,1.090000,1.110000,1.110000,351800
2017-05-01,1.100000,1.650000,1.050000,1.110000,1.110000,2671400
2017-06-01,1.120000,1.130000,1.030000,1.050000,1.050000,356800
2017-07-01,1.060000,1.170000,1.020000,1.090000,1.090000,766200
2017-08-01,1.090000,1.190000,1.030000,1.110000,1.110000,872300
2017-09-01,1.110000,1.350000,1.100000,1.230000,1.230000,935200
2017-10-01,1.210000,1.300000,1.130000,1.200000,1.200000,703900
2017-11-01,1.170000,1.480000,1.170000,1.340000,1.340000,1107600
2017-12-01,1.370000,1.400000,1.200000,1.230000,1.230000,827400
2018-01-01,1.210000,4.450000,1.200000,2.430000,2.430000,81332600
2018-02-01,2.360000,2.500000,1.550000,1.570000,1.570000,5363700
2018-03-01,1.570000,1.700000,1.390000,1.420000,1.420000,2573500
2018-04-01,1.420000,1.920000,1.350000,1.400000,1.400000,4856900
2018-05-01,1.420000,1.800000,1.380000,1.530000,1.530000,8493200
2018-06-01,1.530000,2.740000,1.410000,1.620000,1.620000,12974100
2018-07-01,1.620000,2.300000,1.600000,1.720000,1.720000,4152200
2018-08-01,1.720000,1.840000,1.420000,1.540000,1.540000,3207500
2018-09-01,1.510000,1.660000,1.440000,1.530000,1.530000,2247700
