5.000000000000000000e+00 4.750000000000000000e+00 4.666666666666666963e+00 2.106000000000000000e+05 1.000000000000000000e+00
7.187500000000000000e+00 6.093750000000000000e+00 5.562500000000000000e+00 8.608000000000000000e+05 1.000000000000000000e+00
7.250000000000000000e+00 7.218750000000000000e+00 6.479166666666666963e+00 1.213600000000000000e+06 1.000000000000000000e+00
9.250000000000000000e+00 8.250000000000000000e+00 7.895833333333333037e+00 1.405400000000000000e+06 1.000000000000000000e+00
9.875000000000000000e+00 9.562500000000000000e+00 8.791666666666666075e+00 6.666000000000000000e+05 1.000000000000000000e+00
1.037500000000000000e+01 1.012500000000000000e+01 9.833333333333333925e+00 5.469000000000000000e+05 0.000000000000000000e+00
1.000000000000000000e+01 1.018750000000000000e+01 1.008333333333333393e+01 9.853000000000000000e+05 1.000000000000000000e+00
1.050000000000000000e+01 1.025000000000000000e+01 1.029166666666666607e+01 8.023000000000000000e+05 1.000000000000000000e+00
1.225000000000000000e+01 1.137500000000000000e+01 1.091666666666666607e+01 1.262600000000000000e+06 0.000000000000000000e+00
9.750000000000000000e+00 1.100000000000000000e+01 1.083333333333333393e+01 7.927000000000000000e+05 1.000000000000000000e+00
1.025000000000000000e+01 1.000000000000000000e+01 1.075000000000000000e+01 5.310000000000000000e+05 0.000000000000000000e+00
7.750000000000000000e+00 9.000000000000000000e+00 9.250000000000000000e+00 1.270300000000000000e+06 1.000000000000000000e+00
8.000000000000000000e+00 7.875000000000000000e+00 8.666666666666666075e+00 5.585000000000000000e+05 0.000000000000000000e+00
4.500000000000000000e+00 6.250000000000000000e+00 6.750000000000000000e+00 3.606000000000000000e+05 0.000000000000000000e+00
2.500000000000000000e+00 3.500000000000000000e+00 5.000000000000000000e+00 5.377000000000000000e+05 0.000000000000000000e+00
1.625000000000000000e+00 2.062500000000000000e+00 2.875000000000000000e+00 5.373000000000000000e+05 0.000000000000000000e+00
1.062500000000000000e+00 1.343750000000000000e+00 1.729166666666666741e+00 7.525000000000000000e+05 1.000000000000000000e+00
1.187500000000000000e+00 1.125000000000000000e+00 1.291666666666666741e+00 8.454000000000000000e+05 0.000000000000000000e+00
1.187500000000000000e+00 1.187500000000000000e+00 1.145833333333333259e+00 2.925000000000000000e+05 1.000000000000000000e+00
1.468750000000000000e+00 1.328125000000000000e+00 1.281250000000000000e+00 5.211000000000000000e+05 1.000000000000000000e+00
1.625000000000000000e+00 1.546875000000000000e+00 1.427083333333333259e+00 1.097300000000000000e+06 0.000000000000000000e+00
1.437500000000000000e+00 1.531250000000000000e+00 1.510416666666666741e+00 1.213700000000000000e+06 1.000000000000000000e+00
1.750000000000000000e+00 1.593750000000000000e+00 1.604166666666666741e+00 2.003000000000000000e+06 0.000000000000000000e+00
1.375000000000000000e+00 1.562500000000000000e+00 1.520833333333333259e+00 8.891000000000000000e+05 0.000000000000000000e+00
1.312500000000000000e+00 1.343750000000000000e+00 1.479166666666666741e+00 5.964000000000000000e+05 1.000000000000000000e+00
1.500000000000000000e+00 1.406250000000000000e+00 1.395833333333333259e+00 6.515000000000000000e+05 1.000000000000000000e+00
2.750000000000000000e+00 2.125000000000000000e+00 1.854166666666666741e+00 2.993400000000000000e+06 0.000000000000000000e+00
2.000000000000000000e+00 2.375000000000000000e+00 2.083333333333333481e+00 5.555000000000000000e+05 1.000000000000000000e+00
2.250000000000000000e+00 2.125000000000000000e+00 2.333333333333333481e+00 7.739000000000000000e+05 1.000000000000000000e+00
3.000000000000000000e+00 2.625000000000000000e+00 2.416666666666666519e+00 1.817400000000000000e+06 1.000000000000000000e+00
3.125000000000000000e+00 3.062500000000000000e+00 2.791666666666666519e+00 1.749600000000000000e+06 0.000000000000000000e+00
2.875000000000000000e+00 3.000000000000000000e+00 3.000000000000000000e+00 2.728700000000000000e+06 0.000000000000000000e+00
2.687500000000000000e+00 2.781250000000000000e+00 2.895833333333333481e+00 2.157300000000000000e+06 1.000000000000000000e+00
2.750000000000000000e+00 2.718750000000000000e+00 2.770833333333333481e+00 3.041500000000000000e+06 1.000000000000000000e+00
2.812500000000000000e+00 2.781250000000000000e+00 2.750000000000000000e+00 1.393500000000000000e+06 0.000000000000000000e+00
2.250000000000000000e+00 2.531250000000000000e+00 2.604166666666666519e+00 8.989000000000000000e+05 0.000000000000000000e+00
1.046880000000000033e+00 1.648439999999999905e+00 2.036459999999999937e+00 8.900000000000000000e+05 0.000000000000000000e+00
9.375000000000000000e-01 9.921900000000000164e-01 1.411459999999999937e+00 9.810000000000000000e+05 0.000000000000000000e+00
8.750000000000000000e-01 9.062500000000000000e-01 9.531266666666665666e-01 8.835000000000000000e+05 0.000000000000000000e+00
8.750000000000000000e-01 8.750000000000000000e-01 8.958333333333333703e-01 4.597000000000000000e+05 0.000000000000000000e+00
7.500000000000000000e-01 8.125000000000000000e-01 8.333333333333333703e-01 1.339400000000000000e+06 1.000000000000000000e+00
1.031250000000000000e+00 8.906250000000000000e-01 8.854166666666666297e-01 1.018500000000000000e+06 1.000000000000000000e+00
1.437500000000000000e+00 1.234375000000000000e+00 1.072916666666666741e+00 1.238700000000000000e+06 0.000000000000000000e+00
1.062500000000000000e+00 1.250000000000000000e+00 1.177083333333333259e+00 7.573000000000000000e+05 1.000000000000000000e+00
1.500000000000000000e+00 1.281250000000000000e+00 1.333333333333333259e+00 6.623000000000000000e+05 0.000000000000000000e+00
1.187500000000000000e+00 1.343750000000000000e+00 1.250000000000000000e+00 1.029400000000000000e+06 1.000000000000000000e+00
1.437500000000000000e+00 1.312500000000000000e+00 1.375000000000000000e+00 5.455000000000000000e+05 0.000000000000000000e+00
1.375000000000000000e+00 1.406250000000000000e+00 1.333333333333333259e+00 9.954000000000000000e+05 1.000000000000000000e+00
1.875000000000000000e+00 1.625000000000000000e+00 1.562500000000000000e+00 6.751000000000000000e+05 1.000000000000000000e+00
2.375000000000000000e+00 2.125000000000000000e+00 1.875000000000000000e+00 1.514100000000000000e+06 1.000000000000000000e+00
2.500000000000000000e+00 2.437500000000000000e+00 2.250000000000000000e+00 5.203000000000000000e+05 1.000000000000000000e+00
2.937500000000000000e+00 2.718750000000000000e+00 2.604166666666666519e+00 9.341000000000000000e+05 1.000000000000000000e+00
3.250000000000000000e+00 3.093750000000000000e+00 2.895833333333333481e+00 1.204600000000000000e+06 1.000000000000000000e+00
3.687500000000000000e+00 3.468750000000000000e+00 3.291666666666666519e+00 1.779400000000000000e+06 0.000000000000000000e+00
3.625000000000000000e+00 3.656250000000000000e+00 3.520833333333333481e+00 6.638000000000000000e+05 0.000000000000000000e+00
3.125000000000000000e+00 3.375000000000000000e+00 3.479166666666666519e+00 7.086000000000000000e+05 0.000000000000000000e+00
2.000000000000000000e+00 2.562500000000000000e+00 2.916666666666666519e+00 4.641000000000000000e+05 0.000000000000000000e+00
1.500000000000000000e+00 1.750000000000000000e+00 2.208333333333333481e+00 5.836000000000000000e+05 1.000000000000000000e+00
2.125000000000000000e+00 1.812500000000000000e+00 1.875000000000000000e+00 5.397000000000000000e+05 0.000000000000000000e+00
1.750000000000000000e+00 1.937500000000000000e+00 1.791666666666666741e+00 1.947000000000000000e+05 0.000000000000000000e+00
1.125000000000000000e+00 1.437500000000000000e+00 1.666666666666666741e+00 7.311000000000000000e+05 1.000000000000000000e+00
1.468750000000000000e+00 1.296875000000000000e+00 1.447916666666666741e+00 1.282700000000000000e+06 0.000000000000000000e+00
1.062500000000000000e+00 1.265625000000000000e+00 1.218750000000000000e+00 5.888000000000000000e+05 0.000000000000000000e+00
1.000000000000000000e+00 1.031250000000000000e+00 1.177083333333333259e+00 5.879000000000000000e+05 0.000000000000000000e+00
9.375000000000000000e-01 9.687500000000000000e-01 1.000000000000000000e+00 6.412000000000000000e+05 1.000000000000000000e+00
1.437500000000000000e+00 1.187500000000000000e+00 1.125000000000000000e+00 7.162000000000000000e+05 0.000000000000000000e+00
1.125000000000000000e+00 1.281250000000000000e+00 1.166666666666666741e+00 4.249000000000000000e+05 0.000000000000000000e+00
1.125000000000000000e+00 1.125000000000000000e+00 1.229166666666666741e+00 3.818000000000000000e+05 1.000000000000000000e+00
1.159999999999999920e+00 1.142500000000000071e+00 1.136666666666666714e+00 3.030000000000000000e+04 1.000000000000000000e+00
1.189999999999999947e+00 1.174999999999999822e+00 1.158333333333333437e+00 9.070000000000000000e+04 0.000000000000000000e+00
1.020000000000000018e+00 1.104999999999999982e+00 1.123333333333333295e+00 7.340000000000000000e+04 0.000000000000000000e+00
9.000000000000000222e-01 9.599999999999999645e-01 1.036666666666666625e+00 1.758000000000000000e+05 1.000000000000000000e+00
9.200000000000000400e-01 9.100000000000000311e-01 9.466666666666666563e-01 7.720000000000000000e+04 0.000000000000000000e+00
7.500000000000000000e-01 8.349999999999999645e-01 8.566666666666667984e-01 2.226000000000000000e+05 1.000000000000000000e+00
9.499999999999999556e-01 8.499999999999999778e-01 8.733333333333334059e-01 9.250000000000000000e+04 0.000000000000000000e+00
9.499999999999999556e-01 9.499999999999999556e-01 8.833333333333333037e-01 1.729000000000000000e+05 0.000000000000000000e+00
8.699999999999999956e-01 9.099999999999999201e-01 9.233333333333333393e-01 1.272000000000000000e+05 1.000000000000000000e+00
9.499999999999999556e-01 9.099999999999999201e-01 9.233333333333332282e-01 2.643000000000000000e+05 0.000000000000000000e+00
9.499999999999999556e-01 9.499999999999999556e-01 9.233333333333332282e-01 9.190000000000000000e+04 0.000000000000000000e+00
9.000000000000000222e-01 9.250000000000000444e-01 9.333333333333332371e-01 1.479000000000000000e+05 0.000000000000000000e+00
8.000000000000000444e-01 8.500000000000000888e-01 8.833333333333334147e-01 1.177000000000000000e+05 0.000000000000000000e+00
7.600000000000000089e-01 7.800000000000000266e-01 8.199999999999999512e-01 4.660000000000000000e+04 0.000000000000000000e+00
7.600000000000000089e-01 7.600000000000000089e-01 7.733333333333334281e-01 4.690000000000000000e+04 1.000000000000000000e+00
8.100000000000000533e-01 7.850000000000000311e-01 7.766666666666667274e-01 2.740000000000000000e+05 1.000000000000000000e+00
8.499999999999999778e-01 8.300000000000000711e-01 8.066666666666666430e-01 1.731000000000000000e+05 0.000000000000000000e+00
8.100000000000000533e-01 8.300000000000000711e-01 8.233333333333333615e-01 1.499000000000000000e+05 1.000000000000000000e+00
8.499999999999999778e-01 8.300000000000000711e-01 8.366666666666667806e-01 1.227000000000000000e+05 1.000000000000000000e+00
9.399999999999999467e-01 8.950000000000000178e-01 8.666666666666666963e-01 2.200000000000000000e+05 1.000000000000000000e+00
1.100000000000000089e+00 1.020000000000000018e+00 9.633333333333333748e-01 7.139000000000000000e+05 1.000000000000000000e+00
2.029999999999999805e+00 1.564999999999999947e+00 1.356666666666666687e+00 1.793600000000000000e+06 0.000000000000000000e+00
1.979999999999999982e+00 2.004999999999999893e+00 1.703333333333333144e+00 6.750000000000000000e+05 0.000000000000000000e+00
1.840000000000000080e+00 1.910000000000000142e+00 1.949999999999999956e+00 4.229000000000000000e+05 1.000000000000000000e+00
1.939999999999999947e+00 1.890000000000000124e+00 1.919999999999999929e+00 1.117600000000000000e+06 0.000000000000000000e+00
1.760000000000000009e+00 1.850000000000000089e+00 1.846666666666666679e+00 5.898000000000000000e+05 0.000000000000000000e+00
1.620000000000000107e+00 1.689999999999999947e+00 1.773333333333333428e+00 7.387000000000000000e+05 1.000000000000000000e+00
1.780000000000000027e+00 1.700000000000000178e+00 1.719999999999999973e+00 5.839000000000000000e+05 1.000000000000000000e+00
2.669999999999999929e+00 2.225000000000000089e+00 2.023333333333333428e+00 2.192100000000000000e+06 0.000000000000000000e+00
2.379999999999999893e+00 2.524999999999999911e+00 2.276666666666666838e+00 2.062600000000000000e+06 1.000000000000000000e+00
2.479999999999999982e+00 2.429999999999999716e+00 2.509999999999999787e+00 7.975000000000000000e+05 0.000000000000000000e+00
2.299999999999999822e+00 2.389999999999999680e+00 2.386666666666666270e+00 1.042000000000000000e+06 1.000000000000000000e+00
2.399999999999999911e+00 2.349999999999999645e+00 2.393333333333333091e+00 1.187400000000000000e+06 1.000000000000000000e+00
2.410000000000000142e+00 2.405000000000000249e+00 2.369999999999999662e+00 2.495200000000000000e+06 0.000000000000000000e+00
2.399999999999999911e+00 2.405000000000000249e+00 2.403333333333333766e+00 4.364000000000000000e+05 0.000000000000000000e+00
2.209999999999999964e+00 2.304999999999999716e+00 2.340000000000000302e+00 5.089000000000000000e+05 1.000000000000000000e+00
2.680000000000000160e+00 2.445000000000000284e+00 2.429999999999999716e+00 5.337400000000000000e+06 0.000000000000000000e+00
2.589999999999999858e+00 2.634999999999999787e+00 2.493333333333333623e+00 7.313000000000000000e+05 1.000000000000000000e+00
2.629999999999999893e+00 2.609999999999999876e+00 2.633333333333333304e+00 4.649000000000000000e+05 0.000000000000000000e+00
2.290000000000000036e+00 2.459999999999999964e+00 2.503333333333333410e+00 6.519000000000000000e+05 0.000000000000000000e+00
2.160000000000000142e+00 2.225000000000000089e+00 2.359999999999999876e+00 3.557000000000000000e+05 1.000000000000000000e+00
2.279999999999999805e+00 2.219999999999999751e+00 2.243333333333333623e+00 2.063000000000000000e+05 1.000000000000000000e+00
2.379999999999999893e+00 2.330000000000000071e+00 2.273333333333332984e+00 2.409000000000000000e+05 1.000000000000000000e+00
2.830000000000000071e+00 2.604999999999999982e+00 2.496666666666666590e+00 2.718000000000000000e+05 1.000000000000000000e+00
4.179999999999999716e+00 3.504999999999999893e+00 3.130000000000000338e+00 5.084400000000000000e+06 1.000000000000000000e+00
7.500000000000000000e+00 5.839999999999999858e+00 4.836666666666666892e+00 2.079240000000000000e+07 1.000000000000000000e+00
7.860000000000000320e+00 7.679999999999999716e+00 6.513333333333332753e+00 1.488430000000000000e+07 1.000000000000000000e+00
1.299000000000000021e+01 1.042500000000000071e+01 9.450000000000001066e+00 2.160370000000000000e+07 1.000000000000000000e+00
1.508000000000000007e+01 1.403500000000000014e+01 1.197666666666666657e+01 3.924950000000000000e+07 1.000000000000000000e+00
2.092000000000000171e+01 1.800000000000000000e+01 1.633000000000000185e+01 3.130310000000000000e+07 0.000000000000000000e+00
1.599000000000000021e+01 1.845500000000000185e+01 1.733000000000000185e+01 2.425270000000000000e+07 1.000000000000000000e+00
2.675000000000000000e+01 2.137000000000000099e+01 2.122000000000000242e+01 2.711020000000000000e+07 0.000000000000000000e+00
2.587000099999999847e+01 2.631000050000000101e+01 2.287000033333333349e+01 1.961320000000000000e+07 0.000000000000000000e+00
2.346999900000000139e+01 2.467000000000000171e+01 2.536333333333333329e+01 1.760890000000000000e+07 0.000000000000000000e+00
2.054000100000000018e+01 2.200500000000000256e+01 2.329333366666666905e+01 1.669910000000000000e+07 0.000000000000000000e+00
1.787000099999999847e+01 1.920500099999999932e+01 2.062666700000000120e+01 2.040420000000000000e+07 0.000000000000000000e+00
8.900000000000000355e+00 1.338500050000000030e+01 1.577000066666666633e+01 2.309950000000000000e+07 1.000000000000000000e+00
1.080000000000000071e+01 9.850000000000001421e+00 1.252333366666666770e+01 1.697150000000000000e+07 0.000000000000000000e+00
9.000000000000000000e+00 9.900000000000000355e+00 9.566666666666668206e+00 7.133100000000000000e+06 1.000000000000000000e+00
1.069999999999999929e+01 9.849999999999999645e+00 1.016666666666666607e+01 7.459900000000000000e+06 0.000000000000000000e+00
6.389999999999999680e+00 8.544999999999999929e+00 8.696666666666667211e+00 1.040090000000000000e+07 0.000000000000000000e+00
5.040000000000000036e+00 5.714999999999999858e+00 7.376666666666666039e+00 4.526500000000000000e+06 0.000000000000000000e+00
4.150000000000000355e+00 4.595000000000000639e+00 5.193333333333333357e+00 2.565400000000000000e+06 1.000000000000000000e+00
4.639999999999999680e+00 4.394999999999999574e+00 4.610000000000000320e+00 1.537720000000000000e+07 1.000000000000000000e+00
5.309999999999999609e+00 4.974999999999999645e+00 4.699999999999999289e+00 7.471500000000000000e+06 0.000000000000000000e+00
5.120000000000000107e+00 5.214999999999999858e+00 5.023333333333333428e+00 6.122300000000000000e+06 1.000000000000000000e+00
5.370000000000000107e+00 5.245000000000000107e+00 5.266666666666666607e+00 1.089250000000000000e+07 0.000000000000000000e+00
4.549999999999999822e+00 4.959999999999999964e+00 5.013333333333332753e+00 3.936000000000000000e+06 0.000000000000000000e+00
4.190000000000000391e+00 4.370000000000000107e+00 4.703333333333333144e+00 4.595000000000000000e+06 1.000000000000000000e+00
4.259999999999999787e+00 4.224999999999999645e+00 4.333333333333333037e+00 5.300900000000000000e+06 0.000000000000000000e+00
4.259999999999999787e+00 4.259999999999999787e+00 4.236666666666666359e+00 3.467100000000000000e+06 0.000000000000000000e+00
4.160000000000000142e+00 4.209999999999999964e+00 4.226666666666666572e+00 1.782000000000000000e+06 0.000000000000000000e+00
4.080000000000000071e+00 4.120000000000000107e+00 4.166666666666666963e+00 1.343500000000000000e+06 0.000000000000000000e+00
3.290000000000000036e+00 3.685000000000000053e+00 3.843333333333333712e+00 2.355500000000000000e+06 1.000000000000000000e+00
3.319999999999999840e+00 3.304999999999999716e+00 3.563333333333333020e+00 3.233300000000000000e+06 0.000000000000000000e+00
3.209999999999999964e+00 3.264999999999999680e+00 3.273333333333333428e+00 1.060700000000000000e+06 0.000000000000000000e+00
2.750000000000000000e+00 2.979999999999999982e+00 3.093333333333333268e+00 1.573100000000000000e+06 1.000000000000000000e+00
3.080000000000000071e+00 2.915000000000000036e+00 3.013333333333333197e+00 1.253900000000000000e+06 0.000000000000000000e+00
2.770000000000000018e+00 2.924999999999999822e+00 2.866666666666666696e+00 1.614900000000000000e+06 0.000000000000000000e+00
2.419999999999999929e+00 2.594999999999999751e+00 2.756666666666666377e+00 1.079900000000000000e+06 0.000000000000000000e+00
2.370000000000000107e+00 2.395000000000000018e+00 2.520000000000000018e+00 9.770000000000000000e+05 1.000000000000000000e+00
2.439999999999999947e+00 2.405000000000000249e+00 2.410000000000000142e+00 6.643000000000000000e+05 0.000000000000000000e+00
2.299999999999999822e+00 2.370000000000000107e+00 2.370000000000000107e+00 6.852000000000000000e+05 1.000000000000000000e+00
2.419999999999999929e+00 2.359999999999999876e+00 2.386666666666666714e+00 8.840000000000000000e+05 1.000000000000000000e+00
2.430000000000000160e+00 2.424999999999999822e+00 2.383333333333333304e+00 4.041000000000000000e+05 1.000000000000000000e+00
2.569999999999999840e+00 2.500000000000000000e+00 2.473333333333333162e+00 8.085000000000000000e+05 1.000000000000000000e+00
2.680000000000000160e+00 2.625000000000000000e+00 2.560000000000000053e+00 4.479000000000000000e+05 0.000000000000000000e+00
2.660000000000000142e+00 2.669999999999999929e+00 2.636666666666666714e+00 2.505000000000000000e+05 0.000000000000000000e+00
2.509999999999999787e+00 2.584999999999999964e+00 2.616666666666666696e+00 3.530000000000000000e+05 0.000000000000000000e+00
2.049999999999999822e+00 2.279999999999999805e+00 2.406666666666666732e+00 3.204000000000000000e+05 1.000000000000000000e+00
2.379999999999999893e+00 2.214999999999999858e+00 2.313333333333333020e+00 2.133500000000000000e+06 1.000000000000000000e+00
2.720000000000000195e+00 2.549999999999999822e+00 2.383333333333333304e+00 1.997700000000000000e+06 0.000000000000000000e+00
2.229999999999999982e+00 2.475000000000000089e+00 2.443333333333333357e+00 4.856100000000000000e+06 0.000000000000000000e+00
1.909999999999999920e+00 2.069999999999999840e+00 2.286666666666666625e+00 1.547900000000000000e+06 0.000000000000000000e+00
1.699999999999999956e+00 1.804999999999999938e+00 1.946666666666666545e+00 1.083900000000000000e+06 1.000000000000000000e+00
1.860000000000000098e+00 1.780000000000000027e+00 1.823333333333333250e+00 1.800300000000000000e+06 0.000000000000000000e+00
1.659999999999999920e+00 1.760000000000000009e+00 1.739999999999999991e+00 2.255300000000000000e+06 1.000000000000000000e+00
1.669999999999999929e+00 1.665000000000000036e+00 1.729999999999999760e+00 1.412000000000000000e+06 0.000000000000000000e+00
1.649999999999999911e+00 1.659999999999999920e+00 1.660000000000000142e+00 1.045600000000000000e+06 0.000000000000000000e+00
1.610000000000000098e+00 1.629999999999999893e+00 1.643333333333333313e+00 1.011400000000000000e+06 1.000000000000000000e+00
1.750000000000000000e+00 1.680000000000000160e+00 1.669999999999999929e+00 1.446000000000000000e+06 0.000000000000000000e+00
1.709999999999999964e+00 1.729999999999999982e+00 1.690000000000000169e+00 8.863000000000000000e+05 1.000000000000000000e+00
2.020000000000000018e+00 1.864999999999999991e+00 1.826666666666666883e+00 9.219000000000000000e+05 0.000000000000000000e+00
1.949999999999999956e+00 1.984999999999999876e+00 1.893333333333333313e+00 9.348000000000000000e+05 1.000000000000000000e+00
2.100000000000000089e+00 2.024999999999999911e+00 2.023333333333333428e+00 6.267000000000000000e+05 1.000000000000000000e+00
2.450000000000000178e+00 2.275000000000000355e+00 2.166666666666666519e+00 1.336700000000000000e+06 0.000000000000000000e+00
2.250000000000000000e+00 2.350000000000000089e+00 2.266666666666667052e+00 5.785000000000000000e+05 1.000000000000000000e+00
3.049999999999999822e+00 2.649999999999999911e+00 2.583333333333333481e+00 1.729100000000000000e+06 1.000000000000000000e+00
3.140000000000000124e+00 3.094999999999999751e+00 2.813333333333333020e+00 1.361200000000000000e+06 1.000000000000000000e+00
5.330000000000000071e+00 4.235000000000000320e+00 3.839999999999999858e+00 3.030500000000000000e+06 0.000000000000000000e+00
3.109999999999999876e+00 4.219999999999999751e+00 3.859999999999999876e+00 1.615700000000000000e+06 1.000000000000000000e+00
3.450000000000000178e+00 3.280000000000000249e+00 3.963333333333333375e+00 1.708900000000000000e+06 1.000000000000000000e+00
3.799999999999999822e+00 3.625000000000000000e+00 3.453333333333333144e+00 8.208000000000000000e+05 0.000000000000000000e+00
3.729999999999999982e+00 3.764999999999999680e+00 3.660000000000000142e+00 3.493000000000000000e+05 1.000000000000000000e+00
3.799999999999999822e+00 3.764999999999999680e+00 3.776666666666665950e+00 3.515000000000000000e+05 1.000000000000000000e+00
3.899999999999999911e+00 3.849999999999999645e+00 3.810000000000000053e+00 5.804000000000000000e+05 0.000000000000000000e+00
3.220000000000000195e+00 3.560000000000000053e+00 3.640000000000000124e+00 5.966000000000000000e+05 1.000000000000000000e+00
3.419999999999999929e+00 3.320000000000000284e+00 3.513333333333333197e+00 7.550000000000000000e+05 1.000000000000000000e+00
3.669999999999999929e+00 3.544999999999999929e+00 3.436666666666666980e+00 5.110000000000000000e+05 1.000000000000000000e+00
3.910000000000000142e+00 3.790000000000000036e+00 3.666666666666666519e+00 5.072000000000000000e+05 1.000000000000000000e+00
4.419999999999999929e+00 4.165000000000000036e+00 4.000000000000000000e+00 3.929000000000000000e+05 0.000000000000000000e+00
3.450000000000000178e+00 3.935000000000000053e+00 3.926666666666667194e+00 3.771000000000000000e+05 0.000000000000000000e+00
2.660000000000000142e+00 3.055000000000000160e+00 3.510000000000000231e+00 4.240000000000000000e+05 1.000000000000000000e+00
2.669999999999999929e+00 2.665000000000000036e+00 2.926666666666667194e+00 3.579000000000000000e+05 0.000000000000000000e+00
2.640000000000000124e+00 2.655000000000000249e+00 2.656666666666666732e+00 8.811000000000000000e+05 0.000000000000000000e+00
2.250000000000000000e+00 2.445000000000000284e+00 2.520000000000000018e+00 5.404000000000000000e+05 0.000000000000000000e+00
2.020000000000000018e+00 2.134999999999999787e+00 2.303333333333333233e+00 3.763000000000000000e+05 0.000000000000000000e+00
1.620000000000000107e+00 1.820000000000000062e+00 1.963333333333333153e+00 4.651000000000000000e+05 1.000000000000000000e+00
1.669999999999999929e+00 1.645000000000000018e+00 1.770000000000000240e+00 4.299000000000000000e+05 1.000000000000000000e+00
1.949999999999999956e+00 1.810000000000000053e+00 1.746666666666666812e+00 3.687000000000000000e+05 1.000000000000000000e+00
2.890000000000000124e+00 2.419999999999999929e+00 2.169999999999999929e+00 1.655600000000000000e+06 0.000000000000000000e+00
2.370000000000000107e+00 2.629999999999999893e+00 2.403333333333333321e+00 9.250000000000000000e+05 0.000000000000000000e+00
2.290000000000000036e+00 2.330000000000000071e+00 2.516666666666666607e+00 5.627000000000000000e+05 0.000000000000000000e+00
2.140000000000000124e+00 2.214999999999999858e+00 2.266666666666667052e+00 4.124000000000000000e+05 0.000000000000000000e+00
1.739999999999999991e+00 1.939999999999999947e+00 2.056666666666666643e+00 3.761000000000000000e+05 0.000000000000000000e+00
1.489999999999999991e+00 1.614999999999999991e+00 1.790000000000000036e+00 5.564000000000000000e+05 0.000000000000000000e+00
1.139999999999999902e+00 1.314999999999999947e+00 1.456666666666666776e+00 3.964000000000000000e+05 1.000000000000000000e+00
1.169999999999999929e+00 1.154999999999999805e+00 1.266666666666666607e+00 2.160000000000000000e+05 1.000000000000000000e+00
1.209999999999999964e+00 1.189999999999999947e+00 1.173333333333333117e+00 2.080000000000000000e+05 0.000000000000000000e+00
1.209999999999999964e+00 1.209999999999999964e+00 1.196666666666666545e+00 2.686000000000000000e+05 1.000000000000000000e+00
1.479999999999999982e+00 1.344999999999999973e+00 1.300000000000000044e+00 6.444000000000000000e+05 1.000000000000000000e+00
1.870000000000000107e+00 1.675000000000000044e+00 1.520000000000000240e+00 1.655500000000000000e+06 1.000000000000000000e+00
2.000000000000000000e+00 1.935000000000000053e+00 1.783333333333333215e+00 7.346000000000000000e+05 1.000000000000000000e+00
2.049999999999999822e+00 2.024999999999999911e+00 1.973333333333333384e+00 7.595000000000000000e+05 0.000000000000000000e+00
2.009999999999999787e+00 2.029999999999999805e+00 2.020000000000000018e+00 3.744000000000000000e+05 0.000000000000000000e+00
1.919999999999999929e+00 1.964999999999999858e+00 1.993333333333333179e+00 3.015000000000000000e+05 0.000000000000000000e+00
1.899999999999999911e+00 1.909999999999999920e+00 1.943333333333333357e+00 2.967000000000000000e+05 0.000000000000000000e+00
1.889999999999999902e+00 1.895000000000000018e+00 1.903333333333333321e+00 2.548000000000000000e+05 0.000000000000000000e+00
1.770000000000000018e+00 1.830000000000000071e+00 1.853333333333333499e+00 3.140000000000000000e+05 1.000000000000000000e+00
1.870000000000000107e+00 1.820000000000000062e+00 1.843333333333333490e+00 3.121000000000000000e+05 0.000000000000000000e+00
1.750000000000000000e+00 1.810000000000000053e+00 1.796666666666666856e+00 1.952000000000000000e+05 0.000000000000000000e+00
1.689999999999999947e+00 1.719999999999999973e+00 1.770000000000000240e+00 1.777000000000000000e+05 0.000000000000000000e+00
1.550000000000000044e+00 1.620000000000000107e+00 1.663333333333333330e+00 2.914000000000000000e+05 1.000000000000000000e+00
1.659999999999999920e+00 1.604999999999999982e+00 1.633333333333333526e+00 3.909000000000000000e+05 1.000000000000000000e+00
1.750000000000000000e+00 1.705000000000000071e+00 1.653333333333333321e+00 7.496000000000000000e+05 1.000000000000000000e+00
1.959999999999999964e+00 1.854999999999999982e+00 1.790000000000000036e+00 2.331100000000000000e+06 0.000000000000000000e+00
1.649999999999999911e+00 1.804999999999999938e+00 1.786666666666666403e+00 8.026000000000000000e+05 0.000000000000000000e+00
1.340000000000000080e+00 1.495000000000000107e+00 1.650000000000000133e+00 6.796000000000000000e+05 0.000000000000000000e+00
1.219999999999999973e+00 1.280000000000000027e+00 1.403333333333333321e+00 4.315000000000000000e+05 1.000000000000000000e+00
1.360000000000000098e+00 1.290000000000000036e+00 1.306666666666666643e+00 6.877000000000000000e+05 0.000000000000000000e+00
1.280000000000000027e+00 1.320000000000000062e+00 1.286666666666666847e+00 3.800000000000000000e+05 1.000000000000000000e+00
1.330000000000000071e+00 1.305000000000000160e+00 1.323333333333333472e+00 1.124000000000000000e+06 0.000000000000000000e+00
1.219999999999999973e+00 1.274999999999999911e+00 1.276666666666666616e+00 4.459000000000000000e+05 0.000000000000000000e+00
1.100000000000000089e+00 1.160000000000000142e+00 1.216666666666666563e+00 3.531000000000000000e+05 0.000000000000000000e+00
1.040000000000000036e+00 1.070000000000000062e+00 1.120000000000000107e+00 6.025000000000000000e+05 0.000000000000000000e+00
9.499999999999999556e-01 9.949999999999999956e-01 1.030000000000000027e+00 5.714000000000000000e+05 0.000000000000000000e+00
9.100000000000000311e-01 9.299999999999999378e-01 9.666666666666666741e-01 2.927000000000000000e+05 0.000000000000000000e+00
7.900000000000000355e-01 8.500000000000000888e-01 8.833333333333333037e-01 3.452000000000000000e+05 0.000000000000000000e+00
6.099999999999999867e-01 6.999999999999999556e-01 7.700000000000000178e-01 2.126000000000000000e+05 1.000000000000000000e+00
6.500000000000000222e-01 6.300000000000000044e-01 6.833333333333332371e-01 1.842000000000000000e+05 1.000000000000000000e+00
6.899999999999999467e-01 6.699999999999999289e-01 6.500000000000000222e-01 3.576000000000000000e+05 0.000000000000000000e+00
6.500000000000000222e-01 6.699999999999999289e-01 6.633333333333332194e-01 1.060400000000000000e+06 1.000000000000000000e+00
1.350000000000000089e+00 1.000000000000000000e+00 8.966666666666666119e-01 6.587520000000000000e+07 1.000000000000000000e+00
1.360000000000000098e+00 1.354999999999999982e+00 1.120000000000000107e+00 2.524560000000000000e+07 0.000000000000000000e+00
1.209999999999999964e+00 1.285000000000000142e+00 1.306666666666666643e+00 2.772800000000000000e+06 1.000000000000000000e+00
1.500000000000000000e+00 1.354999999999999982e+00 1.356666666666666687e+00 4.270000000000000000e+06 0.000000000000000000e+00
1.479999999999999982e+00 1.489999999999999991e+00 1.396666666666666501e+00 2.746500000000000000e+06 0.000000000000000000e+00
1.260000000000000009e+00 1.370000000000000107e+00 1.413333333333333330e+00 1.416400000000000000e+06 1.000000000000000000e+00
1.429999999999999938e+00 1.344999999999999973e+00 1.389999999999999902e+00 9.242000000000000000e+05 0.000000000000000000e+00
1.290000000000000036e+00 1.359999999999999876e+00 1.326666666666666661e+00 5.854000000000000000e+05 1.000000000000000000e+00
1.320000000000000062e+00 1.305000000000000160e+00 1.346666666666666679e+00 9.358000000000000000e+05 0.000000000000000000e+00
1.239999999999999991e+00 1.280000000000000027e+00 1.283333333333333437e+00 4.125000000000000000e+05 0.000000000000000000e+00
1.179999999999999938e+00 1.209999999999999964e+00 1.246666666666666812e+00 1.143500000000000000e+06 1.000000000000000000e+00
1.479999999999999982e+00 1.330000000000000071e+00 1.300000000000000044e+00 5.523300000000000000e+06 1.000000000000000000e+00
1.590000000000000080e+00 1.535000000000000142e+00 1.416666666666666741e+00 1.324000000000000000e+06 0.000000000000000000e+00
1.489999999999999991e+00 1.540000000000000036e+00 1.520000000000000240e+00 1.289500000000000000e+06 0.000000000000000000e+00
1.120000000000000107e+00 1.305000000000000160e+00 1.400000000000000133e+00 1.411000000000000000e+06 1.000000000000000000e+00
1.419999999999999929e+00 1.270000000000000018e+00 1.343333333333333490e+00 1.016000000000000000e+06 0.000000000000000000e+00
1.250000000000000000e+00 1.334999999999999964e+00 1.263333333333333419e+00 7.851000000000000000e+05 0.000000000000000000e+00
1.189999999999999947e+00 1.219999999999999973e+00 1.286666666666666625e+00 7.050000000000000000e+05 0.000000000000000000e+00
1.110000000000000098e+00 1.149999999999999911e+00 1.183333333333333348e+00 5.036000000000000000e+05 1.000000000000000000e+00
1.189999999999999947e+00 1.149999999999999911e+00 1.163333333333333330e+00 7.009000000000000000e+05 0.000000000000000000e+00
1.110000000000000098e+00 1.149999999999999911e+00 1.136666666666666714e+00 3.518000000000000000e+05 0.000000000000000000e+00
1.110000000000000098e+00 1.110000000000000098e+00 1.136666666666666714e+00 2.671400000000000000e+06 0.000000000000000000e+00
1.050000000000000044e+00 1.080000000000000071e+00 1.090000000000000080e+00 3.568000000000000000e+05 1.000000000000000000e+00
1.090000000000000080e+00 1.070000000000000062e+00 1.083333333333333259e+00 7.662000000000000000e+05 1.000000000000000000e+00
1.110000000000000098e+00 1.100000000000000089e+00 1.083333333333333259e+00 8.723000000000000000e+05 1.000000000000000000e+00
1.229999999999999982e+00 1.169999999999999929e+00 1.143333333333333313e+00 9.352000000000000000e+05 0.000000000000000000e+00
1.199999999999999956e+00 1.214999999999999858e+00 1.179999999999999938e+00 7.039000000000000000e+05 1.000000000000000000e+00
1.340000000000000080e+00 1.270000000000000018e+00 1.256666666666666599e+00 1.107600000000000000e+06 0.000000000000000000e+00
1.229999999999999982e+00 1.285000000000000142e+00 1.256666666666666599e+00 8.274000000000000000e+05 1.000000000000000000e+00
2.430000000000000160e+00 1.830000000000000071e+00 1.666666666666666741e+00 8.133260000000000000e+07 0.000000000000000000e+00
1.570000000000000062e+00 2.000000000000000000e+00 1.743333333333333401e+00 5.363700000000000000e+06 0.000000000000000000e+00
1.419999999999999929e+00 1.495000000000000107e+00 1.806666666666666643e+00 2.573500000000000000e+06 0.000000000000000000e+00
1.399999999999999911e+00 1.409999999999999920e+00 1.463333333333333597e+00 4.856900000000000000e+06 1.000000000000000000e+00
1.530000000000000027e+00 1.464999999999999858e+00 1.449999999999999956e+00 8.493200000000000000e+06 1.000000000000000000e+00
1.620000000000000107e+00 1.575000000000000178e+00 1.516666666666666607e+00 1.297410000000000000e+07 1.000000000000000000e+00
1.719999999999999973e+00 1.669999999999999929e+00 1.623333333333333295e+00 4.152200000000000000e+06 0.000000000000000000e+00
1.540000000000000036e+00 1.629999999999999893e+00 1.626666666666666705e+00 3.207500000000000000e+06 0.000000000000000000e+00
