1989-11-01,2.129630,2.157408,1.814815,1.925926,0.527488,94473000
1989-12-01,1.925926,1.939815,1.638889,1.902778,0.581663,63992700
1990-01-01,1.902778,2.018518,1.685185,1.731481,0.529300,70362000
1990-02-01,1.777778,2.120370,1.773148,2.092592,0.639688,64049400
1990-03-01,2.083333,2.481482,1.990741,2.453704,0.750077,72365400
1990-04-01,2.453704,2.592592,2.319444,2.370370,0.797323,56335500
1990-05-01,2.416667,2.606482,2.277778,2.476852,0.833140,102232800
1990-06-01,2.527778,2.527778,1.981481,2.148148,0.722574,144363600
1990-07-01,2.157408,2.430556,2.083333,2.115741,0.771986,84229200
1990-08-01,2.148148,2.203704,1.777778,1.981481,0.722997,125323200
1990-09-01,1.972222,2.041667,1.666667,1.759259,0.734077,69722100
1990-10-01,1.768519,1.870370,1.444444,1.814815,0.757258,108230700
1990-11-01,1.833333,2.379630,1.777778,2.351852,0.981345,98741200
1990-12-01,2.370370,2.685185,2.351852,2.453704,1.023844,69068300
1991-01-01,2.453704,3.166667,2.444444,3.148148,1.387691,105785300
1991-02-01,3.166667,3.509259,2.962963,3.370370,1.485646,76934600
1991-03-01,3.333333,3.833333,3.277778,3.694444,1.628496,94869400
1991-04-01,3.657408,4.814815,3.638889,4.194445,1.920229,73392200
1991-05-01,4.194445,5.055555,4.111111,5.055555,2.314449,81484200
1991-06-01,5.009259,5.009259,4.287037,4.435185,2.030442,67290200
1991-07-01,4.453704,5.296296,4.444445,5.166667,2.442945,64822700
1991-08-01,5.185185,6.759259,5.129630,6.462963,3.055869,79928300
1991-09-01,6.407407,6.851852,6.000000,6.555555,3.138430,52680700
1991-10-01,6.537037,7.129630,6.037037,6.944445,3.324609,61564900
1991-11-01,6.981482,7.944445,6.555555,7.833333,3.750161,64197600
1991-12-01,7.703704,8.333333,7.148148,7.925926,3.794486,77656300
1992-01-01,7.851852,8.796296,7.407407,7.888889,3.815885,93286100
1992-02-01,7.888889,8.333333,6.796296,7.518518,3.636734,92007300
1992-03-01,7.518518,7.574074,6.222222,6.500000,3.144074,131110100
1992-04-01,6.462963,6.611111,5.685185,6.148148,3.005993,113689600
1992-05-01,6.111111,6.425926,4.962963,5.055555,2.471797,149357100
1992-06-01,5.018518,5.203704,4.592593,5.111111,2.498959,92890900
1992-07-01,5.092593,5.370370,4.703704,5.296296,2.632423,77815300
1992-08-01,5.296296,5.388889,4.574074,5.018518,2.494360,112456800
1992-09-01,5.000000,5.370370,4.444445,4.740741,2.394765,103545400
1992-10-01,4.740741,5.037037,4.166667,5.018518,2.535083,105742100
1992-11-01,4.777778,5.666667,4.370370,5.592593,2.825075,143711600
1992-12-01,5.592593,5.592593,4.814815,4.888889,2.506453,91202600
1993-01-01,4.944445,5.259259,4.611111,5.111111,2.620382,74510700
1993-02-01,5.055555,5.555555,4.666667,4.796296,2.458982,67090400
1993-03-01,4.796296,5.148148,4.648148,4.759259,2.439993,60132400
1993-04-01,4.759259,4.759259,4.074074,4.333333,2.259466,72825100
1993-05-01,4.370370,5.518518,4.240741,5.166667,2.693979,106196500
1993-06-01,5.259259,5.462963,4.444445,4.481482,2.382272,61757500
1993-07-01,4.481482,4.481482,4.000000,4.388889,2.333053,76503300
1993-08-01,4.407407,4.555555,4.092593,4.240741,2.254299,74358400
1993-09-01,4.240741,4.481482,3.777778,4.370370,2.379901,80151000
1993-10-01,4.370370,5.296296,4.259259,5.277778,2.874032,91236300
1993-11-01,5.259259,6.129630,5.000000,5.925926,3.226986,129888200
1993-12-01,5.962963,6.296296,5.722222,5.833333,3.233211,84058400
1994-01-01,5.814815,6.351852,5.611111,6.259259,3.469286,81265100
1994-02-01,6.148148,6.925926,5.907407,6.703704,3.715625,70734300
1994-03-01,6.703704,7.148148,6.240741,6.574074,3.698511,89676900
1994-04-01,6.388889,7.314815,6.351852,6.981482,3.927716,78365100
1994-05-01,7.018518,7.240741,6.259259,6.425926,3.615165,62908800
1994-06-01,6.370370,6.425926,5.703704,6.333333,3.628839,101406100
1994-07-01,6.333333,6.425926,5.629630,5.703704,3.268077,73143500
1994-08-01,5.703704,6.629630,5.407407,6.370370,3.650059,107577300
1994-09-01,5.888889,5.907407,4.462963,4.870370,2.843461,258978900
1994-10-01,4.888889,5.277778,4.722222,5.018518,2.929953,132757000
1994-11-01,5.000000,5.722222,4.870370,5.240741,3.059692,119919600
1994-12-01,5.092593,5.129630,4.277778,4.518518,2.699273,119243000
1995-01-01,4.518518,4.870370,4.444445,4.814815,2.876275,74353500
1995-02-01,4.833333,5.166667,4.796296,4.796296,2.865213,55903500
1995-03-01,4.814815,5.259259,4.555555,5.259259,3.141777,88069500
1995-04-01,5.240741,5.240741,4.648148,4.722222,2.892038,58176300
1995-05-01,4.722222,5.148148,4.407407,5.092593,3.118863,95850700
1995-06-01,5.037037,5.537037,4.888889,5.166667,3.240687,77897600
1995-07-01,5.166667,5.500000,5.000000,5.166667,3.240687,70127900
1995-08-01,5.166667,5.166667,4.703704,4.777778,2.996763,82677400
1995-09-01,4.740741,5.444445,4.740741,5.333333,3.431865,57308900
1995-10-01,5.333333,5.981482,5.277778,5.833333,3.753600,79593300
1995-11-01,5.833333,7.555555,5.703704,6.703704,4.313663,182042700
1995-12-01,6.796296,7.000000,6.092593,6.222222,4.068703,78726500
1996-01-01,6.240741,7.203704,6.222222,6.981482,4.565180,95680900
1996-02-01,6.944445,8.222222,6.870370,7.907407,5.170641,142468200
1996-03-01,7.981482,8.666667,7.666667,8.203704,5.364390,96887000
1996-04-01,8.203704,9.037037,7.555555,8.925926,5.947282,103200900
1996-05-01,8.888889,10.148149,8.481482,9.962963,6.638254,73417700
1996-06-01,9.925926,10.703704,9.222222,9.518518,6.342124,71175800
1996-07-01,9.444445,9.814815,8.074074,8.814815,5.916149,70264700
1996-08-01,8.888889,10.814815,8.851851,10.370370,6.960176,57050100
1996-09-01,10.111111,10.407408,8.444445,8.555555,5.742145,183119800
1996-10-01,8.518518,9.296296,7.703704,8.555555,5.784546,120395400
1996-11-01,8.555555,9.703704,8.481482,9.518518,6.435622,63224200
1996-12-01,9.666667,9.925926,8.925926,8.925926,6.034961,48517000
1997-01-01,9.000000,9.222222,8.259259,8.518518,5.804496,83807400
1997-02-01,8.555555,10.148149,8.481482,9.777778,6.662552,91063900
1997-03-01,9.666667,10.740741,9.555555,9.925926,6.763501,55390000
1997-04-01,10.000000,10.037037,8.851851,9.444445,6.485894,58370000
1997-05-01,9.518518,10.222222,9.111111,10.185185,6.994586,73371700
1997-06-01,10.148149,11.592592,9.777778,11.518518,7.910244,63247500
1997-07-01,11.537037,13.259259,11.370370,13.166667,9.110102,71381700
1997-08-01,13.092592,13.462963,12.462963,13.166667,9.110102,55466200
1997-09-01,13.240741,15.833333,13.240741,14.814815,10.250467,71176100
1997-10-01,14.851851,15.907408,14.222222,15.759259,10.963399,54921800
1997-11-01,15.777778,17.148148,15.185185,15.907408,11.066459,49390400
1997-12-01,16.148148,16.944445,14.638889,15.750000,10.956958,44956300
1998-01-01,15.638889,18.333334,15.305555,17.361111,12.132442,38272100
1998-02-01,17.694445,20.472221,17.555555,19.861111,13.879514,36619800
1998-03-01,19.861111,21.250000,18.833334,20.000000,13.976570,34408600
1998-04-01,20.000000,22.888889,19.666666,22.861111,16.016331,43604900
1998-05-01,22.888889,24.638889,22.416666,24.000000,16.814234,26989100
1998-06-01,24.083334,28.611111,23.694445,27.305555,19.130077,59149000
1998-07-01,27.277779,29.972221,25.222221,26.500000,18.603653,45431900
1998-08-01,26.555555,30.222221,22.694445,22.694445,15.932053,69112400
1998-09-01,22.666666,27.388889,20.416666,23.444445,16.458572,112842100
1998-10-01,22.722221,27.555555,20.166666,26.722221,18.795069,77003400
1998-11-01,26.666666,34.527779,26.111111,32.777779,23.054256,73832000
1998-12-01,33.000000,40.916668,31.291666,37.416668,26.317020,63820700
1999-01-01,38.500000,43.333332,36.916668,42.791668,30.125496,49208400
1999-02-01,43.291668,44.666668,39.833332,43.125000,30.360149,39524900
1999-03-01,42.791668,47.166668,41.375000,44.875000,31.592152,51251100
1999-04-01,45.541668,51.583332,42.291668,44.375000,31.264307,55132700
1999-05-01,44.791668,47.500000,39.375000,41.708332,29.385513,77658500
1999-06-01,42.541668,50.375000,40.791668,50.375000,35.491592,45216900
1999-07-01,50.375000,52.687500,45.250000,46.750000,32.963005,32930100
1999-08-01,46.062500,47.937500,35.187500,39.125000,27.586674,65365500
1999-09-01,38.937500,40.125000,31.250000,32.000000,22.562906,77629300
1999-10-01,32.500000,39.000000,30.812500,37.125000,26.193663,79271400
1999-11-01,35.500000,42.437500,32.000000,40.562500,28.619013,82931500
1999-12-01,41.250000,46.875000,39.750000,46.000000,32.455452,63351600
2000-01-01,44.375000,50.312500,39.125000,44.687500,31.544880,62437000
2000-02-01,44.937500,53.750000,41.062500,48.312500,34.103771,69382000
2000-03-01,47.812500,50.187500,41.500000,49.812500,35.180107,57668100
2000-04-01,48.500000,53.125000,35.000000,36.750000,25.954699,83108800
2000-05-01,38.500000,39.812500,32.750000,35.062500,24.762918,78857800
2000-06-01,34.312500,35.500000,28.000000,31.250000,22.084324,88178800
2000-07-01,30.375000,39.125000,29.625000,35.812500,25.308626,82072300
2000-08-01,36.500000,38.000000,21.125000,22.250000,15.724038,187600400
2000-09-01,22.437500,25.500000,19.562500,20.062500,14.178133,86300400
2000-10-01,20.062500,25.875000,18.500000,25.812500,18.257860,98974000
2000-11-01,25.312500,28.000000,23.125000,24.937500,17.638935,84570500
2000-12-01,25.000000,28.125000,21.500000,25.500000,18.052237,60987600
2001-01-01,25.312500,34.000000,25.000000,32.599998,23.078543,115613500
2001-02-01,32.599998,33.450001,25.850000,27.240000,19.284029,79457100
2001-03-01,26.990000,27.000000,22.180000,23.719999,16.804844,91266200
2001-04-01,23.469999,28.850000,22.020000,27.709999,19.631634,88607100
2001-05-01,27.719999,34.980000,27.200001,31.000000,21.962490,99918900
2001-06-01,31.000000,34.000000,29.000000,29.000000,20.560253,76978500
2001-07-01,29.209999,30.680000,25.379999,27.309999,19.362087,81817800
2001-08-01,27.870001,28.790001,18.930000,19.650000,13.931342,125535800
2001-09-01,19.650000,20.299999,11.120000,11.950000,8.472240,128762400
2001-10-01,11.930000,14.900000,11.550000,13.070000,9.283116,131805100
2001-11-01,13.340000,15.640000,12.990000,13.230000,9.396759,113554600
2001-12-01,13.000000,14.380000,11.690000,13.940000,9.901044,129388500
2002-01-01,13.840000,17.000000,13.360000,14.400000,10.245164,127616000
2002-02-01,14.060000,14.350000,11.850000,11.970000,8.516293,161089900
2002-03-01,12.030000,15.700000,11.920000,15.040000,10.718895,155528500
2002-04-01,14.760000,15.900000,13.300000,14.110000,10.056093,107623500
2002-05-01,14.110000,17.139999,13.450000,14.570000,10.383930,175735700
2002-06-01,14.560000,15.990000,13.450000,14.200000,10.136298,101443200
2002-07-01,14.210000,15.070000,9.100000,12.150000,8.672959,99997600
2002-08-01,12.250000,13.400000,10.610000,11.730000,8.373154,109912800
2002-09-01,11.630000,13.450000,10.780000,10.850000,7.744984,83754700
2002-10-01,10.850000,12.100000,8.350000,11.770000,8.416651,155547500
2002-11-01,11.960000,16.000000,11.880000,15.890000,11.362836,154162100
2002-12-01,16.620001,16.750000,14.300000,15.520000,11.098251,134075000
2003-01-01,15.600000,16.209999,14.000000,14.630000,10.476587,125097700
2003-02-01,14.800000,15.850000,12.970000,13.040000,9.337985,134038800
2003-03-01,13.150000,15.180000,12.010000,14.490000,10.391922,133301000
2003-04-01,14.490000,16.969999,14.300000,16.629999,11.926681,116499200
2003-05-01,16.600000,18.030001,15.850000,17.000000,12.192039,162817500
2003-06-01,17.100000,19.100000,16.709999,18.760000,13.472399,126531200
2003-07-01,18.360001,19.629999,17.680000,17.990000,12.919430,96815600
2003-08-01,17.990000,20.920000,17.400000,20.889999,15.002051,87169900
2003-09-01,20.950001,21.290001,16.990000,17.120001,12.294643,165134300
2003-10-01,17.120001,19.940001,17.040001,19.080000,13.718827,125618500
2003-11-01,19.080000,22.010000,18.379999,21.500000,15.458855,121388800
2003-12-01,21.680000,23.469999,20.500000,23.209999,16.688374,89867100
2004-01-01,23.230000,23.360001,18.150000,18.580000,13.373168,157918900
2004-02-01,18.780001,21.580000,18.750000,20.799999,14.971038,116155900
2004-03-01,20.950001,21.980000,20.299999,21.920000,15.794403,83520000
2004-04-01,21.990000,23.389999,21.639999,22.010000,15.859257,84104400
2004-05-01,22.150000,24.389999,21.379999,24.150000,17.401224,98502800
2004-06-01,24.160000,25.719999,24.010000,24.250000,17.490755,98981000
2004-07-01,24.260000,25.020000,21.129999,22.700001,16.372791,120175000
2004-08-01,22.650000,22.760000,18.639999,18.740000,13.516564,159321600
2004-09-01,18.670000,20.590000,18.120001,18.650000,13.466636,114068200
2004-10-01,18.969999,20.320000,18.530001,19.980000,14.426991,110738200
2004-11-01,19.950001,23.750000,19.950001,21.850000,15.777268,131698200
2004-12-01,22.000000,22.600000,19.900000,21.120001,15.264821,125147200
2005-01-01,21.000000,22.520000,20.530001,22.010000,15.908086,127976000
2005-02-01,21.980000,22.049999,20.410000,21.330000,15.416603,77773000
2005-03-01,21.430000,22.700001,20.969999,21.840000,15.801569,133873400
2005-04-01,21.820000,22.219999,20.709999,21.350000,15.447054,115386900
2005-05-01,21.299999,21.879999,20.320000,21.000000,15.225189,95289600
2005-06-01,20.900000,21.360001,19.520000,19.750000,14.318928,91295400
2005-07-01,19.879999,21.520000,19.580000,21.110001,15.339306,74728400
2005-08-01,21.150000,22.190001,18.490000,19.010000,13.813365,113965600
2005-09-01,18.500000,19.150000,16.700001,17.430000,12.665278,115805400
2005-10-01,17.559999,17.750000,15.900000,17.280001,12.556283,96678500
2005-11-01,17.280001,18.750000,16.709999,17.379999,12.662602,126237800
2005-12-01,17.330000,18.590000,17.160000,17.639999,12.852031,90638100
2006-01-01,17.780001,18.240000,16.830000,18.090000,13.213273,126704400
2006-02-01,18.000000,19.420000,17.860001,18.540001,13.541966,126601000
2006-03-01,18.490000,18.799999,17.260000,18.680000,13.644218,108342300
2006-04-01,19.080000,19.100000,17.340000,18.090000,13.271164,99931400
2006-05-01,18.170000,18.879999,17.750000,18.200001,13.351859,116791200
2006-06-01,18.100000,18.290001,16.830000,17.400000,12.764965,94180200
2006-07-01,17.530001,17.750000,15.910000,17.350000,12.786944,106799300
2006-08-01,17.170000,17.719999,16.049999,16.809999,12.388963,154454800
2006-09-01,16.940001,19.440001,16.410000,18.950001,13.966142,167868100
2006-10-01,19.129999,21.389999,18.740000,21.020000,15.491735,162100000
2006-11-01,21.030001,21.090000,18.400000,18.719999,13.853645,157700700
2006-12-01,18.730000,20.700001,18.559999,19.500000,14.430878,98095100
2007-01-01,19.820000,21.040001,18.500000,19.170000,14.244099,193565700
2007-02-01,19.180000,20.260000,18.209999,19.190001,14.258957,107917300
2007-03-01,18.900000,19.320000,17.110001,17.209999,12.787742,163654300
2007-04-01,17.219999,19.110001,17.209999,17.950001,13.337590,143982200
2007-05-01,17.860001,18.809999,17.530001,18.520000,13.823181,138240100
2007-06-01,18.520000,19.660000,18.059999,19.100000,14.256086,161904200
2007-07-01,19.240000,19.299999,16.750000,17.200001,12.837943,155850300
2007-08-01,17.200001,18.959999,15.200000,18.760000,14.060900,249531700
2007-09-01,19.000000,19.160000,17.459999,18.440001,13.821056,175724300
2007-10-01,18.440001,19.730000,17.330000,18.900000,14.165829,158317700
2007-11-01,18.709999,20.790001,17.879999,20.400000,15.354555,192535800
2007-12-01,20.190001,22.020000,19.959999,21.280001,16.016914,178927800
2008-01-01,21.230000,21.250000,16.360001,19.090000,14.368549,247073800
2008-02-01,19.100000,20.700001,18.090000,20.170000,15.243467,207150300
2008-03-01,20.180000,21.889999,19.020000,19.680000,14.873151,214570900
2008-04-01,20.070000,20.780001,17.770000,18.620001,14.072049,212032700
2008-05-01,18.590000,19.260000,17.549999,18.250000,13.851744,188270700
2008-06-01,18.230000,18.410000,16.200001,16.670000,12.652524,229800600
2008-07-01,16.450001,17.760000,14.770000,16.120001,12.235077,201097400
2008-08-01,16.250000,20.700001,15.880000,19.450001,14.838111,237969000
2008-09-01,19.750000,20.799999,16.930000,17.780001,13.564092,248293300
2008-10-01,17.559999,17.799999,11.010000,12.940000,9.871727,269761700
2008-11-01,12.950000,13.820000,9.410000,13.020000,9.987743,199086700
2008-12-01,13.020000,14.570000,11.790000,13.390000,10.271575,200225900
2009-01-01,13.710000,14.350000,11.210000,11.280000,8.652978,177842900
2009-02-01,11.270000,12.170000,10.280000,10.790000,8.327403,173370500
2009-03-01,10.570000,13.350000,9.560000,12.990000,10.025296,218019000
2009-04-01,12.790000,15.830000,12.600000,15.540000,11.993314,232538200
2009-05-01,15.520000,17.850000,15.010000,17.850000,13.853316,240156700
2009-06-01,17.930000,18.760000,15.210000,16.400000,12.727975,205008000
2009-07-01,16.450001,16.719999,14.650000,16.320000,12.665889,193640300
2009-08-01,16.770000,20.250000,16.230000,19.650000,15.334980,193157700
2009-09-01,19.740000,22.639999,19.440001,21.400000,16.700693,209544800
2009-10-01,21.430000,23.360001,20.780001,21.340000,16.653875,205755900
2009-11-01,21.379999,23.150000,21.240000,21.420000,16.780525,183202200
2009-12-01,21.670000,22.170000,20.500000,20.950001,16.412325,156783000
2010-01-01,20.730000,21.389999,18.639999,19.080000,14.947363,209005900
2010-02-01,19.209999,21.760000,19.020000,21.500000,16.911816,198221500
2010-03-01,21.520000,23.629999,21.360001,23.110001,18.178238,159211700
2010-04-01,23.330000,26.340000,23.299999,24.730000,19.452520,152347200
2010-05-01,24.860001,26.040001,20.940001,21.799999,17.220673,217725000
2010-06-01,21.600000,22.360001,19.400000,19.459999,15.372208,219417500
2010-07-01,19.410000,20.040001,17.450001,18.110001,14.305792,242946900
2010-08-01,18.490000,18.660000,16.620001,16.889999,13.409450,211963900
2010-09-01,17.020000,19.209999,17.020000,18.639999,14.798827,174923400
2010-10-01,18.639999,20.090000,17.690001,19.010000,15.092586,210175200
2010-11-01,19.110001,21.540001,18.889999,21.360001,17.052422,198293500
2010-12-01,21.440001,22.510000,20.870001,22.139999,17.675127,158757100
2011-01-01,22.320000,22.340000,19.120001,19.270000,15.383904,216034800
2011-02-01,19.410000,23.219999,18.940001,22.530001,18.068081,175133100
2011-03-01,22.530001,22.750000,21.010000,22.660000,18.172333,181229300
2011-04-01,22.740000,23.350000,21.459999,23.240000,18.637470,164387900
2011-05-01,23.230000,23.730000,18.600000,19.400000,15.635686,206884600
2011-06-01,19.299999,19.330000,17.410000,18.100000,14.587937,199865000
2011-07-01,18.059999,20.000000,17.820000,19.290001,15.547032,133603400
2011-08-01,19.459999,19.520000,15.260000,16.520000,13.397784,262986000
2011-09-01,15.960000,17.620001,15.080000,16.240000,13.170705,171127700
2011-10-01,16.000000,19.680000,15.710000,18.900000,15.327974,132161600
2011-11-01,18.360001,20.410000,17.620001,18.690001,15.257108,134226700
2011-12-01,18.580000,19.250000,17.709999,18.549999,15.142825,77296800
2012-01-01,18.799999,19.670000,17.750000,18.980000,15.587017,117599800
2012-02-01,19.100000,23.770000,19.090000,23.360001,19.184023,166309000
2012-03-01,25.430000,27.000000,24.170000,26.139999,21.467051,160713100
2012-04-01,26.370001,29.010000,25.190001,28.500000,23.405167,169462500
2012-05-01,28.610001,29.230000,25.309999,26.500000,21.866068,168742600
2012-06-01,26.059999,27.799999,25.020000,27.360001,22.575684,137412100
2012-07-01,27.530001,30.200001,26.570000,29.490000,24.449163,114984600
2012-08-01,29.629999,36.599998,29.400000,35.820000,29.697157,163332300
2012-09-01,35.709999,36.730000,34.790001,35.779999,29.663986,118890500
2012-10-01,35.980000,37.849998,34.570000,35.720001,29.614246,91995000
2012-11-01,35.730000,36.150002,32.540001,34.459999,28.763115,109426500
2012-12-01,34.520000,34.689999,29.840000,31.040001,25.908508,158150700
2013-01-01,31.570000,33.590000,30.650000,32.680000,27.388935,92015700
2013-02-01,32.889999,33.880001,31.190001,32.919998,27.590082,104048200
2013-03-01,33.700001,36.869999,32.910000,35.400002,29.668554,91897100
2013-04-01,35.330002,38.230000,35.099998,37.990002,31.839216,79623700
2013-05-01,37.939999,41.860001,37.560001,40.549999,34.124409,86601800
2013-06-01,40.549999,42.450001,39.959999,41.730000,35.117424,68497500
2013-07-01,41.939999,46.419998,41.939999,45.900002,38.626644,54748800
2013-08-01,46.380001,46.560001,40.330002,40.439999,34.150143,80949200
2013-09-01,40.750000,42.660000,39.900002,40.279999,34.015026,70288300
2013-10-01,40.270000,40.990002,36.130001,36.990002,31.236746,125484700
2013-11-01,37.000000,42.450001,36.389999,40.970001,34.772972,93157700
2013-12-01,41.270000,42.330002,38.009998,39.080002,33.168861,90163600
2014-01-01,39.090000,40.080002,36.570000,38.080002,32.320114,131609900
2014-02-01,38.020000,44.590000,37.099998,43.750000,37.321362,111038500
2014-03-01,43.270000,43.700001,39.660000,40.060001,34.173569,91328200
2014-04-01,40.490002,42.709999,37.000000,39.299999,33.525242,117700800
2014-05-01,39.430000,41.680000,38.380001,41.230000,35.359680,82517700
2014-06-01,41.349998,42.369999,40.540001,41.570000,35.651268,50918700
2014-07-01,41.549999,42.110001,38.980000,40.110001,34.399155,74042800
2014-08-01,40.080002,46.610001,39.549999,46.150002,39.787582,78749400
2014-09-01,46.310001,46.849998,41.529999,41.689999,35.942463,72716500
2014-10-01,41.630001,42.410000,35.459999,37.889999,32.666336,156407500
2014-11-01,38.029999,40.619999,37.099998,39.599998,34.320374,91578300
2014-12-01,39.290001,42.520000,38.939999,42.110001,36.495724,72928800
2015-01-01,42.369999,43.849998,39.279999,41.189999,35.698380,76263100
2015-02-01,41.180000,42.500000,39.700001,41.599998,36.243114,89962500
2015-03-01,41.279999,43.900002,40.320000,43.330002,37.750343,82672200
2015-04-01,43.169998,43.290001,39.369999,39.639999,34.535503,65162200
2015-05-01,39.799999,40.639999,37.709999,38.330002,33.575813,93488800
2015-06-01,38.320000,39.590000,37.500000,38.169998,33.435658,82540800
2015-07-01,38.369999,39.000000,35.580002,36.480000,31.955280,84593500
2015-08-01,36.480000,36.500000,30.750000,32.970001,29.053656,113242200
2015-09-01,32.250000,33.279999,27.629999,28.500000,25.114626,112149800
2015-10-01,28.450001,29.200001,25.969999,27.219999,23.986670,123516000
2015-11-01,27.150000,28.650000,24.700001,26.730000,23.750246,124280900
2015-12-01,26.730000,27.309999,24.549999,24.700001,21.946545,117760900
2016-01-01,24.120001,26.799999,21.570000,24.719999,21.964315,141939600
2016-02-01,24.490000,27.940001,22.030001,27.650000,24.798609,134118500
2016-03-01,27.709999,30.490000,27.700001,29.400000,26.368139,122021600
2016-04-01,29.240000,30.100000,23.000000,23.180000,20.789577,135766000
2016-05-01,23.100000,23.209999,17.000000,17.990000,16.261747,210875600
2016-06-01,17.940001,21.240000,17.730000,21.219999,19.181454,147629700
2016-07-01,20.969999,25.950001,20.730000,25.790001,23.312428,137615700
2016-08-01,25.590000,27.190001,22.950001,24.870001,22.727142,157958900
2016-09-01,25.000000,25.020000,21.700001,22.240000,20.323750,109086200
2016-10-01,21.889999,27.610001,21.570000,27.590000,25.212782,119797500
2016-11-01,27.059999,30.740000,24.799999,24.969999,23.056974,162044600
2016-12-01,24.860001,26.750000,22.250000,22.440001,20.720804,112398000
2017-01-01,22.719999,24.930000,22.030001,23.030001,21.482985,137424700
2017-02-01,23.120001,25.340000,22.139999,24.820000,23.392504,112928500
2017-03-01,24.940001,25.440001,22.250000,24.290001,22.892992,119398200
2017-04-01,24.040001,26.719999,22.879999,26.200001,24.693138,96395100
2017-05-01,26.260000,26.879999,21.860001,22.500000,21.408657,148946200
2017-06-01,22.540001,23.500000,21.770000,21.990000,20.923391,134298300
2017-07-01,22.160000,24.320000,21.020000,23.830000,22.911192,130642700
2017-08-01,23.840000,24.870001,21.840000,23.620001,22.709291,127821200
2017-09-01,23.910000,29.770000,23.850000,29.530001,28.391418,122838800
2017-10-01,29.320000,29.700001,25.750000,25.990000,24.987907,122275100
2017-11-01,26.110001,32.830002,25.360001,32.310001,31.308331,130227000
2017-12-01,32.080002,35.240002,31.150000,34.060001,33.004074,90503500
2018-01-01,34.150002,35.680000,31.530001,33.240002,32.209496,132023600
2018-02-01,32.820000,33.950001,29.280001,31.580000,30.809006,101857900
2018-03-01,31.389999,34.709999,30.320000,31.200001,30.438286,123313800
2018-04-01,31.170000,32.230000,28.120001,29.240000,28.526134,113714700
2018-05-01,29.139999,33.340000,27.580000,27.980000,27.518822,137613600
2018-06-01,28.070000,34.209999,28.030001,32.389999,31.856134,124060700
2018-07-01,32.020000,32.459999,28.959999,30.170000,29.672726,90154600
2018-08-01,30.049999,32.980000,28.570000,30.350000,30.086489,110198500
2018-09-01,30.330000,30.629999,26.879999,28.850000,28.599512,93441300
