5.292999999999999927e-01 5.554814999999999614e-01 5.461503333333332932e-01 1.000000000000000000e+00
6.396880000000000344e-01 5.844940000000000691e-01 5.835503333333332820e-01 1.000000000000000000e+00
7.500769999999999937e-01 6.948825000000000696e-01 6.396883333333334143e-01 1.000000000000000000e+00
7.973230000000000040e-01 7.737000000000000544e-01 7.290293333333334180e-01 1.000000000000000000e+00
8.331399999999999917e-01 8.152314999999999978e-01 7.935133333333332928e-01 0.000000000000000000e+00
7.225740000000000496e-01 7.778570000000000206e-01 7.843456666666667187e-01 1.000000000000000000e+00
7.719859999999999500e-01 7.472799999999999443e-01 7.759000000000000341e-01 0.000000000000000000e+00
7.229970000000000008e-01 7.474914999999999754e-01 7.391856666666666298e-01 1.000000000000000000e+00
7.340769999999999795e-01 7.285369999999999902e-01 7.430200000000000138e-01 1.000000000000000000e+00
7.572579999999999867e-01 7.456674999999999276e-01 7.381106666666665816e-01 1.000000000000000000e+00
9.813450000000000228e-01 8.693014999999999493e-01 8.242266666666666630e-01 1.000000000000000000e+00
1.023843999999999976e+00 1.002594500000000055e+00 9.208156666666665879e-01 1.000000000000000000e+00
1.387691000000000008e+00 1.205767499999999881e+00 1.130959999999999965e+00 1.000000000000000000e+00
1.485646000000000022e+00 1.436668500000000126e+00 1.299060333333333261e+00 1.000000000000000000e+00
1.628495999999999944e+00 1.557071000000000094e+00 1.500611000000000139e+00 1.000000000000000000e+00
1.920228999999999964e+00 1.774362500000000065e+00 1.678123666666666791e+00 1.000000000000000000e+00
2.314449000000000201e+00 2.117339000000000304e+00 1.954391333333333591e+00 0.000000000000000000e+00
2.030441999999999858e+00 2.172445500000000251e+00 2.088373333333333637e+00 1.000000000000000000e+00
2.442944999999999922e+00 2.236693499999999890e+00 2.262612000000000290e+00 1.000000000000000000e+00
3.055868999999999946e+00 2.749406999999999712e+00 2.509752000000000205e+00 1.000000000000000000e+00
3.138430000000000053e+00 3.097149500000000000e+00 2.879081333333333159e+00 1.000000000000000000e+00
3.324609000000000147e+00 3.231519500000000100e+00 3.172969333333333086e+00 1.000000000000000000e+00
3.750160999999999856e+00 3.537385000000000002e+00 3.404400000000000315e+00 1.000000000000000000e+00
3.794486000000000026e+00 3.772323499999999719e+00 3.623085333333333491e+00 1.000000000000000000e+00
3.815885000000000193e+00 3.805185500000000332e+00 3.786843999999999877e+00 0.000000000000000000e+00
3.636734000000000133e+00 3.726309500000000163e+00 3.749035000000000561e+00 0.000000000000000000e+00
3.144073999999999813e+00 3.390404000000000195e+00 3.532230999999999899e+00 0.000000000000000000e+00
3.005993000000000137e+00 3.075033499999999975e+00 3.262267000000000028e+00 0.000000000000000000e+00
2.471797000000000022e+00 2.738895000000000302e+00 2.873954666666666657e+00 1.000000000000000000e+00
2.498959000000000152e+00 2.485377999999999865e+00 2.658916333333333437e+00 1.000000000000000000e+00
2.632423000000000179e+00 2.565691000000000166e+00 2.534393000000000118e+00 0.000000000000000000e+00
2.494359999999999911e+00 2.563391499999999823e+00 2.541914000000000229e+00 0.000000000000000000e+00
2.394765000000000033e+00 2.444562499999999972e+00 2.507182666666666560e+00 1.000000000000000000e+00
2.535083000000000197e+00 2.464923999999999893e+00 2.474736000000000047e+00 1.000000000000000000e+00
2.825075000000000003e+00 2.680079000000000100e+00 2.584974333333333263e+00 0.000000000000000000e+00
2.506453000000000042e+00 2.665764000000000244e+00 2.622203666666667043e+00 1.000000000000000000e+00
2.620382000000000211e+00 2.563417499999999905e+00 2.650636666666666752e+00 0.000000000000000000e+00
2.458981999999999779e+00 2.539681999999999995e+00 2.528605666666666529e+00 0.000000000000000000e+00
2.439992999999999856e+00 2.449487500000000040e+00 2.506452333333333282e+00 0.000000000000000000e+00
2.259466000000000196e+00 2.349729500000000026e+00 2.386146999999999796e+00 1.000000000000000000e+00
2.693979000000000124e+00 2.476722500000000160e+00 2.464479333333333244e+00 0.000000000000000000e+00
2.382271999999999945e+00 2.538125500000000034e+00 2.445239000000000384e+00 0.000000000000000000e+00
2.333053000000000043e+00 2.357662499999999994e+00 2.469768000000000185e+00 0.000000000000000000e+00
2.254299000000000053e+00 2.293676000000000048e+00 2.323207999999999718e+00 1.000000000000000000e+00
2.379900999999999822e+00 2.317099999999999937e+00 2.322417666666666491e+00 1.000000000000000000e+00
2.874032000000000142e+00 2.626966499999999982e+00 2.502743999999999858e+00 1.000000000000000000e+00
3.226986000000000132e+00 3.050508999999999915e+00 2.826973000000000180e+00 0.000000000000000000e+00
3.233210999999999835e+00 3.230098499999999984e+00 3.111409666666666851e+00 1.000000000000000000e+00
3.469285999999999870e+00 3.351248499999999630e+00 3.309827666666666612e+00 1.000000000000000000e+00
3.715625000000000178e+00 3.592455499999999802e+00 3.472707333333333590e+00 0.000000000000000000e+00
3.698510999999999882e+00 3.707068000000000030e+00 3.627807333333333162e+00 1.000000000000000000e+00
3.927716000000000207e+00 3.813113500000000045e+00 3.780617333333333274e+00 0.000000000000000000e+00
3.615165000000000184e+00 3.771440500000000196e+00 3.747130666666667054e+00 0.000000000000000000e+00
3.628839000000000148e+00 3.622002000000000166e+00 3.723906666666666698e+00 0.000000000000000000e+00
3.268076999999999899e+00 3.448458000000000023e+00 3.504027000000000225e+00 1.000000000000000000e+00
3.650059000000000164e+00 3.459068000000000254e+00 3.515658333333333108e+00 0.000000000000000000e+00
2.843461000000000016e+00 3.246760000000000090e+00 3.253865666666666545e+00 1.000000000000000000e+00
2.929952999999999808e+00 2.886706999999999912e+00 3.141157666666666515e+00 1.000000000000000000e+00
3.059692000000000078e+00 2.994822499999999721e+00 2.944368666666667078e+00 0.000000000000000000e+00
2.699272999999999811e+00 2.879482499999999945e+00 2.896305999999999603e+00 1.000000000000000000e+00
2.876275000000000137e+00 2.787773999999999752e+00 2.878413333333333046e+00 0.000000000000000000e+00
2.865212999999999788e+00 2.870744000000000185e+00 2.813586999999999616e+00 1.000000000000000000e+00
3.141776999999999820e+00 3.003495000000000026e+00 2.961088333333333100e+00 0.000000000000000000e+00
2.892037999999999887e+00 3.016907499999999853e+00 2.966342666666666350e+00 1.000000000000000000e+00
3.118863000000000163e+00 3.005450500000000247e+00 3.050892666666666475e+00 1.000000000000000000e+00
3.240686999999999873e+00 3.179775000000000240e+00 3.083862666666666641e+00 0.000000000000000000e+00
3.240686999999999873e+00 3.240686999999999873e+00 3.200079000000000118e+00 0.000000000000000000e+00
2.996763000000000066e+00 3.118724999999999969e+00 3.159378999999999937e+00 1.000000000000000000e+00
3.431865000000000165e+00 3.214313999999999893e+00 3.223105000000000331e+00 1.000000000000000000e+00
3.753600000000000048e+00 3.592732500000000329e+00 3.394076000000000093e+00 1.000000000000000000e+00
4.313663000000000025e+00 4.033631500000000258e+00 3.833042666666667042e+00 0.000000000000000000e+00
4.068703000000000181e+00 4.191183000000000547e+00 4.045321999999999640e+00 1.000000000000000000e+00
4.565179999999999794e+00 4.316941500000000431e+00 4.315848666666666666e+00 1.000000000000000000e+00
5.170640999999999821e+00 4.867910499999999807e+00 4.601507999999999932e+00 1.000000000000000000e+00
5.364390000000000214e+00 5.267515500000000017e+00 5.033403666666666609e+00 1.000000000000000000e+00
5.947282000000000401e+00 5.655836000000000752e+00 5.494104333333333479e+00 1.000000000000000000e+00
6.638253999999999877e+00 6.292768000000000583e+00 5.983308666666666831e+00 0.000000000000000000e+00
6.342124000000000095e+00 6.490188999999999986e+00 6.309220000000000717e+00 0.000000000000000000e+00
5.916148999999999880e+00 6.129136499999999543e+00 6.298842333333332988e+00 1.000000000000000000e+00
6.960175999999999696e+00 6.438162499999999788e+00 6.406149666666666853e+00 0.000000000000000000e+00
5.742144999999999833e+00 6.351160499999999764e+00 6.206156666666665878e+00 1.000000000000000000e+00
5.784545999999999744e+00 5.763345499999999788e+00 6.162289000000000350e+00 1.000000000000000000e+00
6.435622000000000398e+00 6.110084000000000515e+00 5.987437666666667546e+00 0.000000000000000000e+00
6.034961000000000020e+00 6.235291500000000653e+00 6.085042999999999758e+00 0.000000000000000000e+00
5.804496000000000322e+00 5.919728499999999727e+00 6.091693000000000247e+00 1.000000000000000000e+00
6.662551999999999808e+00 6.233524000000000065e+00 6.167336333333333975e+00 1.000000000000000000e+00
6.763500999999999763e+00 6.713026499999999785e+00 6.410182999999999964e+00 0.000000000000000000e+00
6.485894000000000048e+00 6.624697499999999906e+00 6.637315666666665948e+00 1.000000000000000000e+00
6.994585999999999970e+00 6.740240000000000009e+00 6.747993666666666002e+00 1.000000000000000000e+00
7.910243999999999609e+00 7.452415000000000234e+00 7.130241333333333209e+00 1.000000000000000000e+00
9.110101999999999478e+00 8.510172999999999988e+00 8.004977333333334499e+00 0.000000000000000000e+00
9.110101999999999478e+00 9.110101999999999478e+00 8.710149333333333743e+00 1.000000000000000000e+00
1.025046700000000044e+01 9.680284499999999070e+00 9.490223666666667057e+00 1.000000000000000000e+00
1.096339900000000078e+01 1.060693300000000150e+01 1.010798933333333416e+01 1.000000000000000000e+00
1.106645900000000005e+01 1.101492900000000041e+01 1.076010833333333494e+01 0.000000000000000000e+00
1.095695800000000020e+01 1.101170850000000101e+01 1.099560533333333545e+01 1.000000000000000000e+00
1.213244199999999928e+01 1.154469999999999885e+01 1.138528633333333318e+01 1.000000000000000000e+00
1.387951400000000035e+01 1.300597799999999893e+01 1.232297133333333328e+01 1.000000000000000000e+00
1.397657000000000060e+01 1.392804200000000137e+01 1.332950866666666734e+01 1.000000000000000000e+00
1.601633100000000098e+01 1.499645050000000168e+01 1.462413833333333457e+01 1.000000000000000000e+00
1.681423399999999901e+01 1.641528250000000000e+01 1.560237833333333413e+01 1.000000000000000000e+00
1.913007700000000000e+01 1.797215549999999951e+01 1.732021400000000000e+01 0.000000000000000000e+00
1.860365300000000133e+01 1.886686500000000066e+01 1.818265466666666796e+01 0.000000000000000000e+00
1.593205299999999980e+01 1.726785300000000234e+01 1.788859433333333371e+01 1.000000000000000000e+00
1.645857200000000020e+01 1.619531250000000000e+01 1.699809266666666829e+01 1.000000000000000000e+00
1.879506900000000158e+01 1.762682050000000089e+01 1.706189799999999934e+01 1.000000000000000000e+00
2.305425599999999875e+01 2.092466250000000016e+01 1.943596566666666448e+01 1.000000000000000000e+00
2.631701999999999941e+01 2.468563799999999731e+01 2.272211500000000228e+01 1.000000000000000000e+00
3.012549599999999828e+01 2.822125799999999884e+01 2.649892399999999881e+01 1.000000000000000000e+00
3.036014899999999983e+01 3.024282249999999905e+01 2.893422166666666229e+01 1.000000000000000000e+00
3.159215199999999868e+01 3.097615049999999925e+01 3.069259900000000130e+01 0.000000000000000000e+00
3.126430699999999874e+01 3.142822950000000048e+01 3.107220266666666575e+01 0.000000000000000000e+00
2.938551299999999955e+01 3.032490999999999914e+01 3.074732400000000254e+01 1.000000000000000000e+00
3.549159199999999714e+01 3.243855250000000012e+01 3.204713733333333181e+01 0.000000000000000000e+00
3.296300500000000255e+01 3.422729850000000340e+01 3.261337000000000330e+01 0.000000000000000000e+00
2.758667399999999859e+01 3.027483949999999879e+01 3.201375700000000535e+01 0.000000000000000000e+00
2.256290600000000168e+01 2.507479000000000013e+01 2.770419499999999857e+01 1.000000000000000000e+00
2.619366300000000081e+01 2.437828449999999947e+01 2.544774766666666821e+01 1.000000000000000000e+00
2.861901299999999893e+01 2.740633799999999809e+01 2.579186066666666477e+01 1.000000000000000000e+00
3.245545200000000108e+01 3.053723250000000178e+01 2.908937599999999790e+01 0.000000000000000000e+00
3.154487999999999914e+01 3.200016600000000011e+01 3.087311500000000208e+01 1.000000000000000000e+00
3.410377100000000183e+01 3.282432550000000049e+01 3.270136766666666972e+01 1.000000000000000000e+00
3.518010699999999957e+01 3.464193900000000070e+01 3.360958600000000018e+01 0.000000000000000000e+00
2.595469900000000152e+01 3.056740299999999877e+01 3.174619233333333668e+01 0.000000000000000000e+00
2.476291799999999910e+01 2.535880850000000208e+01 2.863257466666666673e+01 0.000000000000000000e+00
2.208432399999999873e+01 2.342362099999999714e+01 2.426731366666666645e+01 1.000000000000000000e+00
2.530862600000000029e+01 2.369647499999999951e+01 2.405195600000000056e+01 0.000000000000000000e+00
1.572403800000000018e+01 2.051633199999999846e+01 2.103899600000000092e+01 0.000000000000000000e+00
1.417813300000000076e+01 1.495108550000000136e+01 1.840359899999999982e+01 1.000000000000000000e+00
1.825786000000000087e+01 1.621799650000000170e+01 1.605334366666666668e+01 0.000000000000000000e+00
1.763893500000000003e+01 1.794839749999999867e+01 1.669164266666666663e+01 1.000000000000000000e+00
1.805223700000000164e+01 1.784558600000000084e+01 1.798301066666666870e+01 1.000000000000000000e+00
2.307854299999999981e+01 2.056539000000000073e+01 1.958990500000000168e+01 0.000000000000000000e+00
1.928402900000000031e+01 2.118128600000000006e+01 2.013826966666666962e+01 0.000000000000000000e+00
1.680484399999999923e+01 1.804443649999999977e+01 1.972247199999999978e+01 1.000000000000000000e+00
1.963163399999999825e+01 1.821823899999999696e+01 1.857350233333333378e+01 1.000000000000000000e+00
2.196248999999999896e+01 2.079706199999999683e+01 1.946632266666666666e+01 0.000000000000000000e+00
2.056025299999999945e+01 2.126137149999999920e+01 2.071812566666666555e+01 0.000000000000000000e+00
1.936208699999999894e+01 1.996116999999999919e+01 2.062827666666666460e+01 0.000000000000000000e+00
1.393134200000000078e+01 1.664671450000000164e+01 1.795122733333333187e+01 0.000000000000000000e+00
8.472239999999999327e+00 1.120179100000000005e+01 1.392188966666666694e+01 1.000000000000000000e+00
9.283115999999999701e+00 8.877677999999999514e+00 1.056223266666666660e+01 1.000000000000000000e+00
9.396758999999999418e+00 9.339937499999999559e+00 9.050704999999998890e+00 1.000000000000000000e+00
9.901044000000000622e+00 9.648901500000000908e+00 9.526972999999999914e+00 1.000000000000000000e+00
1.024516400000000083e+01 1.007310400000000072e+01 9.847655666666668139e+00 0.000000000000000000e+00
8.516292999999999225e+00 9.380728500000000025e+00 9.554166999999999632e+00 1.000000000000000000e+00
1.071889499999999984e+01 9.617594000000000420e+00 9.826783999999999963e+00 0.000000000000000000e+00
1.005609300000000061e+01 1.038749400000000023e+01 9.763760333333333818e+00 1.000000000000000000e+00
1.038392999999999944e+01 1.022001150000000003e+01 1.038630599999999937e+01 0.000000000000000000e+00
1.013629800000000003e+01 1.026011399999999973e+01 1.019210700000000003e+01 0.000000000000000000e+00
8.672959000000000529e+00 9.404628500000001168e+00 9.731062333333333925e+00 0.000000000000000000e+00
8.373153999999999542e+00 8.523056499999999147e+00 9.060803666666666700e+00 0.000000000000000000e+00
7.744983999999999646e+00 8.059068999999999150e+00 8.263698999999999018e+00 1.000000000000000000e+00
8.416650999999999883e+00 8.080817500000000209e+00 8.178262999999999394e+00 1.000000000000000000e+00
1.136283599999999971e+01 9.889743499999999798e+00 9.174823666666666711e+00 0.000000000000000000e+00
1.109825099999999942e+01 1.123054349999999957e+01 1.029257933333333419e+01 0.000000000000000000e+00
1.047658700000000032e+01 1.078741899999999987e+01 1.097922466666666708e+01 0.000000000000000000e+00
9.337984999999999758e+00 9.907285999999999149e+00 1.030427433333333376e+01 1.000000000000000000e+00
1.039192199999999922e+01 9.864953499999998598e+00 1.006883133333333369e+01 1.000000000000000000e+00
1.192668100000000031e+01 1.115930149999999976e+01 1.055219600000000035e+01 1.000000000000000000e+00
1.219203899999999940e+01 1.205935999999999986e+01 1.150354733333333179e+01 1.000000000000000000e+00
1.347239899999999935e+01 1.283221899999999849e+01 1.253037299999999910e+01 0.000000000000000000e+00
1.291943000000000019e+01 1.319591450000000066e+01 1.286128933333333180e+01 1.000000000000000000e+00
1.500205099999999980e+01 1.396074050000000000e+01 1.379796000000000156e+01 0.000000000000000000e+00
1.229464300000000065e+01 1.364834700000000112e+01 1.340537466666666688e+01 1.000000000000000000e+00
1.371882699999999922e+01 1.300673499999999905e+01 1.367184033333333382e+01 1.000000000000000000e+00
1.545885499999999979e+01 1.458884099999999862e+01 1.382410833333333322e+01 1.000000000000000000e+00
1.668837399999999960e+01 1.607361449999999792e+01 1.528868533333333346e+01 0.000000000000000000e+00
1.337316799999999972e+01 1.503077099999999966e+01 1.517346566666666519e+01 1.000000000000000000e+00
1.497103800000000007e+01 1.417210299999999989e+01 1.501085999999999920e+01 1.000000000000000000e+00
1.579440300000000086e+01 1.538272050000000135e+01 1.471286966666666807e+01 0.000000000000000000e+00
1.585925699999999949e+01 1.582683000000000106e+01 1.554156600000000132e+01 1.000000000000000000e+00
1.740122399999999914e+01 1.663024049999999932e+01 1.635162800000000161e+01 1.000000000000000000e+00
1.749075500000000005e+01 1.744598949999999959e+01 1.691707866666666504e+01 0.000000000000000000e+00
1.637279099999999943e+01 1.693177299999999974e+01 1.708825666666666621e+01 0.000000000000000000e+00
1.351656400000000069e+01 1.494467750000000095e+01 1.579337000000000124e+01 0.000000000000000000e+00
1.346663599999999938e+01 1.349160000000000004e+01 1.445199700000000043e+01 1.000000000000000000e+00
1.442699099999999923e+01 1.394681349999999931e+01 1.380339699999999858e+01 1.000000000000000000e+00
1.577726799999999940e+01 1.510212950000000021e+01 1.455696499999999993e+01 0.000000000000000000e+00
1.526482099999999953e+01 1.552104449999999858e+01 1.515635999999999939e+01 1.000000000000000000e+00
1.590808600000000084e+01 1.558645350000000107e+01 1.565005833333333385e+01 0.000000000000000000e+00
1.541660300000000028e+01 1.566234449999999967e+01 1.552983666666666807e+01 1.000000000000000000e+00
1.580156900000000064e+01 1.560908600000000135e+01 1.570875266666666725e+01 0.000000000000000000e+00
1.544705399999999962e+01 1.562431150000000102e+01 1.555507533333333470e+01 0.000000000000000000e+00
1.522518900000000031e+01 1.533612150000000085e+01 1.549127066666666686e+01 0.000000000000000000e+00
1.431892799999999966e+01 1.477205849999999998e+01 1.499705699999999986e+01 1.000000000000000000e+00
1.533930600000000055e+01 1.482911700000000010e+01 1.496114099999999958e+01 0.000000000000000000e+00
1.381336499999999923e+01 1.457633549999999900e+01 1.449053299999999922e+01 0.000000000000000000e+00
1.266527800000000070e+01 1.323932149999999908e+01 1.393931633333333231e+01 0.000000000000000000e+00
1.255628300000000053e+01 1.261078050000000061e+01 1.301164200000000015e+01 1.000000000000000000e+00
1.266260199999999969e+01 1.260944250000000011e+01 1.262805433333333305e+01 1.000000000000000000e+00
1.285203100000000020e+01 1.275731649999999995e+01 1.269030533333333288e+01 1.000000000000000000e+00
1.321327299999999916e+01 1.303265199999999879e+01 1.290930199999999850e+01 1.000000000000000000e+00
1.354196600000000039e+01 1.337761949999999977e+01 1.320242333333333384e+01 1.000000000000000000e+00
1.364421800000000040e+01 1.359309200000000040e+01 1.346648566666666547e+01 0.000000000000000000e+00
1.327116400000000063e+01 1.345769100000000051e+01 1.348578266666666714e+01 1.000000000000000000e+00
1.335185899999999926e+01 1.331151149999999994e+01 1.342241366666666558e+01 0.000000000000000000e+00
1.276496500000000012e+01 1.305841200000000057e+01 1.312932933333333274e+01 0.000000000000000000e+00
1.278694400000000009e+01 1.277595450000000099e+01 1.296792266666666649e+01 0.000000000000000000e+00
1.238896300000000039e+01 1.258795350000000113e+01 1.264695733333333294e+01 1.000000000000000000e+00
1.396614199999999961e+01 1.317755250000000089e+01 1.304734966666666729e+01 1.000000000000000000e+00
1.549173500000000026e+01 1.472893849999999993e+01 1.394894666666666616e+01 0.000000000000000000e+00
1.385364500000000021e+01 1.467268999999999934e+01 1.443717399999999884e+01 1.000000000000000000e+00
1.443087799999999987e+01 1.414226150000000004e+01 1.459208600000000011e+01 0.000000000000000000e+00
1.424409900000000029e+01 1.433748849999999919e+01 1.417620733333333227e+01 0.000000000000000000e+00
1.425895700000000055e+01 1.425152800000000042e+01 1.431131133333333416e+01 0.000000000000000000e+00
1.278774199999999972e+01 1.352334950000000013e+01 1.376359933333333352e+01 1.000000000000000000e+00
1.333759000000000050e+01 1.306266600000000011e+01 1.346142966666666752e+01 1.000000000000000000e+00
1.382318099999999994e+01 1.358038550000000022e+01 1.331617099999999887e+01 1.000000000000000000e+00
1.425608599999999981e+01 1.403963350000000077e+01 1.380561900000000009e+01 0.000000000000000000e+00
1.283794299999999922e+01 1.354701449999999952e+01 1.363906999999999847e+01 1.000000000000000000e+00
1.406090000000000018e+01 1.344942149999999970e+01 1.371830966666666463e+01 0.000000000000000000e+00
1.382105600000000045e+01 1.394097800000000120e+01 1.357329966666666543e+01 1.000000000000000000e+00
1.416582900000000045e+01 1.399344250000000045e+01 1.401592833333333488e+01 1.000000000000000000e+00
1.535455499999999951e+01 1.476019199999999998e+01 1.444714666666666680e+01 1.000000000000000000e+00
1.601691399999999987e+01 1.568573449999999880e+01 1.517909933333333328e+01 0.000000000000000000e+00
1.436854899999999979e+01 1.519273150000000072e+01 1.524667266666666698e+01 1.000000000000000000e+00
1.524346700000000077e+01 1.480600800000000028e+01 1.520964333333333407e+01 0.000000000000000000e+00
1.487315100000000001e+01 1.505830900000000128e+01 1.482838900000000137e+01 0.000000000000000000e+00
1.407204899999999981e+01 1.447259999999999991e+01 1.472955566666666805e+01 0.000000000000000000e+00
1.385174400000000006e+01 1.396189649999999993e+01 1.426564799999999877e+01 0.000000000000000000e+00
1.265252399999999966e+01 1.325213399999999986e+01 1.352543900000000043e+01 0.000000000000000000e+00
1.223507700000000042e+01 1.244380050000000004e+01 1.291311499999999945e+01 1.000000000000000000e+00
1.483811099999999961e+01 1.353659400000000090e+01 1.324190399999999990e+01 0.000000000000000000e+00
1.356409200000000048e+01 1.420110150000000004e+01 1.354576000000000136e+01 0.000000000000000000e+00
9.871726999999999919e+00 1.171790950000000109e+01 1.275797666666666608e+01 1.000000000000000000e+00
9.987743000000000038e+00 9.929735000000000866e+00 1.114118733333333466e+01 1.000000000000000000e+00
1.027157500000000034e+01 1.012965900000000019e+01 1.004368166666666617e+01 0.000000000000000000e+00
8.652977999999999170e+00 9.462276499999999757e+00 9.637431999999998666e+00 0.000000000000000000e+00
8.327403000000000333e+00 8.490190500000000640e+00 9.083985333333332690e+00 1.000000000000000000e+00
1.002529600000000087e+01 9.176349500000000603e+00 9.001892333333334051e+00 1.000000000000000000e+00
1.199331399999999981e+01 1.100930500000000123e+01 1.011533766666666700e+01 1.000000000000000000e+00
1.385331599999999952e+01 1.292331499999999878e+01 1.195730866666666792e+01 0.000000000000000000e+00
1.272797500000000070e+01 1.329064550000000011e+01 1.285820166666666609e+01 0.000000000000000000e+00
1.266588899999999995e+01 1.269693200000000033e+01 1.308239333333333398e+01 1.000000000000000000e+00
1.533497999999999983e+01 1.400043450000000078e+01 1.357628133333333409e+01 1.000000000000000000e+00
1.670069300000000112e+01 1.601783650000000137e+01 1.490052066666666697e+01 0.000000000000000000e+00
1.665387499999999932e+01 1.667728400000000022e+01 1.622984933333333402e+01 1.000000000000000000e+00
1.678052500000000080e+01 1.671719999999999828e+01 1.671169766666666590e+01 0.000000000000000000e+00
1.641232499999999916e+01 1.659642499999999998e+01 1.661557499999999621e+01 0.000000000000000000e+00
1.494736299999999929e+01 1.567984399999999923e+01 1.604673766666666879e+01 1.000000000000000000e+00
1.691181600000000174e+01 1.592958950000000051e+01 1.609050133333333221e+01 1.000000000000000000e+00
1.817823800000000034e+01 1.754502700000000104e+01 1.667913900000000282e+01 1.000000000000000000e+00
1.945251999999999981e+01 1.881537900000000008e+01 1.818085800000000063e+01 0.000000000000000000e+00
1.722067300000000145e+01 1.833659649999999885e+01 1.828381033333333505e+01 0.000000000000000000e+00
1.537220800000000054e+01 1.629644050000000277e+01 1.734846699999999942e+01 0.000000000000000000e+00
1.430579200000000029e+01 1.483900000000000041e+01 1.563289100000000076e+01 0.000000000000000000e+00
1.340944999999999965e+01 1.385762099999999997e+01 1.436248333333333527e+01 1.000000000000000000e+00
1.479882699999999929e+01 1.410413849999999947e+01 1.417135633333333367e+01 1.000000000000000000e+00
1.509258600000000072e+01 1.494570650000000001e+01 1.443362100000000048e+01 1.000000000000000000e+00
1.705242199999999997e+01 1.607250400000000212e+01 1.564794499999999999e+01 1.000000000000000000e+00
1.767512699999999981e+01 1.736377449999999811e+01 1.660671166666666920e+01 0.000000000000000000e+00
1.538390399999999936e+01 1.652951549999999870e+01 1.670381766666666579e+01 1.000000000000000000e+00
1.806808099999999939e+01 1.672599250000000026e+01 1.704237066666666678e+01 1.000000000000000000e+00
1.817233299999999829e+01 1.812020700000000062e+01 1.720810600000000079e+01 1.000000000000000000e+00
1.863747000000000043e+01 1.840490150000000114e+01 1.829262800000000055e+01 0.000000000000000000e+00
1.563568599999999975e+01 1.713657800000000009e+01 1.748182966666666616e+01 0.000000000000000000e+00
1.458793700000000015e+01 1.511181149999999995e+01 1.628703099999999893e+01 1.000000000000000000e+00
1.554703199999999974e+01 1.506748449999999906e+01 1.525688499999999870e+01 0.000000000000000000e+00
1.339778399999999969e+01 1.447240799999999972e+01 1.451091766666666594e+01 0.000000000000000000e+00
1.317070499999999988e+01 1.328424449999999979e+01 1.403850700000000096e+01 1.000000000000000000e+00
1.532797399999999932e+01 1.424933949999999960e+01 1.396548766666666630e+01 0.000000000000000000e+00
1.525710800000000056e+01 1.529254099999999994e+01 1.458526233333333266e+01 0.000000000000000000e+00
1.514282500000000020e+01 1.519996650000000038e+01 1.524263566666666669e+01 1.000000000000000000e+00
1.558701699999999946e+01 1.536492099999999894e+01 1.532898333333333341e+01 1.000000000000000000e+00
1.918402299999999983e+01 1.738551999999999964e+01 1.663795500000000160e+01 1.000000000000000000e+00
2.146705100000000144e+01 2.032553700000000063e+01 1.874603033333333357e+01 1.000000000000000000e+00
2.340516699999999872e+01 2.243610900000000186e+01 2.135208033333333333e+01 0.000000000000000000e+00
2.186606799999999851e+01 2.263561749999999861e+01 2.224609533333333289e+01 1.000000000000000000e+00
2.257568399999999897e+01 2.222087599999999696e+01 2.261563966666666659e+01 1.000000000000000000e+00
2.444916299999999865e+01 2.351242349999999703e+01 2.296363833333333204e+01 1.000000000000000000e+00
2.969715700000000069e+01 2.707316000000000145e+01 2.557400133333333159e+01 0.000000000000000000e+00
2.966398600000000130e+01 2.968057149999999922e+01 2.793676866666666569e+01 0.000000000000000000e+00
2.961424600000000140e+01 2.963911600000000135e+01 2.965846300000000113e+01 0.000000000000000000e+00
2.876311499999999910e+01 2.918868050000000025e+01 2.934711566666666727e+01 0.000000000000000000e+00
2.590850800000000120e+01 2.733581149999999838e+01 2.809528966666666960e+01 1.000000000000000000e+00
2.738893500000000003e+01 2.664872150000000062e+01 2.735351933333333463e+01 1.000000000000000000e+00
2.759008199999999889e+01 2.748950849999999946e+01 2.696250833333333219e+01 1.000000000000000000e+00
2.966855400000000031e+01 2.862931799999999782e+01 2.821585699999999974e+01 1.000000000000000000e+00
3.183921600000000041e+01 3.075388500000000036e+01 2.969928399999999513e+01 1.000000000000000000e+00
3.412440899999999999e+01 3.298181250000000375e+01 3.187739300000000142e+01 1.000000000000000000e+00
3.511742399999999975e+01 3.462091649999999987e+01 3.369368300000000005e+01 1.000000000000000000e+00
3.862664399999999887e+01 3.687203399999999931e+01 3.595615899999999954e+01 0.000000000000000000e+00
3.415014299999999992e+01 3.638839349999999939e+01 3.596473699999999951e+01 0.000000000000000000e+00
3.401502599999999887e+01 3.408258449999999584e+01 3.559727099999999922e+01 0.000000000000000000e+00
3.123674600000000012e+01 3.262588600000000127e+01 3.313397166666666038e+01 1.000000000000000000e+00
3.477297200000000288e+01 3.300485900000000328e+01 3.334158133333333041e+01 0.000000000000000000e+00
3.316886099999999971e+01 3.397091650000000129e+01 3.305952633333333779e+01 0.000000000000000000e+00
3.232011399999999668e+01 3.274448749999999819e+01 3.342064899999999739e+01 1.000000000000000000e+00
3.732136200000000059e+01 3.482073799999999864e+01 3.427011233333333706e+01 0.000000000000000000e+00
3.417356900000000053e+01 3.574746550000000411e+01 3.460501500000000163e+01 0.000000000000000000e+00
3.352524199999999865e+01 3.384940550000000314e+01 3.500672433333333089e+01 1.000000000000000000e+00
3.535967999999999734e+01 3.444246099999999444e+01 3.435283033333333691e+01 1.000000000000000000e+00
3.565126800000000173e+01 3.550547399999999953e+01 3.484539666666666591e+01 0.000000000000000000e+00
3.439915500000000037e+01 3.502521149999999750e+01 3.513670099999999508e+01 1.000000000000000000e+00
3.978758200000000045e+01 3.709336849999999686e+01 3.661266833333333182e+01 0.000000000000000000e+00
3.594246299999999650e+01 3.786502249999999492e+01 3.670973333333333244e+01 0.000000000000000000e+00
3.266633600000000115e+01 3.430439950000000238e+01 3.613212699999999700e+01 1.000000000000000000e+00
3.432037400000000105e+01 3.349335500000000110e+01 3.430972433333333527e+01 1.000000000000000000e+00
3.649572400000000272e+01 3.540804900000000544e+01 3.449414466666667067e+01 0.000000000000000000e+00
3.569838000000000022e+01 3.609705200000000502e+01 3.550482600000000133e+01 1.000000000000000000e+00
3.624311399999999850e+01 3.597074700000000291e+01 3.614573933333333144e+01 1.000000000000000000e+00
3.775034300000000087e+01 3.699672850000000324e+01 3.656394566666666890e+01 0.000000000000000000e+00
3.453550299999999851e+01 3.614292299999999614e+01 3.617632000000000403e+01 0.000000000000000000e+00
3.357581299999999658e+01 3.405565799999999399e+01 3.528721966666666532e+01 0.000000000000000000e+00
3.343565799999999655e+01 3.350573550000000012e+01 3.384899133333332344e+01 0.000000000000000000e+00
3.195527999999999835e+01 3.269546899999999567e+01 3.298891700000000071e+01 0.000000000000000000e+00
2.905365600000000015e+01 3.050446799999999925e+01 3.148153133333333287e+01 0.000000000000000000e+00
2.511462600000000123e+01 2.708414100000000246e+01 2.870785399999999754e+01 0.000000000000000000e+00
2.398667000000000016e+01 2.455064800000000247e+01 2.605165066666667073e+01 0.000000000000000000e+00
2.375024600000000063e+01 2.386845800000000040e+01 2.428384733333333756e+01 0.000000000000000000e+00
2.194654500000000041e+01 2.284839550000000230e+01 2.322782033333333018e+01 0.000000000000000000e+00
2.196431499999999915e+01 2.195542999999999978e+01 2.255370200000000125e+01 1.000000000000000000e+00
2.479860899999999901e+01 2.338146199999999908e+01 2.290315633333333167e+01 1.000000000000000000e+00
2.636813899999999933e+01 2.558337399999999917e+01 2.437702099999999916e+01 0.000000000000000000e+00
2.078957700000000131e+01 2.357885800000000032e+01 2.398544166666666300e+01 0.000000000000000000e+00
1.626174699999999973e+01 1.852566200000000052e+01 2.113982100000000131e+01 1.000000000000000000e+00
1.918145399999999867e+01 1.772160050000000098e+01 1.874425933333333205e+01 1.000000000000000000e+00
2.331242800000000059e+01 2.124694099999999963e+01 1.958520966666666752e+01 0.000000000000000000e+00
2.272714200000000062e+01 2.301978499999999883e+01 2.174034133333333330e+01 0.000000000000000000e+00
2.032375000000000043e+01 2.152544600000000230e+01 2.212110666666666603e+01 1.000000000000000000e+00
2.521278200000000069e+01 2.276826600000000056e+01 2.275455800000000295e+01 0.000000000000000000e+00
2.305697400000000030e+01 2.413487800000000050e+01 2.286450200000000166e+01 0.000000000000000000e+00
2.072080400000000111e+01 2.188888899999999893e+01 2.299685333333333404e+01 1.000000000000000000e+00
2.148298499999999933e+01 2.110189450000000022e+01 2.175358766666666455e+01 1.000000000000000000e+00
2.339250399999999885e+01 2.243774450000000087e+01 2.186543100000000095e+01 0.000000000000000000e+00
2.289299199999999956e+01 2.314274799999999743e+01 2.258949366666666947e+01 1.000000000000000000e+00
2.469313800000000114e+01 2.379306499999999858e+01 2.365954466666666534e+01 0.000000000000000000e+00
2.140865700000000160e+01 2.305089750000000137e+01 2.299826233333333292e+01 0.000000000000000000e+00
2.092339099999999874e+01 2.116602400000000017e+01 2.234172866666666835e+01 1.000000000000000000e+00
2.291119199999999978e+01 2.191729149999999748e+01 2.174774666666666789e+01 0.000000000000000000e+00
2.270929100000000034e+01 2.281024150000000006e+01 2.218129133333333058e+01 1.000000000000000000e+00
2.839141800000000160e+01 2.555035450000000097e+01 2.467063366666666369e+01 0.000000000000000000e+00
2.498790699999999987e+01 2.668966250000000073e+01 2.536287199999999942e+01 1.000000000000000000e+00
3.130833099999999902e+01 2.814811900000000122e+01 2.822921866666666801e+01 1.000000000000000000e+00
3.300407400000000280e+01 3.215620249999999913e+01 2.976677066666666960e+01 0.000000000000000000e+00
3.220949600000000146e+01 3.260678500000000213e+01 3.217396699999999754e+01 0.000000000000000000e+00
3.080900600000000011e+01 3.150925099999999901e+01 3.200752533333333361e+01 0.000000000000000000e+00
3.043828600000000151e+01 3.062364600000000081e+01 3.115226266666666888e+01 0.000000000000000000e+00
2.852613399999999899e+01 2.948221000000000203e+01 2.992447533333333354e+01 0.000000000000000000e+00
2.751882200000000012e+01 2.802247799999999955e+01 2.882774733333333472e+01 1.000000000000000000e+00
3.185613400000000084e+01 2.968747799999999870e+01 2.930036333333333332e+01 0.000000000000000000e+00
2.967272600000000082e+01 3.076443000000000083e+01 2.968256066666666371e+01 1.000000000000000000e+00
3.008648900000000026e+01 2.987960749999999877e+01 3.053844966666666849e+01 0.000000000000000000e+00
