3.285089999999999955e-01 3.192960000000000242e-01 3.122186666666666444e-01 4.717932000000000000e+08 0.000000000000000000e+00
3.258699999999999930e-01 3.271895000000000220e-01 3.214873333333333472e-01 3.167292000000000000e+08 1.000000000000000000e+00
3.729299999999999837e-01 3.493999999999999884e-01 3.424363333333333426e-01 3.677388000000000000e+08 0.000000000000000000e+00
3.714790000000000036e-01 3.722044999999999937e-01 3.567596666666666416e-01 2.879172000000000000e+08 1.000000000000000000e+00
3.997760000000000202e-01 3.856275000000000119e-01 3.813949999999999840e-01 3.813468000000000000e+08 1.000000000000000000e+00
4.374560000000000115e-01 4.186159999999999881e-01 4.029036666666667155e-01 2.859120000000000000e+08 1.000000000000000000e+00
4.524590000000000001e-01 4.449575000000000058e-01 4.298969999999999736e-01 3.709272000000000000e+08 0.000000000000000000e+00
3.916569999999999774e-01 4.220579999999999887e-01 4.271906666666666630e-01 5.502828000000000000e+08 0.000000000000000000e+00
3.442790000000000017e-01 3.679679999999999618e-01 3.961316666666666042e-01 4.391964000000000000e+08 1.000000000000000000e+00
3.651139999999999941e-01 3.546964999999999701e-01 3.670166666666666022e-01 5.209056000000000000e+08 1.000000000000000000e+00
3.844239999999999879e-01 3.747690000000000188e-01 3.646056666666666612e-01 3.731964000000000000e+08 1.000000000000000000e+00
4.028550000000000186e-01 3.936395000000000310e-01 3.841310000000000002e-01 3.222648000000000000e+08 1.000000000000000000e+00
5.059240000000000403e-01 4.543895000000000017e-01 4.310676666666666823e-01 4.773216000000000000e+08 1.000000000000000000e+00
5.375450000000000506e-01 5.217344999999999899e-01 4.821080000000000365e-01 4.765128000000000000e+08 1.000000000000000000e+00
6.036409999999999831e-01 5.705930000000000168e-01 5.490366666666667284e-01 3.431136000000000000e+08 1.000000000000000000e+00
6.133950000000000236e-01 6.085180000000000033e-01 5.848603333333333154e-01 3.453060000000000000e+08 1.000000000000000000e+00
6.697490000000000387e-01 6.415720000000000312e-01 6.289283333333334225e-01 2.973432000000000000e+08 1.000000000000000000e+00
6.973610000000000086e-01 6.835550000000000237e-01 6.601683333333333570e-01 2.620284000000000000e+08 0.000000000000000000e+00
6.902930000000000454e-01 6.938269999999999715e-01 6.858009999999999939e-01 3.156552000000000000e+08 1.000000000000000000e+00
7.056069999999999842e-01 6.979500000000000703e-01 6.977536666666667164e-01 3.355728000000000000e+08 0.000000000000000000e+00
6.537760000000000238e-01 6.796915000000000040e-01 6.832253333333334622e-01 3.270912000000000000e+08 1.000000000000000000e+00
7.130300000000000527e-01 6.834029999999999827e-01 6.908043333333333536e-01 3.703344000000000000e+08 0.000000000000000000e+00
6.691110000000000113e-01 6.910705000000000320e-01 6.786389999999999922e-01 3.221100000000000000e+08 1.000000000000000000e+00
7.905330000000000412e-01 7.298219999999999708e-01 7.242246666666667387e-01 4.546164000000000000e+08 1.000000000000000000e+00
8.643129999999999979e-01 8.274230000000000196e-01 7.746523333333333872e-01 4.223436000000000000e+08 1.000000000000000000e+00
9.030770000000000186e-01 8.836950000000000083e-01 8.526410000000000933e-01 2.821680000000000000e+08 0.000000000000000000e+00
8.700550000000000228e-01 8.865659999999999652e-01 8.791483333333333094e-01 2.615724000000000000e+08 1.000000000000000000e+00
9.597229999999999928e-01 9.148890000000000633e-01 9.109516666666666040e-01 3.309888000000000000e+08 0.000000000000000000e+00
9.565919999999999979e-01 9.581574999999999953e-01 9.287900000000001155e-01 2.382444000000000000e+08 1.000000000000000000e+00
9.738130000000000397e-01 9.652024999999999633e-01 9.633759999999998991e-01 2.312736000000000000e+08 1.000000000000000000e+00
1.048716999999999899e+00 1.011264999999999858e+00 9.930406666666665716e-01 2.510268000000000000e+08 0.000000000000000000e+00
1.014445000000000041e+00 1.031581000000000081e+00 1.012324999999999919e+00 2.262144000000000000e+08 1.000000000000000000e+00
1.072707000000000077e+00 1.043576000000000059e+00 1.045289666666666895e+00 2.577396000000000000e+08 1.000000000000000000e+00
1.154674999999999896e+00 1.113690999999999987e+00 1.080608999999999931e+00 2.398224000000000000e+08 1.000000000000000000e+00
1.252464999999999939e+00 1.203570000000000029e+00 1.159948999999999897e+00 2.575116000000000000e+08 1.000000000000000000e+00
1.286315000000000097e+00 1.269390000000000018e+00 1.231151666666666644e+00 2.578476000000000000e+08 1.000000000000000000e+00
1.424865000000000048e+00 1.355590000000000073e+00 1.321215000000000028e+00 2.546760000000000000e+08 0.000000000000000000e+00
1.391775999999999902e+00 1.408320499999999864e+00 1.367651999999999868e+00 2.800584000000000000e+08 1.000000000000000000e+00
1.474496999999999947e+00 1.433136499999999813e+00 1.430379333333333447e+00 3.023076000000000000e+08 1.000000000000000000e+00
1.644439999999999902e+00 1.559468499999999924e+00 1.503570999999999769e+00 2.919948000000000000e+08 1.000000000000000000e+00
1.682997999999999994e+00 1.663718999999999948e+00 1.600645000000000095e+00 2.625372000000000000e+08 1.000000000000000000e+00
1.737435000000000063e+00 1.710216500000000028e+00 1.688291000000000208e+00 2.660604000000000000e+08 1.000000000000000000e+00
1.943330999999999920e+00 1.840383000000000102e+00 1.787921333333333251e+00 2.662764000000000000e+08 0.000000000000000000e+00
1.938398999999999983e+00 1.940865000000000062e+00 1.873055000000000136e+00 2.117424000000000000e+08 0.000000000000000000e+00
1.891542000000000057e+00 1.914970499999999909e+00 1.924424000000000134e+00 2.397348000000000000e+08 1.000000000000000000e+00
2.072065999999999963e+00 1.981803999999999899e+00 1.967335666666666372e+00 1.943712000000000000e+08 1.000000000000000000e+00
2.101437999999999917e+00 2.086751999999999718e+00 2.021681999999999757e+00 2.519688000000000000e+08 1.000000000000000000e+00
2.240288000000000057e+00 2.170862999999999765e+00 2.137930666666666202e+00 3.009372000000000000e+08 1.000000000000000000e+00
2.505330999999999975e+00 2.372809499999999794e+00 2.282352333333333316e+00 3.101832000000000000e+08 0.000000000000000000e+00
2.450108000000000175e+00 2.477719500000000075e+00 2.398575666666666439e+00 2.300256000000000000e+08 0.000000000000000000e+00
2.325133000000000116e+00 2.387620500000000145e+00 2.426857333333333422e+00 3.239028000000000000e+08 1.000000000000000000e+00
2.411629000000000023e+00 2.368381000000000292e+00 2.395623333333333438e+00 3.084840000000000000e+08 1.000000000000000000e+00
2.519233999999999973e+00 2.465431500000000220e+00 2.418665333333333667e+00 2.967684000000000000e+08 0.000000000000000000e+00
2.360990000000000144e+00 2.440112000000000059e+00 2.430617666666667009e+00 3.346506000000000000e+08 1.000000000000000000e+00
2.672528999999999932e+00 2.516759500000000038e+00 2.517584333333333202e+00 2.159994000000000000e+08 0.000000000000000000e+00
2.639371000000000134e+00 2.655949999999999811e+00 2.557630000000000070e+00 3.311472000000000000e+08 0.000000000000000000e+00
2.553160999999999792e+00 2.596265999999999963e+00 2.621686999999999657e+00 2.315658000000000000e+08 1.000000000000000000e+00
2.712955000000000005e+00 2.633058000000000121e+00 2.635162333333333162e+00 3.148836000000000000e+08 0.000000000000000000e+00
2.553369000000000000e+00 2.633162000000000003e+00 2.606495000000000228e+00 2.476272000000000000e+08 1.000000000000000000e+00
2.830907999999999980e+00 2.692138499999999990e+00 2.699077333333333328e+00 2.985096000000000000e+08 1.000000000000000000e+00
3.004971999999999976e+00 2.917939999999999756e+00 2.796416333333333171e+00 2.390310000000000000e+08 1.000000000000000000e+00
3.194606999999999974e+00 3.099789499999999975e+00 3.010162333333333162e+00 2.443092000000000000e+08 0.000000000000000000e+00
3.150846000000000036e+00 3.172726500000000005e+00 3.116808333333333181e+00 2.726298000000000000e+08 1.000000000000000000e+00
3.421187000000000200e+00 3.286016500000000118e+00 3.255546666666667033e+00 2.138370000000000000e+08 1.000000000000000000e+00
3.543374000000000024e+00 3.482280499999999890e+00 3.371802333333333568e+00 3.106392000000000000e+08 0.000000000000000000e+00
3.444097999999999882e+00 3.493736000000000175e+00 3.469552999999999887e+00 2.894502000000000000e+08 1.000000000000000000e+00
3.769995999999999903e+00 3.607046999999999670e+00 3.585822666666666603e+00 2.604618000000000000e+08 0.000000000000000000e+00
3.762007000000000101e+00 3.766001499999999780e+00 3.658700333333333443e+00 2.198364000000000000e+08 1.000000000000000000e+00
4.073513000000000162e+00 3.917760000000000353e+00 3.868505333333333240e+00 2.685186000000000000e+08 1.000000000000000000e+00
4.202385999999999733e+00 4.137949499999999503e+00 4.012635333333332888e+00 2.456838000000000000e+08 1.000000000000000000e+00
4.459844999999999615e+00 4.331115499999999230e+00 4.245247999999999244e+00 2.375820000000000000e+08 1.000000000000000000e+00
4.783741000000000021e+00 4.621793000000000262e+00 4.481990666666665568e+00 2.877210000000000000e+08 1.000000000000000000e+00
5.302327000000000012e+00 5.043034000000000461e+00 4.848637666666666846e+00 3.094044000000000000e+08 0.000000000000000000e+00
5.215972999999999971e+00 5.259149999999999991e+00 5.100680333333333927e+00 2.946000000000000000e+08 1.000000000000000000e+00
5.380049999999999777e+00 5.298011499999999430e+00 5.299450000000000216e+00 2.886210000000000000e+08 1.000000000000000000e+00
5.535706000000000238e+00 5.457878000000000007e+00 5.377242999999999995e+00 2.902812000000000000e+08 1.000000000000000000e+00
5.929829999999999934e+00 5.732768000000000086e+00 5.615195333333333316e+00 3.243804000000000000e+08 1.000000000000000000e+00
6.216470000000000162e+00 6.073150000000000048e+00 5.894002000000000407e+00 3.004260000000000000e+08 0.000000000000000000e+00
5.894001000000000268e+00 6.055235500000000215e+00 6.013433666666666788e+00 3.014112000000000000e+08 1.000000000000000000e+00
6.152534000000000169e+00 6.023267500000000219e+00 6.087668333333333237e+00 2.262786000000000000e+08 1.000000000000000000e+00
6.735403999999999947e+00 6.443969000000000058e+00 6.260646333333333757e+00 2.694594000000000000e+08 1.000000000000000000e+00
7.383816999999999631e+00 7.059610499999999789e+00 6.757251666666665990e+00 2.429928000000000000e+08 1.000000000000000000e+00
7.937129999999999797e+00 7.660473500000000158e+00 7.352116999999999791e+00 2.720088000000000000e+08 0.000000000000000000e+00
7.545997999999999983e+00 7.741564000000000334e+00 7.622315000000000396e+00 4.089330000000000000e+08 1.000000000000000000e+00
8.145193000000000794e+00 7.845595499999999944e+00 7.876107000000000191e+00 4.192008000000000000e+08 0.000000000000000000e+00
8.096005999999999148e+00 8.120599500000000859e+00 7.929065666666666345e+00 2.899956000000000000e+08 0.000000000000000000e+00
7.810730000000000395e+00 7.953367999999999327e+00 8.017309666666667667e+00 3.114726000000000000e+08 1.000000000000000000e+00
9.007384000000000057e+00 8.409057000000000670e+00 8.304706666666666237e+00 3.687774000000000000e+08 1.000000000000000000e+00
9.798572999999999311e+00 9.402978499999999684e+00 8.872228999999999033e+00 3.661542000000000000e+08 1.000000000000000000e+00
1.054918999999999940e+01 1.017388150000000024e+01 9.785048999999998998e+00 2.642844000000000000e+08 1.000000000000000000e+00
1.138095500000000015e+01 1.096507249999999978e+01 1.057623933333333355e+01 2.952156000000000000e+08 0.000000000000000000e+00
1.027415000000000056e+01 1.082755249999999947e+01 1.073476500000000122e+01 3.646581000000000000e+08 1.000000000000000000e+00
1.117737299999999934e+01 1.072576150000000084e+01 1.094415933333333157e+01 2.991909000000000000e+08 0.000000000000000000e+00
1.073814300000000088e+01 1.095775800000000011e+01 1.072988866666666752e+01 3.611817000000000000e+08 1.000000000000000000e+00
1.227513399999999955e+01 1.150663850000000110e+01 1.139688333333333325e+01 2.598783000000000000e+08 0.000000000000000000e+00
1.219205700000000014e+01 1.223359549999999984e+01 1.173511133333333412e+01 2.591613000000000000e+08 1.000000000000000000e+00
1.304325000000000045e+01 1.261765349999999941e+01 1.250348033333333397e+01 2.828787000000000000e+08 1.000000000000000000e+00
1.308532100000000042e+01 1.306428550000000044e+01 1.277354266666666582e+01 2.232993000000000000e+08 1.000000000000000000e+00
1.450535600000000080e+01 1.379533849999999973e+01 1.354464233333333389e+01 2.679450000000000000e+08 1.000000000000000000e+00
1.450815300000000008e+01 1.450675449999999955e+01 1.403294333333333377e+01 2.558373000000000000e+08 0.000000000000000000e+00
1.419946400000000075e+01 1.435380849999999953e+01 1.440432433333333329e+01 2.275698000000000000e+08 1.000000000000000000e+00
1.547678600000000060e+01 1.483812500000000156e+01 1.472813433333333499e+01 2.773242000000000000e+08 0.000000000000000000e+00
1.523196699999999915e+01 1.535437650000000076e+01 1.496940566666666683e+01 3.132684000000000000e+08 0.000000000000000000e+00
1.376087899999999919e+01 1.449642300000000006e+01 1.482321066666666809e+01 3.431988000000000000e+08 0.000000000000000000e+00
1.368561599999999956e+01 1.372324749999999938e+01 1.422615399999999930e+01 5.013771000000000000e+08 1.000000000000000000e+00
1.521582000000000079e+01 1.445071800000000017e+01 1.422077166666666592e+01 5.064786000000000000e+08 1.000000000000000000e+00
1.571577399999999969e+01 1.546579700000000024e+01 1.487240333333333275e+01 2.469705000000000000e+08 1.000000000000000000e+00
1.773729700000000165e+01 1.672653550000000067e+01 1.622296366666666856e+01 2.923839000000000000e+08 1.000000000000000000e+00
1.842757800000000046e+01 1.808243750000000105e+01 1.729354966666666726e+01 2.949267000000000000e+08 0.000000000000000000e+00
1.762589799999999940e+01 1.802673800000000170e+01 1.793025766666666598e+01 2.745552000000000000e+08 1.000000000000000000e+00
1.943790800000000019e+01 1.853190299999999979e+01 1.849712800000000001e+01 3.660156000000000000e+08 0.000000000000000000e+00
1.871448300000000131e+01 1.907619550000000075e+01 1.859276300000000148e+01 3.452328000000000000e+08 0.000000000000000000e+00
1.805957599999999985e+01 1.838702950000000058e+01 1.873732233333333497e+01 3.162426000000000000e+08 1.000000000000000000e+00
2.006867400000000146e+01 1.906412500000000065e+01 1.894757766666666754e+01 2.943021000000000000e+08 0.000000000000000000e+00
1.935827099999999845e+01 1.971347250000000173e+01 1.916217366666666422e+01 2.819055000000000000e+08 1.000000000000000000e+00
2.013423699999999883e+01 1.974625400000000042e+01 1.985372733333333528e+01 2.738604000000000000e+08 1.000000000000000000e+00
2.125467700000000093e+01 2.069445699999999988e+01 2.024906166666666607e+01 2.969013000000000000e+08 1.000000000000000000e+00
2.450553499999999829e+01 2.288010599999999783e+01 2.196481633333333150e+01 3.712740000000000000e+08 0.000000000000000000e+00
2.353346099999999907e+01 2.401949799999999868e+01 2.309789100000000062e+01 2.782443000000000000e+08 1.000000000000000000e+00
2.798693700000000106e+01 2.576019900000000007e+01 2.534197766666666496e+01 3.901263000000000000e+08 0.000000000000000000e+00
2.442467299999999852e+01 2.620580499999999802e+01 2.531502366666666504e+01 4.207683000000000000e+08 0.000000000000000000e+00
2.412847299999999962e+01 2.427657299999999907e+01 2.551336099999999973e+01 4.455180000000000000e+08 1.000000000000000000e+00
2.836634799999999856e+01 2.624741050000000087e+01 2.563983133333333342e+01 5.626950000000000000e+08 1.000000000000000000e+00
2.891779700000000020e+01 2.864207249999999760e+01 2.713753933333333634e+01 4.037316000000000000e+08 1.000000000000000000e+00
2.903274199999999894e+01 2.897526949999999957e+01 2.877229566666666472e+01 3.012769000000000000e+08 1.000000000000000000e+00
2.923962999999999823e+01 2.913618599999999859e+01 2.906338966666666579e+01 2.637893000000000000e+08 0.000000000000000000e+00
2.851551100000000005e+01 2.887757049999999737e+01 2.892929433333333122e+01 2.460729000000000000e+08 1.000000000000000000e+00
3.242813100000000048e+01 3.047182099999999849e+01 3.006109066666666152e+01 2.539535000000000000e+08 0.000000000000000000e+00
3.197869299999999981e+01 3.220341200000000015e+01 3.097411166666666915e+01 2.337985000000000000e+08 0.000000000000000000e+00
3.038967699999999894e+01 3.118418499999999938e+01 3.159883366666666760e+01 4.290391000000000000e+08 0.000000000000000000e+00
2.747892399999999924e+01 2.893430049999999909e+01 2.994909800000000288e+01 2.848622000000000000e+08 0.000000000000000000e+00
2.657797800000000166e+01 2.702845100000000045e+01 2.814885966666666661e+01 3.301118000000000000e+08 0.000000000000000000e+00
2.557565900000000170e+01 2.607681850000000168e+01 2.654418700000000442e+01 4.899110000000000000e+08 1.000000000000000000e+00
2.586490099999999970e+01 2.572028000000000247e+01 2.600617933333333553e+01 3.621044000000000000e+08 0.000000000000000000e+00
2.328397599999999912e+01 2.457443849999999941e+01 2.490817866666666802e+01 6.450670000000000000e+08 1.000000000000000000e+00
2.709131599999999906e+01 2.518764600000000087e+01 2.541339766666666833e+01 4.285014000000000000e+08 1.000000000000000000e+00
2.735368199999999916e+01 2.722249899999999911e+01 2.590965799999999675e+01 3.587552000000000000e+08 0.000000000000000000e+00
2.735368199999999916e+01 2.735368199999999916e+01 2.726622666666666461e+01 5.673594000000000000e+08 0.000000000000000000e+00
2.428337499999999949e+01 2.581852849999999933e+01 2.633024633333333142e+01 4.069838000000000000e+08 0.000000000000000000e+00
2.290598299999999909e+01 2.359467899999999929e+01 2.484767999999999688e+01 3.698623000000000000e+08 0.000000000000000000e+00
2.083379700000000057e+01 2.186988999999999805e+01 2.267438500000000090e+01 6.071112000000000000e+08 0.000000000000000000e+00
2.048367899999999864e+01 2.065873799999999960e+01 2.140781966666666492e+01 4.336006000000000000e+08 1.000000000000000000e+00
2.165948099999999954e+01 2.107157999999999731e+01 2.099231899999999840e+01 3.328675000000000000e+08 1.000000000000000000e+00
2.254836999999999847e+01 2.210392549999999900e+01 2.156384333333333458e+01 4.475717000000000000e+08 0.000000000000000000e+00
2.099318099999999987e+01 2.177077549999999917e+01 2.173367733333333263e+01 4.872691000000000000e+08 1.000000000000000000e+00
2.175605399999999889e+01 2.137461749999999938e+01 2.176586833333333360e+01 4.537384000000000000e+08 0.000000000000000000e+00
2.123308600000000013e+01 2.149456999999999951e+01 2.132744033333333178e+01 4.972275000000000000e+08 0.000000000000000000e+00
1.791186899999999937e+01 1.957247749999999797e+01 2.030033633333333398e+01 6.445913000000000000e+08 0.000000000000000000e+00
1.767909999999999826e+01 1.779548450000000059e+01 1.894135166666666592e+01 5.033084000000000000e+08 0.000000000000000000e+00
1.649253799999999970e+01 1.708581900000000076e+01 1.736116900000000030e+01 5.669684000000000000e+08 1.000000000000000000e+00
1.839546599999999899e+01 1.744400199999999757e+01 1.752236800000000017e+01 8.270930000000000000e+08 0.000000000000000000e+00
1.722432500000000033e+01 1.780989549999999966e+01 1.737077633333333182e+01 5.637147000000000000e+08 0.000000000000000000e+00
1.408224899999999913e+01 1.565328699999999884e+01 1.656734666666666556e+01 5.868739000000000000e+08 1.000000000000000000e+00
1.452597100000000019e+01 1.430410999999999966e+01 1.527751499999999929e+01 7.572943000000000000e+08 1.000000000000000000e+00
1.560175399999999968e+01 1.506386249999999905e+01 1.473665800000000026e+01 5.645420000000000000e+08 0.000000000000000000e+00
1.400821299999999958e+01 1.480498349999999874e+01 1.471197933333333197e+01 4.097617000000000000e+08 0.000000000000000000e+00
1.341284600000000005e+01 1.371052949999999981e+01 1.434093766666666703e+01 4.618084000000000000e+08 1.000000000000000000e+00
1.394031400000000076e+01 1.367658000000000129e+01 1.378712433333333287e+01 4.242524000000000000e+08 1.000000000000000000e+00
1.489883700000000033e+01 1.441957550000000055e+01 1.408399900000000038e+01 5.237790000000000000e+08 1.000000000000000000e+00
1.720669600000000088e+01 1.605276650000000060e+01 1.534861566666666732e+01 4.232179000000000000e+08 0.000000000000000000e+00
1.676849400000000045e+01 1.698759499999999889e+01 1.629134233333333270e+01 3.850442000000000000e+08 0.000000000000000000e+00
1.675680900000000051e+01 1.676265150000000048e+01 1.691066633333333513e+01 4.160108000000000000e+08 0.000000000000000000e+00
1.672519099999999881e+01 1.674099999999999966e+01 1.675016466666666659e+01 4.629216000000000000e+08 1.000000000000000000e+00
1.738972700000000060e+01 1.705745900000000148e+01 1.695724233333333331e+01 3.364878000000000000e+08 1.000000000000000000e+00
1.753086700000000064e+01 1.746029700000000062e+01 1.721526166666666668e+01 4.233727000000000000e+08 0.000000000000000000e+00
1.716626499999999922e+01 1.734856599999999816e+01 1.736228633333333349e+01 4.774801000000000000e+08 0.000000000000000000e+00
1.696507599999999982e+01 1.706567049999999952e+01 1.722073599999999871e+01 4.109092000000000000e+08 1.000000000000000000e+00
1.833198200000000000e+01 1.764852899999999991e+01 1.748777433333333420e+01 4.285350000000000000e+08 1.000000000000000000e+00
2.003049299999999988e+01 1.918123750000000172e+01 1.844251699999999872e+01 4.446893000000000000e+08 0.000000000000000000e+00
1.936935799999999830e+01 1.969992549999999909e+01 1.924394433333333509e+01 3.387728000000000000e+08 0.000000000000000000e+00
1.828907200000000088e+01 1.882921499999999781e+01 1.922964100000000087e+01 8.761405000000000000e+08 0.000000000000000000e+00
1.794750399999999857e+01 1.811828799999999973e+01 1.853531133333332903e+01 6.502609000000000000e+08 1.000000000000000000e+00
1.864862300000000062e+01 1.829806349999999782e+01 1.829506633333333454e+01 3.965272000000000000e+08 1.000000000000000000e+00
1.941566699999999912e+01 1.903214499999999987e+01 1.867059799999999825e+01 5.777044000000000000e+08 1.000000000000000000e+00
2.004497900000000143e+01 1.973032299999999850e+01 1.936975633333333136e+01 4.527491000000000000e+08 0.000000000000000000e+00
1.976766599999999841e+01 1.990632250000000170e+01 1.974277066666666514e+01 3.256857000000000000e+08 1.000000000000000000e+00
2.024392900000000139e+01 2.000579749999999990e+01 2.001885800000000160e+01 3.595448000000000000e+08 1.000000000000000000e+00
2.069142700000000090e+01 2.046767799999999937e+01 2.023434066666666808e+01 3.195692000000000000e+08 1.000000000000000000e+00
2.144340499999999849e+01 2.106741600000000147e+01 2.079292033333333123e+01 3.637685000000000000e+08 1.000000000000000000e+00
2.213474100000000178e+01 2.178907300000000191e+01 2.142319100000000276e+01 4.004487000000000000e+08 0.000000000000000000e+00
2.204080799999999840e+01 2.208777450000000186e+01 2.187298466666666741e+01 3.804510000000000000e+08 0.000000000000000000e+00
2.147347800000000007e+01 2.175714299999999923e+01 2.188300900000000127e+01 3.109813000000000000e+08 1.000000000000000000e+00
2.213618699999999961e+01 2.180483249999999984e+01 2.188349100000000291e+01 3.950664000000000000e+08 1.000000000000000000e+00
2.222212800000000144e+01 2.217915750000000230e+01 2.194393100000000274e+01 4.289476000000000000e+08 1.000000000000000000e+00
2.239400499999999994e+01 2.230806650000000246e+01 2.225077333333333129e+01 3.379454000000000000e+08 0.000000000000000000e+00
2.127062600000000003e+01 2.183231549999999999e+01 2.196225300000000402e+01 5.016489000000000000e+08 1.000000000000000000e+00
2.130980500000000077e+01 2.129021550000000218e+01 2.165814533333333358e+01 4.341186000000000000e+08 0.000000000000000000e+00
2.076006699999999938e+01 2.103493600000000185e+01 2.111349933333333340e+01 4.133616000000000000e+08 1.000000000000000000e+00
2.079713100000000026e+01 2.077859899999999982e+01 2.095566766666666680e+01 4.584383000000000000e+08 1.000000000000000000e+00
2.108362400000000036e+01 2.094037750000000031e+01 2.088027400000000000e+01 4.702808000000000000e+08 1.000000000000000000e+00
2.220899400000000057e+01 2.164630900000000224e+01 2.136324966666666469e+01 4.424298000000000000e+08 0.000000000000000000e+00
2.179242500000000149e+01 2.200070949999999925e+01 2.169501433333333651e+01 4.558770000000000000e+08 0.000000000000000000e+00
2.050754399999999933e+01 2.114998450000000219e+01 2.150298766666666594e+01 6.592471000000000000e+08 1.000000000000000000e+00
2.058268500000000145e+01 2.054511450000000039e+01 2.096088466666666861e+01 4.843727000000000000e+08 1.000000000000000000e+00
2.194175500000000056e+01 2.126221999999999923e+01 2.101066133333333497e+01 5.725577000000000000e+08 0.000000000000000000e+00
2.182189899999999838e+01 2.188182700000000125e+01 2.144877966666666680e+01 4.773434000000000000e+08 0.000000000000000000e+00
2.161370499999999950e+01 2.171780199999999894e+01 2.179245299999999830e+01 5.023359000000000000e+08 0.000000000000000000e+00
2.079357299999999853e+01 2.120363899999999902e+01 2.140972566666666310e+01 5.738153000000000000e+08 0.000000000000000000e+00
2.077750999999999948e+01 2.078554150000000078e+01 2.106159599999999799e+01 4.754442000000000000e+08 1.000000000000000000e+00
2.164827199999999863e+01 2.121289099999999905e+01 2.107311833333333340e+01 4.069147000000000000e+08 1.000000000000000000e+00
2.243640500000000060e+01 2.204233849999999961e+01 2.162072900000000075e+01 4.602391000000000000e+08 1.000000000000000000e+00
2.247609100000000026e+01 2.245624800000000221e+01 2.218692266666666413e+01 5.563810000000000000e+08 1.000000000000000000e+00
2.258492899999999892e+01 2.253050999999999959e+01 2.249914166666667015e+01 4.617438000000000000e+08 1.000000000000000000e+00
2.382043799999999933e+01 2.320268349999999913e+01 2.296048599999999951e+01 6.468229000000000000e+08 0.000000000000000000e+00
2.324847600000000014e+01 2.353445699999999974e+01 2.321794766666666376e+01 6.506993000000000000e+08 0.000000000000000000e+00
2.251330000000000098e+01 2.288088799999999878e+01 2.319407133333332993e+01 6.066568000000000000e+08 1.000000000000000000e+00
2.298270000000000124e+01 2.274800000000000111e+01 2.291482533333332938e+01 7.907802000000000000e+08 1.000000000000000000e+00
2.395764700000000147e+01 2.347017350000000135e+01 2.315121566666666908e+01 7.831219000000000000e+08 1.000000000000000000e+00
2.442562500000000014e+01 2.419163600000000258e+01 2.378865733333333310e+01 6.627381000000000000e+08 1.000000000000000000e+00
2.488059799999999910e+01 2.465311150000000140e+01 2.442128999999999905e+01 8.763728000000000000e+08 1.000000000000000000e+00
2.537442800000000176e+01 2.512751300000000043e+01 2.489355033333333722e+01 8.742342000000000000e+08 1.000000000000000000e+00
2.544644699999999915e+01 2.541043750000000045e+01 2.523382433333333097e+01 1.042433400000000000e+09 1.000000000000000000e+00
2.710271799999999942e+01 2.627458250000000106e+01 2.597453099999999893e+01 6.813850000000000000e+08 1.000000000000000000e+00
2.712743800000000149e+01 2.711507800000000046e+01 2.655886766666666787e+01 7.228988000000000000e+08 0.000000000000000000e+00
2.523591199999999901e+01 2.618167499999999848e+01 2.648868933333333686e+01 8.947275000000000000e+08 0.000000000000000000e+00
2.443183700000000158e+01 2.483387450000000030e+01 2.559839566666666499e+01 8.345982000000000000e+08 0.000000000000000000e+00
2.350407200000000074e+01 2.396795450000000116e+01 2.439060699999999926e+01 1.102048700000000000e+09 0.000000000000000000e+00
2.202841000000000093e+01 2.276624100000000084e+01 2.332143966666666657e+01 8.478860000000000000e+08 1.000000000000000000e+00
2.482479999999999976e+01 2.342660500000000212e+01 2.345242733333333263e+01 1.157551300000000000e+09 0.000000000000000000e+00
2.193383000000000038e+01 2.337931499999999829e+01 2.292901333333333369e+01 1.378283400000000000e+09 0.000000000000000000e+00
2.060573000000000121e+01 2.126978000000000080e+01 2.245478666666666712e+01 1.059844000000000000e+09 0.000000000000000000e+00
1.790256499999999917e+01 1.925414750000000197e+01 2.014737500000000026e+01 1.501531400000000000e+09 1.000000000000000000e+00
1.918662799999999891e+01 1.854459649999999726e+01 1.923164099999999976e+01 1.483937000000000000e+09 0.000000000000000000e+00
1.905775999999999826e+01 1.912219400000000036e+01 1.871565099999999759e+01 8.686127000000000000e+08 0.000000000000000000e+00
1.729440900000000170e+01 1.817608450000000175e+01 1.851293233333333532e+01 2.145179600000000000e+09 0.000000000000000000e+00
1.340964400000000012e+01 1.535202650000000091e+01 1.658727100000000121e+01 3.695032600000000000e+09 0.000000000000000000e+00
1.180131399999999964e+01 1.260547899999999899e+01 1.416845566666666656e+01 2.502984400000000000e+09 0.000000000000000000e+00
1.113461099999999959e+01 1.146796249999999873e+01 1.211518966666666586e+01 2.110745100000000000e+09 0.000000000000000000e+00
8.497543999999999542e+00 9.816077499999998679e+00 1.047782299999999900e+01 2.245555900000000000e+09 0.000000000000000000e+00
5.961591000000000307e+00 7.229567499999999924e+00 8.531248666666664704e+00 3.382940500000000000e+09 1.000000000000000000e+00
7.290562000000000431e+00 6.626076499999999925e+00 7.249899000000000093e+00 5.970899200000000000e+09 1.000000000000000000e+00
9.122215999999999880e+00 8.206388999999999712e+00 7.458123000000000502e+00 2.690085800000000000e+09 1.000000000000000000e+00
9.720750000000000668e+00 9.421483000000000274e+00 8.711176000000000030e+00 2.006493100000000000e+09 0.000000000000000000e+00
8.451572999999999780e+00 9.086161499999999336e+00 9.098179666666666776e+00 1.832024300000000000e+09 1.000000000000000000e+00
9.742594999999999672e+00 9.097083999999998838e+00 9.304972666666666115e+00 2.107614300000000000e+09 1.000000000000000000e+00
1.010612199999999916e+01 9.924358500000000305e+00 9.433429999999999538e+00 1.749751800000000000e+09 1.000000000000000000e+00
1.193831499999999934e+01 1.102221849999999925e+01 1.059567733333333273e+01 2.661032400000000000e+09 0.000000000000000000e+00
1.042921300000000073e+01 1.118376400000000004e+01 1.082455000000000034e+01 2.136309500000000000e+09 1.000000000000000000e+00
1.171640900000000052e+01 1.107281100000000151e+01 1.136131233333333235e+01 1.538415600000000000e+09 0.000000000000000000e+00
1.106549500000000030e+01 1.139095200000000041e+01 1.107037233333333326e+01 1.329467800000000000e+09 1.000000000000000000e+00
1.183675599999999939e+01 1.145112549999999985e+01 1.153955333333333222e+01 1.603135000000000000e+09 0.000000000000000000e+00
1.182203600000000066e+01 1.182939599999999913e+01 1.157476233333333404e+01 1.408387100000000000e+09 1.000000000000000000e+00
1.348095099999999924e+01 1.265149350000000084e+01 1.237991433333333191e+01 2.079953000000000000e+09 1.000000000000000000e+00
1.396981899999999932e+01 1.372538499999999928e+01 1.309093533333333426e+01 1.620474800000000000e+09 0.000000000000000000e+00
1.211063500000000026e+01 1.304022699999999979e+01 1.318713499999999961e+01 2.060625900000000000e+09 0.000000000000000000e+00
1.068105899999999941e+01 1.139584699999999984e+01 1.225383766666666752e+01 1.760214300000000000e+09 1.000000000000000000e+00
1.201608200000000082e+01 1.134857050000000100e+01 1.160259200000000135e+01 1.527426400000000000e+09 0.000000000000000000e+00
1.079359999999999964e+01 1.140484100000000112e+01 1.116358033333333388e+01 1.274370100000000000e+09 1.000000000000000000e+00
1.211298799999999964e+01 1.145329399999999964e+01 1.164089000000000063e+01 1.210463500000000000e+09 0.000000000000000000e+00
1.202988900000000072e+01 1.207143849999999929e+01 1.164549233333333156e+01 1.320024500000000000e+09 0.000000000000000000e+00
1.188720999999999961e+01 1.195854950000000017e+01 1.201002899999999762e+01 1.109246900000000000e+09 1.000000000000000000e+00
1.373449899999999957e+01 1.281085449999999959e+01 1.255053266666666723e+01 1.229819700000000000e+09 1.000000000000000000e+00
1.524293199999999970e+01 1.448871549999999964e+01 1.362154699999999963e+01 1.476539100000000000e+09 1.000000000000000000e+00
1.583328099999999949e+01 1.553810649999999960e+01 1.493690399999999840e+01 9.623655000000000000e+08 0.000000000000000000e+00
1.527983300000000000e+01 1.555655699999999975e+01 1.545201533333333366e+01 1.429087400000000000e+09 1.000000000000000000e+00
1.558466800000000063e+01 1.543225050000000032e+01 1.556592733333333456e+01 1.083695800000000000e+09 0.000000000000000000e+00
1.496737899999999932e+01 1.527602350000000087e+01 1.527729333333333273e+01 9.109474000000000000e+08 0.000000000000000000e+00
1.437294799999999917e+01 1.467016349999999925e+01 1.497499833333333363e+01 1.141901000000000000e+09 0.000000000000000000e+00
1.376121200000000044e+01 1.406708000000000069e+01 1.436717966666666690e+01 1.066350000000000000e+09 0.000000000000000000e+00
1.253184800000000010e+01 1.314653000000000027e+01 1.355533600000000227e+01 2.085886600000000000e+09 0.000000000000000000e+00
1.169434200000000068e+01 1.211309500000000128e+01 1.266246733333333374e+01 1.776128400000000000e+09 1.000000000000000000e+00
1.296232499999999987e+01 1.232833349999999939e+01 1.239617166666666748e+01 1.437209100000000000e+09 0.000000000000000000e+00
1.234174900000000008e+01 1.265203699999999998e+01 1.233280533333333295e+01 1.253904100000000000e+09 1.000000000000000000e+00
1.389319300000000013e+01 1.311747100000000010e+01 1.306575566666666610e+01 1.509282300000000000e+09 1.000000000000000000e+00
1.465460500000000010e+01 1.427389900000000011e+01 1.362984900000000010e+01 9.826529000000000000e+08 1.000000000000000000e+00
1.492090999999999923e+01 1.478775749999999967e+01 1.448956933333333374e+01 9.540070000000000000e+08 1.000000000000000000e+00
1.585886600000000080e+01 1.538988799999999912e+01 1.514479366666666671e+01 1.064176400000000000e+09 0.000000000000000000e+00
1.547167299999999912e+01 1.566526950000000085e+01 1.541714966666666520e+01 8.426162000000000000e+08 0.000000000000000000e+00
1.508448800000000034e+01 1.527808049999999973e+01 1.547167566666666794e+01 9.644137000000000000e+08 1.000000000000000000e+00
1.646730399999999861e+01 1.577589599999999947e+01 1.567448833333333447e+01 1.248335000000000000e+09 1.000000000000000000e+00
1.658229100000000145e+01 1.652479749999999825e+01 1.604469433333333583e+01 1.046050100000000000e+09 0.000000000000000000e+00
1.655032699999999934e+01 1.656630900000000040e+01 1.653330733333332958e+01 6.975436000000000000e+08 1.000000000000000000e+00
1.814861700000000155e+01 1.734947199999999867e+01 1.709374500000000197e+01 1.014974000000000000e+09 0.000000000000000000e+00
1.695855299999999843e+01 1.755358499999999822e+01 1.721916566666666526e+01 9.103580000000000000e+08 1.000000000000000000e+00
1.701492299999999958e+01 1.698673799999999900e+01 1.737403099999999867e+01 8.308694000000000000e+08 0.000000000000000000e+00
1.690218700000000140e+01 1.695855500000000049e+01 1.695855433333333551e+01 9.036153000000000000e+08 1.000000000000000000e+00
1.810468699999999842e+01 1.750343699999999814e+01 1.734059900000000098e+01 9.206916000000000000e+08 1.000000000000000000e+00
1.886852999999999980e+01 1.848660849999999911e+01 1.795846799999999988e+01 7.658745000000000000e+08 1.000000000000000000e+00
1.894099800000000045e+01 1.890476400000000012e+01 1.863807166666666504e+01 6.859748000000000000e+08 0.000000000000000000e+00
1.826102600000000109e+01 1.860101200000000077e+01 1.869018466666666711e+01 9.663666000000000000e+08 1.000000000000000000e+00
1.910484500000000097e+01 1.868293549999999925e+01 1.876895633333333535e+01 8.440782000000000000e+08 0.000000000000000000e+00
1.899834600000000151e+01 1.905159550000000124e+01 1.878807233333333215e+01 8.753611000000000000e+08 1.000000000000000000e+00
2.012451000000000079e+01 1.956142799999999937e+01 1.940923366666666894e+01 7.933113000000000000e+08 0.000000000000000000e+00
1.910878399999999999e+01 1.961664700000000039e+01 1.941054666666666506e+01 6.506865000000000000e+08 1.000000000000000000e+00
1.972812800000000166e+01 1.941845599999999905e+01 1.965380733333333296e+01 7.395193000000000000e+08 1.000000000000000000e+00
2.175240700000000160e+01 2.074026750000000163e+01 2.019643966666666657e+01 8.961400000000000000e+08 1.000000000000000000e+00
2.218512499999999932e+01 2.196876600000000224e+01 2.122188666666666634e+01 7.151044000000000000e+08 1.000000000000000000e+00
2.332516899999999893e+01 2.275514700000000090e+01 2.242090033333333565e+01 7.425521000000000000e+08 0.000000000000000000e+00
2.108114099999999880e+01 2.220315499999999886e+01 2.219714500000000257e+01 9.235314000000000000e+08 1.000000000000000000e+00
2.136635599999999968e+01 2.122374849999999924e+01 2.192422200000000032e+01 6.747960000000000000e+08 1.000000000000000000e+00
2.190844900000000095e+01 2.163740250000000032e+01 2.145198200000000099e+01 6.821555000000000000e+08 1.000000000000000000e+00
2.275465600000000066e+01 2.233155250000000080e+01 2.200982033333333376e+01 6.581869000000000000e+08 0.000000000000000000e+00
2.267004199999999869e+01 2.271234899999999968e+01 2.244438233333333343e+01 4.410751000000000000e+08 0.000000000000000000e+00
2.223846999999999952e+01 2.245425600000000088e+01 2.255438933333333296e+01 5.617139000000000000e+08 0.000000000000000000e+00
2.145780399999999943e+01 2.184813700000000125e+01 2.212210533333333373e+01 7.293057000000000000e+08 1.000000000000000000e+00
2.216595299999999824e+01 2.181187849999999884e+01 2.195407566666666810e+01 5.451076000000000000e+08 0.000000000000000000e+00
2.185880699999999877e+01 2.201238000000000028e+01 2.182752133333333333e+01 5.528191000000000000e+08 1.000000000000000000e+00
2.220688600000000079e+01 2.203284649999999800e+01 2.207721533333333142e+01 8.151903000000000000e+08 1.000000000000000000e+00
2.279195599999999899e+01 2.249942099999999812e+01 2.228588299999999833e+01 5.165800000000000000e+08 0.000000000000000000e+00
2.174227300000000085e+01 2.226711449999999815e+01 2.224703833333333236e+01 8.669695000000000000e+08 0.000000000000000000e+00
2.074843200000000110e+01 2.124535250000000275e+01 2.176088699999999676e+01 8.952224000000000000e+08 1.000000000000000000e+00
2.257228900000000138e+01 2.166036050000000301e+01 2.168766466666666659e+01 6.664410000000000000e+08 0.000000000000000000e+00
2.174553299999999822e+01 2.215891099999999980e+01 2.168875133333333238e+01 7.438882000000000000e+08 1.000000000000000000e+00
2.373514899999999983e+01 2.274034100000000080e+01 2.268432366666666766e+01 1.379653500000000000e+09 1.000000000000000000e+00
2.390168399999999949e+01 2.381841649999999788e+01 2.312745533333333370e+01 6.371988000000000000e+08 0.000000000000000000e+00
2.328814300000000159e+01 2.359491350000000054e+01 2.364165866666666815e+01 6.949478000000000000e+08 0.000000000000000000e+00
2.307078599999999824e+01 2.317946450000000169e+01 2.342020433333333429e+01 6.168748000000000000e+08 0.000000000000000000e+00
2.210728800000000049e+01 2.258903699999999759e+01 2.282207233333333463e+01 9.204875000000000000e+08 1.000000000000000000e+00
2.229291299999999865e+01 2.220010049999999779e+01 2.249032899999999913e+01 9.261327000000000000e+08 1.000000000000000000e+00
2.579226299999999839e+01 2.404258799999999852e+01 2.339748799999999918e+01 1.479541000000000000e+09 1.000000000000000000e+00
2.670194800000000157e+01 2.624710549999999998e+01 2.492904133333333405e+01 3.283471700000000000e+09 1.000000000000000000e+00
2.778108399999999989e+01 2.724151600000000073e+01 2.675843166666666662e+01 1.111454300000000000e+09 0.000000000000000000e+00
2.614690999999999832e+01 2.696399699999999910e+01 2.687664733333333444e+01 1.152304100000000000e+09 1.000000000000000000e+00
2.618285200000000046e+01 2.616488100000000117e+01 2.670361533333333171e+01 8.548644000000000000e+08 1.000000000000000000e+00
2.879259899999999917e+01 2.748772549999999981e+01 2.704078699999999813e+01 7.325733000000000000e+08 0.000000000000000000e+00
2.785066199999999981e+01 2.832163049999999771e+01 2.760870433333333196e+01 6.448467000000000000e+08 0.000000000000000000e+00
2.737968800000000158e+01 2.761517500000000069e+01 2.800764966666666567e+01 6.070955000000000000e+08 1.000000000000000000e+00
2.851182400000000072e+01 2.794575600000000293e+01 2.791405800000000070e+01 8.654671000000000000e+08 0.000000000000000000e+00
2.841755300000000162e+01 2.846468850000000117e+01 2.810302166666666679e+01 7.675190000000000000e+08 1.000000000000000000e+00
2.850880599999999987e+01 2.846317950000000252e+01 2.847939433333333525e+01 5.370745000000000000e+08 0.000000000000000000e+00
2.703043900000000122e+01 2.776962250000000054e+01 2.798559933333333660e+01 7.371257000000000000e+08 0.000000000000000000e+00
2.676315900000000170e+01 2.689679900000000146e+01 2.743413466666666523e+01 6.932353000000000000e+08 1.000000000000000000e+00
2.828985600000000034e+01 2.752650750000000102e+01 2.736115133333333560e+01 7.115334000000000000e+08 1.000000000000000000e+00
2.906239899999999921e+01 2.867612749999999977e+01 2.803847133333333375e+01 6.368354000000000000e+08 0.000000000000000000e+00
2.752054599999999951e+01 2.829147249999999758e+01 2.829093366666666398e+01 6.597790000000000000e+08 1.000000000000000000e+00
2.762247100000000088e+01 2.757150850000000020e+01 2.806847199999999987e+01 5.271063000000000000e+08 1.000000000000000000e+00
2.783344800000000063e+01 2.772795950000000076e+01 2.765882166666666819e+01 6.937417000000000000e+08 0.000000000000000000e+00
2.707690399999999897e+01 2.745517600000000158e+01 2.751094100000000253e+01 5.751046000000000000e+08 0.000000000000000000e+00
2.557314699999999874e+01 2.632502549999999886e+01 2.682783299999999826e+01 7.551617000000000000e+08 0.000000000000000000e+00
2.522756800000000155e+01 2.540035749999999837e+01 2.595920633333333072e+01 9.684583000000000000e+08 0.000000000000000000e+00
2.432345600000000019e+01 2.477551199999999909e+01 2.504139033333332875e+01 8.139636000000000000e+08 0.000000000000000000e+00
2.331670599999999993e+01 2.382008100000000184e+01 2.428924333333333152e+01 6.884163000000000000e+08 0.000000000000000000e+00
2.296529400000000010e+01 2.314099999999999824e+01 2.353515200000000007e+01 9.623746000000000000e+08 0.000000000000000000e+00
1.933855399999999847e+01 2.115192400000000106e+01 2.187351800000000068e+01 1.810466100000000000e+09 0.000000000000000000e+00
1.754475199999999901e+01 1.844165299999999874e+01 1.994953333333333489e+01 1.882809900000000000e+09 0.000000000000000000e+00
1.673897900000000050e+01 1.714186550000000153e+01 1.787409500000000051e+01 1.235739600000000000e+09 0.000000000000000000e+00
1.572447599999999923e+01 1.623172749999999809e+01 1.666940233333333410e+01 2.347318600000000000e+09 0.000000000000000000e+00
1.372123299999999979e+01 1.472285450000000040e+01 1.539489599999999747e+01 1.701729600000000000e+09 0.000000000000000000e+00
1.321707699999999974e+01 1.346915500000000065e+01 1.422092866666666566e+01 1.766279600000000000e+09 1.000000000000000000e+00
1.379556900000000041e+01 1.350632300000000008e+01 1.357795966666666665e+01 1.487737400000000000e+09 1.000000000000000000e+00
1.380537400000000048e+01 1.380047150000000045e+01 1.360600666666666747e+01 1.258392600000000000e+09 0.000000000000000000e+00
1.334454099999999954e+01 1.357495750000000001e+01 1.364849466666666622e+01 1.613849500000000000e+09 1.000000000000000000e+00
1.348276800000000009e+01 1.341365449999999981e+01 1.354422766666666611e+01 1.266192400000000000e+09 0.000000000000000000e+00
1.280022100000000052e+01 1.314149450000000030e+01 1.320917666666666612e+01 1.069565000000000000e+09 0.000000000000000000e+00
