7.164500000000000313e-01 7.331670000000000131e-01 7.355550000000000699e-01 9.968000000000000000e+06 0.000000000000000000e+00
6.973439999999999639e-01 7.068969999999999976e-01 7.212260000000000337e-01 1.076480000000000000e+07 1.000000000000000000e+00
7.857070000000000443e-01 7.415255000000000596e-01 7.331670000000000131e-01 1.305280000000000000e+07 1.000000000000000000e+00
8.907859999999999667e-01 8.382465000000000055e-01 7.912789999999999546e-01 2.690560000000000000e+07 1.000000000000000000e+00
1.048403999999999892e+00 9.695949999999999847e-01 9.082989999999999675e-01 4.425920000000000000e+07 1.000000000000000000e+00
1.089002999999999943e+00 1.068703499999999806e+00 1.009397666666666638e+00 4.704480000000000000e+07 1.000000000000000000e+00
1.117661999999999933e+00 1.103332500000000049e+00 1.085022999999999849e+00 3.614240000000000000e+07 0.000000000000000000e+00
8.740679999999999561e-01 9.958650000000000002e-01 1.026910999999999907e+00 5.261760000000000000e+07 0.000000000000000000e+00
7.403309999999999613e-01 8.071994999999999587e-01 9.106869999999999132e-01 2.276480000000000000e+07 0.000000000000000000e+00
6.065939999999999666e-01 6.734624999999999639e-01 7.403309999999999613e-01 3.914560000000000000e+07 1.000000000000000000e+00
6.782390000000000363e-01 6.424164999999999459e-01 6.750546666666666917e-01 3.365600000000000000e+07 1.000000000000000000e+00
7.355549999999999589e-01 7.068969999999999976e-01 6.734626666666665429e-01 2.098720000000000000e+07 1.000000000000000000e+00
8.549630000000000285e-01 7.952589999999999382e-01 7.562523333333333042e-01 2.827200000000000000e+07 1.000000000000000000e+00
1.026910999999999907e+00 9.409369999999999123e-01 8.724763333333331872e-01 3.972000000000000000e+07 1.000000000000000000e+00
1.103332999999999897e+00 1.065121999999999902e+00 9.950689999999999813e-01 2.420320000000000000e+07 1.000000000000000000e+00
1.146320000000000006e+00 1.124826499999999951e+00 1.092187999999999937e+00 3.420640000000000000e+07 1.000000000000000000e+00
1.452004999999999990e+00 1.299162499999999998e+00 1.233886000000000038e+00 5.083520000000000000e+07 0.000000000000000000e+00
1.356478000000000073e+00 1.404241499999999920e+00 1.318267666666666615e+00 1.909120000000000000e+07 1.000000000000000000e+00
1.576189000000000062e+00 1.466333500000000178e+00 1.461557333333333375e+00 2.473120000000000000e+07 1.000000000000000000e+00
1.967848999999999959e+00 1.772019000000000011e+00 1.633505333333333587e+00 4.848000000000000000e+07 1.000000000000000000e+00
2.211441999999999908e+00 2.089645500000000045e+00 1.918493333333333384e+00 3.715200000000000000e+07 0.000000000000000000e+00
1.681267999999999985e+00 1.946355000000000057e+00 1.953519666666666765e+00 1.522768000000000000e+08 0.000000000000000000e+00
1.485440000000000094e+00 1.583353999999999928e+00 1.792716666666666514e+00 6.090080000000000000e+07 1.000000000000000000e+00
1.709926000000000057e+00 1.597682999999999964e+00 1.625544666666666638e+00 4.753760000000000000e+07 1.000000000000000000e+00
1.781571000000000016e+00 1.745748499999999925e+00 1.658978999999999759e+00 4.172960000000000000e+07 1.000000000000000000e+00
2.130243999999999804e+00 1.955907499999999910e+00 1.873913666666666700e+00 6.191680000000000000e+07 1.000000000000000000e+00
2.378610999999999809e+00 2.254427499999999807e+00 2.096808666666666543e+00 5.238240000000000000e+07 0.000000000000000000e+00
2.197112999999999872e+00 2.287861999999999618e+00 2.235322666666666347e+00 4.217920000000000000e+07 1.000000000000000000e+00
2.211441999999999908e+00 2.204277499999999890e+00 2.262388666666666381e+00 2.909120000000000000e+07 0.000000000000000000e+00
1.996505999999999892e+00 2.103974000000000011e+00 2.135020333333333298e+00 9.500320000000000000e+07 1.000000000000000000e+00
2.072926999999999964e+00 2.034716500000000039e+00 2.093624999999999847e+00 3.288080000000000000e+07 0.000000000000000000e+00
2.063374000000000041e+00 2.068150499999999781e+00 2.044268999999999892e+00 2.090000000000000000e+07 1.000000000000000000e+00
2.168454000000000104e+00 2.115914000000000073e+00 2.101585000000000036e+00 1.648880000000000000e+07 1.000000000000000000e+00
2.512350999999999779e+00 2.340402499999999719e+00 2.248059666666666789e+00 3.368960000000000000e+07 1.000000000000000000e+00
2.741614999999999913e+00 2.626983000000000068e+00 2.474139999999999784e+00 4.617040000000000000e+07 1.000000000000000000e+00
2.875353000000000048e+00 2.808483999999999980e+00 2.709773000000000209e+00 2.994880000000000000e+07 0.000000000000000000e+00
2.818035000000000068e+00 2.846694000000000280e+00 2.811667666666666676e+00 2.270000000000000000e+07 0.000000000000000000e+00
2.674745000000000150e+00 2.746389999999999887e+00 2.789377666666666755e+00 3.926160000000000000e+07 1.000000000000000000e+00
2.923115000000000130e+00 2.798930000000000362e+00 2.805298333333333005e+00 3.516640000000000000e+07 0.000000000000000000e+00
2.569665000000000088e+00 2.746389999999999887e+00 2.722508333333333752e+00 3.446400000000000000e+07 1.000000000000000000e+00
2.684299000000000213e+00 2.626981999999999928e+00 2.725692999999999699e+00 2.370560000000000000e+07 1.000000000000000000e+00
3.209696000000000105e+00 2.946997500000000159e+00 2.821220000000000283e+00 3.066000000000000000e+07 0.000000000000000000e+00
3.133271999999999835e+00 3.171483999999999970e+00 3.009088999999999903e+00 2.457840000000000000e+07 1.000000000000000000e+00
3.326281999999999961e+00 3.229776999999999898e+00 3.223083333333333300e+00 3.959680000000000000e+07 1.000000000000000000e+00
3.635705000000000187e+00 3.480993500000000296e+00 3.365086333333333624e+00 2.155440000000000000e+07 0.000000000000000000e+00
3.258596999999999966e+00 3.447150999999999854e+00 3.406861333333333519e+00 3.923680000000000000e+07 1.000000000000000000e+00
3.453371000000000191e+00 3.355984000000000300e+00 3.449224333333333448e+00 2.075360000000000000e+07 0.000000000000000000e+00
3.453371000000000191e+00 3.453371000000000191e+00 3.388446333333333893e+00 1.806160000000000000e+07 1.000000000000000000e+00
3.600115000000000176e+00 3.526743000000000183e+00 3.502285666666666852e+00 1.695360000000000000e+07 1.000000000000000000e+00
3.854471000000000203e+00 3.727293000000000411e+00 3.635985666666666560e+00 2.154160000000000000e+07 0.000000000000000000e+00
3.606930000000000192e+00 3.730700500000000197e+00 3.687172000000000338e+00 2.970000000000000000e+07 1.000000000000000000e+00
3.844097999999999793e+00 3.725513999999999992e+00 3.768499666666667025e+00 2.010480000000000000e+07 0.000000000000000000e+00
3.794686000000000003e+00 3.819391999999999676e+00 3.748571333333333033e+00 1.279920000000000000e+07 0.000000000000000000e+00
3.653055999999999859e+00 3.723870999999999931e+00 3.763946666666666108e+00 1.519040000000000000e+07 1.000000000000000000e+00
3.922544999999999948e+00 3.787800499999999904e+00 3.790095666666666308e+00 1.644960000000000000e+07 1.000000000000000000e+00
4.511426000000000158e+00 4.216985499999999831e+00 4.029008999999999396e+00 2.638720000000000000e+07 0.000000000000000000e+00
4.463439000000000156e+00 4.487432500000000601e+00 4.299136666666666606e+00 2.677960000000000000e+07 1.000000000000000000e+00
4.524028000000000382e+00 4.493733500000000269e+00 4.499631000000000824e+00 2.227080000000000000e+07 0.000000000000000000e+00
4.402847999999999651e+00 4.463438000000000017e+00 4.463438333333333397e+00 1.559640000000000000e+07 1.000000000000000000e+00
4.551770999999999567e+00 4.477309499999999609e+00 4.492882333333333200e+00 1.949200000000000000e+07 0.000000000000000000e+00
4.429846999999999646e+00 4.490808999999999607e+00 4.461488666666666880e+00 1.798320000000000000e+07 0.000000000000000000e+00
4.389204999999999579e+00 4.409525999999999613e+00 4.456940999999999597e+00 2.186920000000000000e+07 0.000000000000000000e+00
3.972712000000000021e+00 4.180958500000000022e+00 4.263921333333333230e+00 7.356880000000000000e+07 0.000000000000000000e+00
3.952020000000000088e+00 3.962366000000000277e+00 4.104645666666666415e+00 2.728400000000000000e+07 1.000000000000000000e+00
4.034784000000000148e+00 3.993402000000000118e+00 3.986505333333333567e+00 2.887360000000000000e+07 1.000000000000000000e+00
4.064324000000000048e+00 4.049554000000000542e+00 4.017042666666666761e+00 4.108600000000000000e+07 1.000000000000000000e+00
4.671878999999999671e+00 4.368101499999999859e+00 4.256995666666667510e+00 3.200760000000000000e+07 0.000000000000000000e+00
4.650928000000000395e+00 4.661403500000000477e+00 4.462377000000000038e+00 1.611080000000000000e+07 0.000000000000000000e+00
4.115067999999999948e+00 4.382998000000000616e+00 4.479291666666667560e+00 5.170440000000000000e+07 1.000000000000000000e+00
4.516022999999999676e+00 4.315545499999999812e+00 4.427339666666667561e+00 3.473640000000000000e+07 1.000000000000000000e+00
4.684847999999999679e+00 4.600435499999999678e+00 4.438646333333333693e+00 1.798440000000000000e+07 1.000000000000000000e+00
4.889229000000000269e+00 4.787038499999999530e+00 4.696699999999999875e+00 2.262080000000000000e+07 1.000000000000000000e+00
5.911902999999999686e+00 5.400565999999999534e+00 5.161993333333332323e+00 5.247200000000000000e+07 1.000000000000000000e+00
6.147523999999999766e+00 6.029713499999999726e+00 5.649551999999999907e+00 3.029840000000000000e+07 1.000000000000000000e+00
6.661601000000000106e+00 6.404562499999999936e+00 6.240342666666666815e+00 2.289200000000000000e+07 1.000000000000000000e+00
7.603481000000000378e+00 7.132540999999999798e+00 6.804202000000000083e+00 4.390880000000000000e+07 1.000000000000000000e+00
8.271207000000000420e+00 7.937344000000000399e+00 7.512096333333333043e+00 2.343560000000000000e+07 0.000000000000000000e+00
7.086528000000000382e+00 7.678867500000000845e+00 7.653738666666666468e+00 1.892240000000000000e+07 1.000000000000000000e+00
7.094547999999999632e+00 7.090538000000000451e+00 7.484094333333334070e+00 2.522040000000000000e+07 0.000000000000000000e+00
7.094547999999999632e+00 7.094547999999999632e+00 7.091874666666666549e+00 1.696840000000000000e+07 1.000000000000000000e+00
7.440624999999999822e+00 7.267586500000000171e+00 7.209907000000000288e+00 1.881200000000000000e+07 1.000000000000000000e+00
7.854306000000000232e+00 7.647465500000000027e+00 7.463159666666666858e+00 2.152600000000000000e+07 0.000000000000000000e+00
7.723764000000000074e+00 7.789035000000000153e+00 7.672898333333333376e+00 1.392320000000000000e+07 1.000000000000000000e+00
8.180661000000000627e+00 7.952212499999999906e+00 7.919577000000000311e+00 1.692040000000000000e+07 0.000000000000000000e+00
7.746139999999999581e+00 7.963400500000000548e+00 7.883521666666666761e+00 2.609680000000000000e+07 0.000000000000000000e+00
6.542642999999999986e+00 7.144391499999999340e+00 7.489814666666667620e+00 4.267400000000000000e+07 0.000000000000000000e+00
5.951838000000000406e+00 6.247240500000000196e+00 6.746873666666665770e+00 4.271680000000000000e+07 1.000000000000000000e+00
6.959623999999999810e+00 6.455731000000000108e+00 6.484701666666666142e+00 3.740680000000000000e+07 1.000000000000000000e+00
7.906662999999999997e+00 7.433143499999999904e+00 6.939375000000000959e+00 2.145480000000000000e+07 1.000000000000000000e+00
8.446255000000000734e+00 8.176459000000001254e+00 7.770847333333333218e+00 2.006320000000000000e+07 1.000000000000000000e+00
9.438808999999999116e+00 8.942531999999999925e+00 8.597242333333333875e+00 2.220360000000000000e+07 1.000000000000000000e+00
9.593911999999999551e+00 9.516360499999999334e+00 9.159658666666667060e+00 2.223920000000000000e+07 1.000000000000000000e+00
1.036939699999999931e+01 9.981654499999999430e+00 9.800705999999999918e+00 2.983560000000000000e+07 0.000000000000000000e+00
9.888495999999999952e+00 1.012894649999999963e+01 9.950601666666665679e+00 2.477860000000000000e+07 0.000000000000000000e+00
9.420799000000000589e+00 9.654647499999999383e+00 9.892897333333332099e+00 1.204280000000000000e+07 1.000000000000000000e+00
9.710321000000000424e+00 9.565560000000001395e+00 9.673205333333333655e+00 2.309560000000000000e+07 0.000000000000000000e+00
8.976869000000000653e+00 9.343595000000000539e+00 9.369329666666667222e+00 2.679080000000000000e+07 1.000000000000000000e+00
1.036135600000000068e+01 9.669112500000000665e+00 9.682848666666666659e+00 2.745720000000000000e+07 1.000000000000000000e+00
1.179050999999999938e+01 1.107593299999999914e+01 1.037624499999999905e+01 2.426520000000000000e+07 1.000000000000000000e+00
1.289208799999999933e+01 1.234129899999999935e+01 1.168131799999999920e+01 1.894900000000000000e+07 0.000000000000000000e+00
1.282493599999999923e+01 1.285851199999999928e+01 1.250251133333333264e+01 1.002540000000000000e+07 1.000000000000000000e+00
1.387689899999999987e+01 1.335091749999999955e+01 1.319797433333333281e+01 1.530040000000000000e+07 1.000000000000000000e+00
1.422158199999999972e+01 1.404924049999999980e+01 1.364113900000000079e+01 2.016720000000000000e+07 0.000000000000000000e+00
1.103630700000000076e+01 1.262894449999999935e+01 1.304492933333333404e+01 1.781340000000000000e+07 0.000000000000000000e+00
1.063253599999999999e+01 1.083442150000000126e+01 1.196347500000000075e+01 2.130140000000000000e+07 1.000000000000000000e+00
1.394480800000000009e+01 1.228867200000000004e+01 1.187121700000000146e+01 3.051920000000000000e+07 1.000000000000000000e+00
1.509186599999999956e+01 1.451833699999999894e+01 1.322306999999999988e+01 1.722700000000000000e+07 1.000000000000000000e+00
1.704864500000000049e+01 1.607025550000000180e+01 1.536177299999999946e+01 1.651860000000000000e+07 1.000000000000000000e+00
1.874933100000000152e+01 1.789898800000000278e+01 1.696328066666666601e+01 1.950660000000000000e+07 1.000000000000000000e+00
2.086764900000000011e+01 1.980848999999999904e+01 1.888854166666666856e+01 2.011360000000000000e+07 0.000000000000000000e+00
2.068737000000000137e+01 2.077750950000000074e+01 2.010144999999999982e+01 2.418080000000000000e+07 1.000000000000000000e+00
2.161805299999999974e+01 2.115271150000000233e+01 2.105769066666666944e+01 2.107000000000000000e+07 0.000000000000000000e+00
1.843627400000000094e+01 2.002716350000000034e+01 2.024723233333333283e+01 1.994580000000000000e+07 1.000000000000000000e+00
1.963226900000000086e+01 1.903427150000000267e+01 1.989553199999999933e+01 2.209940000000000000e+07 1.000000000000000000e+00
2.002564200000000127e+01 1.982895549999999929e+01 1.936472833333333554e+01 2.095180000000000000e+07 0.000000000000000000e+00
1.970920900000000131e+01 1.986742550000000307e+01 1.978903999999999996e+01 1.380680000000000000e+07 0.000000000000000000e+00
1.810444999999999993e+01 1.890682950000000062e+01 1.927976700000000321e+01 2.796060000000000000e+07 1.000000000000000000e+00
2.148514700000000133e+01 1.979479849999999885e+01 1.976626866666666515e+01 2.165100000000000000e+07 1.000000000000000000e+00
2.209642399999999895e+01 2.179078549999999836e+01 2.056200699999999770e+01 1.559160000000000000e+07 1.000000000000000000e+00
2.320577799999999868e+01 2.265110099999999704e+01 2.226244966666666514e+01 1.997600000000000000e+07 1.000000000000000000e+00
2.546507799999999833e+01 2.433542800000000028e+01 2.358909333333333436e+01 5.685800000000000000e+07 0.000000000000000000e+00
2.471676799999999830e+01 2.509092299999999653e+01 2.446254133333333414e+01 2.412520000000000000e+07 1.000000000000000000e+00
2.879843100000000078e+01 2.675759949999999776e+01 2.632675899999999913e+01 2.704680000000000000e+07 1.000000000000000000e+00
2.892654599999999832e+01 2.886248849999999777e+01 2.748058166666666580e+01 3.075860000000000000e+07 0.000000000000000000e+00
2.706470500000000001e+01 2.799562549999999916e+01 2.826322733333333304e+01 1.978560000000000000e+07 1.000000000000000000e+00
2.797291200000000089e+01 2.751880849999999867e+01 2.798805433333333426e+01 3.004980000000000000e+07 1.000000000000000000e+00
3.262662900000000121e+01 3.029977050000000105e+01 2.922141533333332930e+01 1.913760000000000000e+07 1.000000000000000000e+00
3.626189800000000218e+01 3.444426350000000525e+01 3.228714633333333239e+01 1.670500000000000000e+07 0.000000000000000000e+00
3.480780399999999730e+01 3.553485100000000330e+01 3.456544366666667401e+01 1.377480000000000000e+07 1.000000000000000000e+00
3.505273799999999795e+01 3.493027099999999763e+01 3.537414666666666818e+01 2.213510000000000000e+07 0.000000000000000000e+00
3.305232199999999665e+01 3.405252999999999730e+01 3.430428799999999256e+01 1.670640000000000000e+07 0.000000000000000000e+00
2.891511300000000162e+01 3.098371749999999736e+01 3.234005766666666659e+01 4.617890000000000000e+07 1.000000000000000000e+00
3.303928799999999910e+01 3.097720050000000214e+01 3.166890766666666579e+01 3.865600000000000000e+07 0.000000000000000000e+00
3.155438200000000037e+01 3.229683500000000151e+01 3.116959433333333607e+01 3.188850000000000000e+07 0.000000000000000000e+00
2.762373699999999843e+01 2.958905949999999763e+01 3.073913566666666952e+01 4.382720000000000000e+07 1.000000000000000000e+00
3.356768000000000285e+01 3.059570850000000064e+01 3.091526633333333507e+01 3.559750000000000000e+07 1.000000000000000000e+00
3.420858799999999889e+01 3.388813400000000087e+01 3.180000166666666317e+01 2.659090000000000000e+07 1.000000000000000000e+00
3.428869999999999862e+01 3.424864399999999875e+01 3.402165600000000012e+01 2.389610000000000000e+07 1.000000000000000000e+00
3.761225900000000166e+01 3.595047950000000014e+01 3.536984899999999499e+01 4.252090000000000000e+07 0.000000000000000000e+00
3.541134999999999877e+01 3.651180449999999666e+01 3.577076966666666635e+01 3.045440000000000000e+07 0.000000000000000000e+00
2.951552799999999976e+01 3.246343900000000104e+01 3.417971233333333458e+01 3.925300000000000000e+07 1.000000000000000000e+00
3.302935399999999788e+01 3.127244100000000060e+01 3.265207733333333096e+01 5.030860000000000000e+07 1.000000000000000000e+00
3.837126899999999807e+01 3.570031149999999798e+01 3.363871699999999976e+01 3.355890000000000000e+07 1.000000000000000000e+00
3.963376600000000138e+01 3.900251749999999618e+01 3.701146299999999911e+01 2.799410000000000000e+07 1.000000000000000000e+00
4.162063200000000052e+01 4.062719900000000450e+01 3.987522233333333332e+01 2.988370000000000000e+07 0.000000000000000000e+00
3.742936699999999917e+01 3.952499949999999984e+01 3.956125500000000272e+01 4.034600000000000000e+07 1.000000000000000000e+00
4.025517700000000332e+01 3.884227200000000124e+01 3.976839199999999863e+01 2.521920000000000000e+07 0.000000000000000000e+00
3.871398500000000098e+01 3.948458100000000570e+01 3.879950966666666545e+01 2.890770000000000000e+07 0.000000000000000000e+00
3.841445499999999669e+01 3.856421999999999883e+01 3.912787233333333603e+01 2.701820000000000000e+07 0.000000000000000000e+00
3.745736699999999786e+01 3.793591099999999727e+01 3.819526899999999614e+01 3.661260000000000000e+07 0.000000000000000000e+00
3.462406899999999865e+01 3.604071799999999826e+01 3.683196366666666677e+01 5.032090000000000000e+07 1.000000000000000000e+00
3.599117999999999995e+01 3.530762450000000285e+01 3.602420533333333452e+01 2.909380000000000000e+07 0.000000000000000000e+00
3.395876700000000170e+01 3.497497350000000438e+01 3.485800533333333107e+01 3.325050000000000000e+07 1.000000000000000000e+00
3.826333199999999835e+01 3.611104950000000002e+01 3.607109299999999763e+01 5.944430000000000000e+07 0.000000000000000000e+00
3.551245899999999978e+01 3.688789549999999906e+01 3.591151933333333091e+01 4.215050000000000000e+07 0.000000000000000000e+00
3.380048800000000142e+01 3.465647350000000415e+01 3.585875966666666415e+01 3.819510000000000000e+07 0.000000000000000000e+00
3.058947200000000066e+01 3.219498000000000104e+01 3.330080633333333395e+01 6.431060000000000000e+07 0.000000000000000000e+00
2.898604399999999970e+01 2.978775800000000018e+01 3.112533466666666371e+01 3.644380000000000000e+07 1.000000000000000000e+00
2.907390600000000092e+01 2.902997500000000031e+01 2.954980733333333376e+01 5.096460000000000000e+07 1.000000000000000000e+00
3.256757700000000000e+01 3.082074150000000046e+01 3.020917566666666687e+01 6.919940000000000000e+07 0.000000000000000000e+00
3.089668299999999945e+01 3.173212999999999795e+01 3.084605533333333582e+01 5.541490000000000000e+07 0.000000000000000000e+00
2.921114000000000033e+01 3.005391149999999811e+01 3.089179999999999993e+01 6.382100000000000000e+07 1.000000000000000000e+00
3.438647499999999724e+01 3.179880749999999878e+01 3.149809933333332879e+01 7.955160000000000000e+07 1.000000000000000000e+00
3.654295299999999713e+01 3.546471400000000074e+01 3.338018933333333393e+01 3.448940000000000000e+07 0.000000000000000000e+00
3.535469799999999907e+01 3.594882549999999810e+01 3.542804199999999781e+01 3.539410000000000000e+07 0.000000000000000000e+00
3.480463799999999708e+01 3.507966799999999807e+01 3.556742966666666206e+01 5.036930000000000000e+07 0.000000000000000000e+00
3.462844100000000225e+01 3.471653949999999611e+01 3.492925900000000183e+01 3.238120000000000000e+07 1.000000000000000000e+00
3.489273099999999772e+01 3.476058600000000354e+01 3.477526999999999902e+01 3.909410000000000000e+07 1.000000000000000000e+00
3.753430600000000084e+01 3.621351849999999928e+01 3.568515933333333834e+01 6.158040000000000000e+07 1.000000000000000000e+00
3.906391500000000150e+01 3.829911049999999761e+01 3.716365066666666195e+01 4.153720000000000000e+07 1.000000000000000000e+00
3.922570799999999736e+01 3.914481150000000298e+01 3.860797633333333323e+01 3.697810000000000000e+07 1.000000000000000000e+00
4.147938200000000109e+01 4.035254499999999922e+01 3.992300166666667138e+01 4.180860000000000000e+07 1.000000000000000000e+00
4.234110299999999683e+01 4.191024249999999540e+01 4.101539766666666509e+01 3.144470000000000000e+07 1.000000000000000000e+00
4.561849999999999739e+01 4.397980149999999355e+01 4.314632833333333650e+01 2.998780000000000000e+07 0.000000000000000000e+00
4.417078800000000172e+01 4.489464399999999955e+01 4.404346366666666057e+01 3.661700000000000000e+07 1.000000000000000000e+00
4.501923800000000142e+01 4.459501300000000157e+01 4.493617533333333114e+01 2.656220000000000000e+07 0.000000000000000000e+00
4.385354999999999848e+01 4.443639399999999995e+01 4.434785866666666720e+01 2.538480000000000000e+07 0.000000000000000000e+00
4.254216399999999965e+01 4.319785699999999906e+01 4.380498399999999748e+01 3.531160000000000000e+07 1.000000000000000000e+00
4.272688300000000083e+01 4.263452350000000024e+01 4.304086566666666158e+01 3.133460000000000000e+07 1.000000000000000000e+00
4.489206300000000027e+01 4.380947299999999700e+01 4.338703666666666692e+01 2.709190000000000000e+07 0.000000000000000000e+00
4.451103599999999716e+01 4.470154949999999872e+01 4.404332733333333039e+01 3.266960000000000000e+07 1.000000000000000000e+00
4.582172400000000323e+01 4.516638000000000375e+01 4.507494100000000259e+01 2.548750000000000000e+07 0.000000000000000000e+00
4.277089300000000094e+01 4.429630850000000208e+01 4.436788433333333614e+01 3.076320000000000000e+07 0.000000000000000000e+00
3.488812999999999676e+01 3.882951149999999529e+01 4.116024900000000031e+01 1.159348000000000000e+08 1.000000000000000000e+00
3.637951300000000288e+01 3.563382149999999626e+01 3.801284533333333115e+01 5.644420000000000000e+07 1.000000000000000000e+00
3.680245200000000239e+01 3.659098250000000263e+01 3.602336499999999830e+01 4.363400000000000000e+07 1.000000000000000000e+00
3.959471500000000077e+01 3.819858349999999803e+01 3.759222666666666868e+01 4.876670000000000000e+07 0.000000000000000000e+00
3.666922399999999982e+01 3.813196949999999674e+01 3.768879700000000099e+01 3.133310000000000000e+07 0.000000000000000000e+00
3.605880400000000208e+01 3.636401399999999740e+01 3.744091433333333185e+01 4.550710000000000000e+07 1.000000000000000000e+00
3.699465200000000209e+01 3.652672800000000564e+01 3.657422666666666800e+01 6.820660000000000000e+07 1.000000000000000000e+00
4.022878599999999949e+01 3.861171900000000079e+01 3.776074733333333455e+01 4.046410000000000000e+07 0.000000000000000000e+00
3.845859500000000253e+01 3.934369050000000101e+01 3.856067766666667040e+01 3.603190000000000000e+07 1.000000000000000000e+00
4.012005200000000116e+01 3.928932350000000184e+01 3.960247766666666536e+01 5.171160000000000000e+07 0.000000000000000000e+00
3.935555999999999699e+01 3.973780599999999907e+01 3.931140233333333356e+01 3.312080000000000000e+07 0.000000000000000000e+00
3.888338099999999997e+01 3.911947049999999848e+01 3.945299766666666841e+01 5.141940000000000000e+07 0.000000000000000000e+00
3.823776199999999648e+01 3.856057149999999467e+01 3.882556766666666448e+01 4.326330000000000000e+07 0.000000000000000000e+00
3.749317599999999828e+01 3.786546899999999738e+01 3.820477299999999587e+01 3.770570000000000000e+07 1.000000000000000000e+00
4.128385899999999964e+01 3.938851749999999896e+01 3.900493233333332910e+01 5.029570000000000000e+07 1.000000000000000000e+00
4.304946499999999787e+01 4.216666200000000231e+01 4.060883333333332956e+01 4.467170000000000000e+07 1.000000000000000000e+00
4.418989599999999740e+01 4.361968050000000119e+01 4.284107333333333401e+01 3.734850000000000000e+07 1.000000000000000000e+00
4.739218100000000078e+01 4.579103849999999909e+01 4.487718066666666772e+01 3.809920000000000000e+07 1.000000000000000000e+00
5.200505400000000122e+01 4.969861749999999745e+01 4.786237700000000217e+01 5.481990000000000000e+07 1.000000000000000000e+00
5.589992099999999908e+01 5.395248750000000371e+01 5.176571866666666466e+01 5.361920000000000000e+07 0.000000000000000000e+00
5.339932300000000254e+01 5.464962200000000081e+01 5.376809933333333902e+01 4.407710000000000000e+07 0.000000000000000000e+00
5.188762299999999783e+01 5.264347300000000018e+01 5.372895566666667122e+01 5.180820000000000000e+07 0.000000000000000000e+00
5.005595399999999984e+01 5.097178850000000239e+01 5.178096666666666437e+01 4.379450000000000000e+07 0.000000000000000000e+00
4.465208799999999911e+01 4.735402100000000303e+01 4.886522166666666322e+01 6.725900000000000000e+07 1.000000000000000000e+00
4.827940000000000254e+01 4.646574400000000082e+01 4.766248066666667427e+01 4.732030000000000000e+07 0.000000000000000000e+00
4.657909000000000077e+01 4.742924500000000165e+01 4.650352600000000081e+01 3.900740000000000000e+07 0.000000000000000000e+00
4.545065300000000263e+01 4.601487149999999815e+01 4.676971433333333295e+01 3.937350000000000000e+07 0.000000000000000000e+00
4.388522300000000342e+01 4.466793800000000658e+01 4.530498866666666657e+01 5.201390000000000000e+07 0.000000000000000000e+00
4.118260200000000282e+01 4.253391249999999957e+01 4.350615933333333629e+01 5.602840000000000000e+07 0.000000000000000000e+00
3.537919999999999732e+01 3.828090100000000007e+01 4.014900833333333452e+01 5.904510000000000000e+07 1.000000000000000000e+00
3.968574900000000127e+01 3.753247449999999930e+01 3.874918366666666714e+01 5.293900000000000000e+07 0.000000000000000000e+00
3.700407799999999980e+01 3.834491350000000409e+01 3.735634233333333754e+01 4.361620000000000000e+07 0.000000000000000000e+00
3.599460200000000043e+01 3.649934000000000367e+01 3.756147633333333857e+01 3.848100000000000000e+07 0.000000000000000000e+00
3.152197599999999866e+01 3.375828899999999777e+01 3.484021866666666511e+01 7.946240000000000000e+07 0.000000000000000000e+00
2.882274999999999920e+01 3.017236299999999716e+01 3.211310933333333395e+01 4.804150000000000000e+07 1.000000000000000000e+00
2.908646399999999943e+01 2.895460699999999932e+01 2.981039666666666221e+01 4.904520000000000000e+07 1.000000000000000000e+00
2.990966600000000142e+01 2.949806500000000042e+01 2.927296000000000120e+01 5.600580000000000000e+07 1.000000000000000000e+00
3.250574100000000044e+01 3.120770350000000093e+01 3.050062366666666591e+01 3.746330000000000000e+07 0.000000000000000000e+00
2.835357899999999987e+01 3.042965999999999838e+01 3.025632866666666487e+01 4.835230000000000000e+07 1.000000000000000000e+00
2.983208300000000079e+01 2.909283100000000033e+01 3.023046766666666585e+01 7.457000000000000000e+07 1.000000000000000000e+00
3.136152799999999985e+01 3.059680550000000210e+01 2.984906333333333350e+01 5.798110000000000000e+07 0.000000000000000000e+00
2.940635100000000079e+01 3.038393950000000032e+01 3.019998733333333618e+01 7.770750000000000000e+07 0.000000000000000000e+00
1.945978200000000058e+01 2.443306650000000246e+01 2.674255366666666589e+01 1.363132000000000000e+08 0.000000000000000000e+00
1.352168799999999926e+01 1.649073500000000081e+01 2.079594033333333414e+01 1.046436000000000000e+08 0.000000000000000000e+00
1.348988899999999980e+01 1.350578849999999953e+01 1.549045300000000047e+01 7.988440000000000000e+07 0.000000000000000000e+00
9.867530000000000356e+00 1.167870950000000008e+01 1.229303566666666647e+01 1.505708000000000000e+08 0.000000000000000000e+00
8.182434999999999903e+00 9.024982500000000130e+00 1.051328466666666550e+01 1.528134000000000000e+08 1.000000000000000000e+00
1.084780100000000047e+01 9.515118000000001075e+00 9.632588666666666910e+00 1.419991000000000000e+08 1.000000000000000000e+00
1.815244300000000166e+01 1.450012200000000107e+01 1.239422633333333579e+01 1.388328000000000000e+08 0.000000000000000000e+00
1.390103599999999950e+01 1.602673950000000147e+01 1.430042666666666662e+01 9.703350000000000000e+07 0.000000000000000000e+00
1.327847900000000081e+01 1.358975750000000104e+01 1.511065266666666673e+01 1.086445000000000000e+08 1.000000000000000000e+00
1.861375800000000069e+01 1.594611850000000075e+01 1.526442433333333248e+01 1.300406000000000000e+08 1.000000000000000000e+00
1.975035499999999900e+01 1.918205650000000162e+01 1.721419733333333468e+01 7.210130000000000000e+07 0.000000000000000000e+00
1.894320499999999896e+01 1.934677999999999898e+01 1.910243933333333288e+01 7.707120000000000000e+07 1.000000000000000000e+00
2.060942800000000119e+01 1.977631650000000008e+01 1.976766266666666638e+01 1.260741000000000000e+08 1.000000000000000000e+00
2.409947400000000073e+01 2.235445100000000096e+01 2.121736900000000148e+01 5.885960000000000000e+07 0.000000000000000000e+00
2.084100300000000061e+01 2.247023850000000067e+01 2.184996833333333299e+01 6.695600000000000000e+07 0.000000000000000000e+00
1.887646300000000110e+01 1.985873300000000086e+01 2.127231333333333296e+01 8.372880000000000000e+07 1.000000000000000000e+00
2.042874700000000132e+01 1.965260500000000121e+01 2.004873766666666768e+01 5.649370000000000000e+07 1.000000000000000000e+00
2.339572499999999877e+01 2.191223600000000005e+01 2.090031166666666707e+01 8.203110000000000000e+07 1.000000000000000000e+00
2.819656799999999919e+01 2.579614649999999898e+01 2.400701333333333309e+01 1.047339000000000000e+08 0.000000000000000000e+00
2.517936699999999917e+01 2.668796749999999918e+01 2.559055333333333238e+01 9.544340000000000000e+07 0.000000000000000000e+00
1.852821499999999943e+01 2.185379100000000108e+01 2.396805000000000163e+01 1.069057000000000000e+08 1.000000000000000000e+00
2.277097699999999847e+01 2.064959599999999895e+01 2.215951966666666806e+01 9.736950000000000000e+07 0.000000000000000000e+00
2.034586499999999987e+01 2.155842099999999917e+01 2.054835233333333022e+01 5.397220000000000000e+07 1.000000000000000000e+00
2.378283899999999917e+01 2.206435199999999952e+01 2.229989366666666584e+01 4.633310000000000000e+07 1.000000000000000000e+00
2.572916599999999931e+01 2.475600250000000102e+01 2.328595666666666375e+01 6.294200000000000000e+07 1.000000000000000000e+00
2.624945800000000062e+01 2.598931199999999819e+01 2.525382100000000207e+01 4.056140000000000000e+07 1.000000000000000000e+00
2.909427499999999966e+01 2.767186650000000014e+01 2.702429966666666417e+01 3.116590000000000000e+07 1.000000000000000000e+00
3.337086099999999789e+01 3.123256800000000055e+01 2.957153133333333628e+01 5.006640000000000000e+07 1.000000000000000000e+00
3.435557200000000222e+01 3.386321650000000005e+01 3.227356933333333444e+01 3.954180000000000000e+07 1.000000000000000000e+00
3.584521500000000316e+01 3.510039350000000269e+01 3.452388266666667249e+01 4.685560000000000000e+07 0.000000000000000000e+00
3.143308599999999942e+01 3.363915049999999951e+01 3.387795766666666708e+01 5.883800000000000000e+07 0.000000000000000000e+00
3.134874900000000153e+01 3.139091750000000047e+01 3.287568333333333470e+01 4.686870000000000000e+07 1.000000000000000000e+00
3.468053400000000153e+01 3.301464150000000330e+01 3.248745633333333416e+01 5.558830000000000000e+07 1.000000000000000000e+00
3.672902700000000209e+01 3.570478049999999826e+01 3.425277000000000527e+01 6.230100000000000000e+07 0.000000000000000000e+00
3.272514300000000276e+01 3.472708500000000242e+01 3.471156799999999976e+01 8.890710000000000000e+07 0.000000000000000000e+00
2.905986400000000103e+01 3.089250350000000367e+01 3.283801133333333411e+01 4.214280000000000000e+07 1.000000000000000000e+00
3.304245000000000232e+01 3.105115700000000345e+01 3.160915233333333774e+01 6.999600000000000000e+07 0.000000000000000000e+00
3.123319199999999896e+01 3.213782100000000241e+01 3.111183533333333529e+01 3.958300000000000000e+07 1.000000000000000000e+00
3.301697500000000218e+01 3.212508350000000235e+01 3.243087233333333330e+01 3.526590000000000000e+07 1.000000000000000000e+00
3.766227700000000311e+01 3.533962600000000265e+01 3.397081466666666927e+01 4.394750000000000000e+07 1.000000000000000000e+00
3.969922600000000301e+01 3.868075149999999951e+01 3.679282599999999803e+01 3.321940000000000000e+07 1.000000000000000000e+00
4.197253800000000012e+01 4.083588199999999802e+01 3.977801366666666638e+01 3.678000000000000000e+07 1.000000000000000000e+00
4.475189199999999801e+01 4.336221499999999907e+01 4.214121866666666705e+01 4.952700000000000000e+07 0.000000000000000000e+00
4.120286899999999974e+01 4.297738049999999532e+01 4.264243300000000403e+01 5.389730000000000000e+07 0.000000000000000000e+00
3.923564100000000110e+01 4.021925500000000397e+01 4.173013399999999962e+01 4.669660000000000000e+07 0.000000000000000000e+00
3.709067499999999740e+01 3.816315799999999570e+01 3.917639500000000652e+01 4.233480000000000000e+07 0.000000000000000000e+00
3.600104900000000185e+01 3.654586199999999963e+01 3.744245499999999538e+01 6.354680000000000000e+07 1.000000000000000000e+00
3.635281400000000218e+01 3.617693150000000202e+01 3.648151266666666714e+01 3.902540000000000000e+07 1.000000000000000000e+00
4.026656700000000200e+01 3.830969050000000209e+01 3.754014333333333298e+01 4.963890000000000000e+07 1.000000000000000000e+00
4.043878899999999987e+01 4.035267799999999738e+01 3.901939000000000135e+01 4.042020000000000000e+07 1.000000000000000000e+00
4.204910699999999935e+01 4.124394800000000316e+01 4.091815433333332663e+01 3.043220000000000000e+07 1.000000000000000000e+00
4.528681600000000174e+01 4.366796150000000409e+01 4.259157066666666935e+01 3.704230000000000000e+07 1.000000000000000000e+00
4.546824300000000108e+01 4.537752950000000141e+01 4.426805533333333642e+01 3.228720000000000000e+07 1.000000000000000000e+00
4.622808500000000009e+01 4.584816399999999703e+01 4.566104800000000097e+01 2.587700000000000000e+07 1.000000000000000000e+00
4.739896800000000354e+01 4.681352650000000182e+01 4.636509866666666113e+01 3.810930000000000000e+07 0.000000000000000000e+00
4.730356599999999645e+01 4.735126700000000000e+01 4.697687300000000477e+01 2.910310000000000000e+07 1.000000000000000000e+00
4.772719200000000228e+01 4.751537899999999581e+01 4.747657533333333646e+01 3.158460000000000000e+07 1.000000000000000000e+00
4.942488900000000029e+01 4.857604050000000484e+01 4.815188233333333301e+01 2.940190000000000000e+07 1.000000000000000000e+00
5.221958200000000261e+01 5.082223550000000500e+01 4.979055433333333980e+01 2.678460000000000000e+07 1.000000000000000000e+00
5.592839399999999728e+01 5.407398799999999994e+01 5.252428833333333813e+01 2.082150000000000000e+07 1.000000000000000000e+00
5.594069700000000012e+01 5.593454549999999870e+01 5.469622433333333333e+01 2.894080000000000000e+07 1.000000000000000000e+00
5.854379699999999787e+01 5.724224699999999899e+01 5.680429600000000079e+01 2.127850000000000000e+07 1.000000000000000000e+00
6.048302499999999782e+01 5.951341099999999784e+01 5.832250633333332956e+01 2.097840000000000000e+07 0.000000000000000000e+00
5.405425999999999931e+01 5.726864249999999856e+01 5.769369399999999359e+01 2.756100000000000000e+07 1.000000000000000000e+00
5.788336600000000232e+01 5.596881299999999726e+01 5.747355033333332841e+01 2.732840000000000000e+07 1.000000000000000000e+00
5.861420100000000133e+01 5.824878350000000182e+01 5.685060899999999862e+01 2.331330000000000000e+07 1.000000000000000000e+00
6.506428499999999815e+01 6.183924299999999619e+01 6.052061733333332683e+01 3.501270000000000000e+07 0.000000000000000000e+00
6.268841199999999958e+01 6.387634849999999886e+01 6.212229933333333065e+01 2.412800000000000000e+07 0.000000000000000000e+00
6.170524199999999837e+01 6.219682699999999897e+01 6.315264633333333677e+01 3.070540000000000000e+07 0.000000000000000000e+00
5.461157200000000245e+01 5.815840699999999686e+01 5.966840866666666443e+01 4.937740000000000000e+07 1.000000000000000000e+00
5.614868500000000040e+01 5.538012849999999787e+01 5.748849966666666234e+01 2.462440000000000000e+07 0.000000000000000000e+00
5.141367699999999985e+01 5.378118100000000368e+01 5.405797799999999853e+01 3.634210000000000000e+07 1.000000000000000000e+00
5.828494299999999839e+01 5.484931000000000267e+01 5.528243499999999955e+01 5.574550000000000000e+07 1.000000000000000000e+00
6.181575000000000131e+01 6.005034650000000340e+01 5.717145666666667125e+01 2.451720000000000000e+07 0.000000000000000000e+00
5.847124500000000324e+01 6.014349750000000228e+01 5.952397933333333668e+01 3.128310000000000000e+07 0.000000000000000000e+00
5.496068199999999848e+01 5.671596350000000086e+01 5.841589233333333908e+01 4.067360000000000000e+07 1.000000000000000000e+00
5.662641899999999850e+01 5.579355049999999494e+01 5.668611533333333341e+01 2.874320000000000000e+07 0.000000000000000000e+00
5.437274200000000235e+01 5.549958050000000043e+01 5.531994766666665697e+01 4.909880000000000000e+07 0.000000000000000000e+00
5.031760799999999989e+01 5.234517499999999757e+01 5.377225633333333121e+01 6.618220000000000000e+07 0.000000000000000000e+00
4.788275099999999895e+01 4.910017949999999587e+01 5.085770033333333373e+01 4.836960000000000000e+07 1.000000000000000000e+00
5.071902500000000202e+01 4.930088800000000049e+01 4.963979466666665985e+01 5.104300000000000000e+07 1.000000000000000000e+00
5.247415500000000321e+01 5.159659000000000617e+01 5.035864366666666569e+01 5.305510000000000000e+07 0.000000000000000000e+00
5.044900100000000265e+01 5.146157800000000293e+01 5.121406033333334307e+01 4.710730000000000000e+07 0.000000000000000000e+00
4.941392100000000198e+01 4.993146099999999876e+01 5.077902566666667639e+01 5.153810000000000000e+07 0.000000000000000000e+00
4.476174499999999767e+01 4.708783300000000338e+01 4.820822233333333173e+01 1.179022000000000000e+08 0.000000000000000000e+00
4.428198600000000340e+01 4.452186550000000409e+01 4.615255066666666295e+01 5.051430000000000000e+07 0.000000000000000000e+00
4.108666600000000102e+01 4.268432599999999866e+01 4.337679900000000544e+01 4.855300000000000000e+07 0.000000000000000000e+00
3.644716300000000331e+01 3.876691449999999861e+01 4.060527166666666687e+01 8.668380000000000000e+07 1.000000000000000000e+00
3.933559400000000039e+01 3.789137850000000185e+01 3.895647433333333254e+01 5.402960000000000000e+07 1.000000000000000000e+00
4.720422700000000304e+01 4.326991050000000172e+01 4.099566133333333795e+01 5.492220000000000000e+07 0.000000000000000000e+00
4.398555400000000049e+01 4.559489050000000532e+01 4.350845833333332990e+01 8.129310000000000000e+07 0.000000000000000000e+00
4.266129300000000057e+01 4.332342350000000408e+01 4.461702466666667277e+01 5.095020000000000000e+07 0.000000000000000000e+00
4.199133299999999736e+01 4.232631299999999896e+01 4.287939333333333281e+01 4.906560000000000000e+07 1.000000000000000000e+00
4.905477900000000346e+01 4.552305599999999686e+01 4.456913499999999573e+01 9.404460000000000000e+07 0.000000000000000000e+00
4.885084499999999963e+01 4.895281200000000155e+01 4.663231899999999541e+01 4.512620000000000000e+07 0.000000000000000000e+00
4.874888200000000182e+01 4.879986350000000073e+01 4.888483533333333497e+01 4.486930000000000000e+07 1.000000000000000000e+00
5.321086900000000242e+01 5.097987550000000567e+01 5.027019866666666559e+01 5.772560000000000000e+07 1.000000000000000000e+00
5.682234199999999902e+01 5.501660549999999716e+01 5.292736433333333679e+01 4.390480000000000000e+07 0.000000000000000000e+00
5.444268399999999986e+01 5.563251300000000299e+01 5.482529833333332903e+01 4.081470000000000000e+07 0.000000000000000000e+00
5.353640699999999697e+01 5.398954549999999841e+01 5.493381099999999861e+01 4.055240000000000000e+07 0.000000000000000000e+00
5.291694600000000293e+01 5.322667649999999639e+01 5.363201233333333562e+01 3.796830000000000000e+07 1.000000000000000000e+00
5.714766300000000143e+01 5.503230450000000218e+01 5.453367199999999571e+01 3.915050000000000000e+07 0.000000000000000000e+00
5.366212500000000318e+01 5.540489399999999875e+01 5.457557800000000725e+01 5.791220000000000000e+07 0.000000000000000000e+00
5.007268499999999989e+01 5.186740500000000509e+01 5.362749099999999913e+01 4.273800000000000000e+07 1.000000000000000000e+00
5.138090900000000261e+01 5.072679700000000480e+01 5.170523966666667093e+01 4.563280000000000000e+07 0.000000000000000000e+00
4.629227099999999950e+01 4.883659000000000106e+01 4.924862166666667207e+01 8.029100000000000000e+07 0.000000000000000000e+00
4.471336699999999809e+01 4.550281900000000235e+01 4.746218233333333814e+01 4.056190000000000000e+07 1.000000000000000000e+00
4.585473999999999961e+01 4.528405349999999885e+01 4.562012599999999907e+01 3.148140000000000000e+07 0.000000000000000000e+00
4.537681599999999804e+01 4.561577799999999883e+01 4.531497433333333191e+01 5.927970000000000000e+07 1.000000000000000000e+00
4.811821400000000182e+01 4.674751499999999993e+01 4.644992333333333789e+01 4.630880000000000000e+07 1.000000000000000000e+00
4.877001599999999826e+01 4.844411499999999648e+01 4.742168199999999700e+01 3.756580000000000000e+07 0.000000000000000000e+00
4.678513699999999886e+01 4.777757649999999501e+01 4.789112233333332824e+01 7.132490000000000000e+07 0.000000000000000000e+00
4.381158800000000042e+01 4.529836249999999609e+01 4.645558033333333015e+01 6.144480000000000000e+07 0.000000000000000000e+00
4.171723599999999976e+01 4.276441200000000009e+01 4.410465366666667109e+01 4.761500000000000000e+07 0.000000000000000000e+00
4.001469000000000165e+01 4.086596300000000070e+01 4.184783800000000298e+01 5.524810000000000000e+07 0.000000000000000000e+00
3.996604899999999816e+01 3.999036949999999990e+01 4.056599166666666889e+01 3.893730000000000000e+07 1.000000000000000000e+00
4.129966699999999946e+01 4.063285799999999881e+01 4.042680200000000212e+01 5.313260000000000000e+07 1.000000000000000000e+00
4.209464599999999734e+01 4.169715649999999840e+01 4.112012066666666499e+01 4.753110000000000000e+07 0.000000000000000000e+00
4.182965500000000247e+01 4.196215049999999991e+01 4.174132266666666879e+01 4.077500000000000000e+07 1.000000000000000000e+00
