1989-11-01,1.101563,1.242188,1.097656,1.210938,0.740331,13219200
1989-12-01,1.207031,1.328125,1.175781,1.226563,0.749884,7881600
1990-01-01,1.218750,1.273438,1.171875,1.171875,0.716450,9968000
1990-02-01,1.179688,1.210938,1.093750,1.140625,0.697344,10764800
1990-03-01,1.140625,1.289063,1.140625,1.285156,0.785707,13052800
1990-04-01,1.285156,1.460938,1.242188,1.457031,0.890786,26905600
1990-05-01,1.457031,1.722656,1.437500,1.714844,1.048404,44259200
1990-06-01,1.710938,1.921875,1.601563,1.781250,1.089003,47044800
1990-07-01,1.796875,2.148438,1.796875,1.828125,1.117662,36142400
1990-08-01,1.796875,1.867188,1.281250,1.429688,0.874068,52617600
1990-09-01,1.429688,1.515625,1.039063,1.210938,0.740331,22764800
1990-10-01,1.226563,1.273438,0.937500,0.992188,0.606594,39145600
1990-11-01,1.000000,1.140625,0.835938,1.109375,0.678239,33656000
1990-12-01,1.125000,1.257813,1.085938,1.203125,0.735555,20987200
1991-01-01,1.210938,1.437500,1.109375,1.398438,0.854963,28272000
1991-02-01,1.406250,1.742188,1.343750,1.679688,1.026911,39720000
1991-03-01,1.679688,1.828125,1.625000,1.804688,1.103333,24203200
1991-04-01,1.789063,2.148438,1.750000,1.875000,1.146320,34206400
1991-05-01,1.867188,2.406250,1.851563,2.375000,1.452005,50835200
1991-06-01,2.359375,2.375000,2.171875,2.218750,1.356478,19091200
1991-07-01,2.226563,2.578125,2.031250,2.578125,1.576189,24731200
1991-08-01,2.562500,3.242188,2.468750,3.218750,1.967849,48480000
1991-09-01,3.218750,3.625000,3.031250,3.617188,2.211442,37152000
1991-10-01,3.585938,3.796875,2.406250,2.750000,1.681268,152276800
1991-11-01,2.750000,2.843750,2.195313,2.429688,1.485440,60900800
1991-12-01,2.429688,2.843750,2.187500,2.796875,1.709926,47537600
1992-01-01,2.781250,3.054688,2.718750,2.914063,1.781571,41729600
1992-02-01,2.914063,3.578125,2.898438,3.484375,2.130244,61916800
1992-03-01,3.468750,4.062500,3.351563,3.890625,2.378611,52382400
1992-04-01,3.867188,3.875000,3.343750,3.593750,2.197113,42179200
1992-05-01,3.617188,3.828125,3.453125,3.617188,2.211442,29091200
1992-06-01,3.609375,3.687500,2.859375,3.265625,1.996506,95003200
1992-07-01,3.250000,3.515625,3.015625,3.390625,2.072927,32880800
1992-08-01,3.406250,3.609375,3.281250,3.375000,2.063374,20900000
1992-09-01,3.390625,3.625000,3.328125,3.546875,2.168454,16488800
1992-10-01,3.531250,4.171875,3.312500,4.109375,2.512351,33689600
1992-11-01,4.140625,4.546875,4.078125,4.484375,2.741615,46170400
1992-12-01,4.468750,4.843750,4.312500,4.703125,2.875353,29948800
1993-01-01,4.625000,4.843750,4.546875,4.609375,2.818035,22700000
1993-02-01,4.625000,4.812500,3.937500,4.375000,2.674745,39261600
1993-03-01,4.343750,4.796875,4.140625,4.781250,2.923115,35166400
1993-04-01,4.781250,4.781250,4.156250,4.203125,2.569665,34464000
1993-05-01,4.140625,4.593750,4.093750,4.390625,2.684299,23705600
1993-06-01,4.375000,5.250000,4.312500,5.250000,3.209696,30660000
1993-07-01,5.218750,5.406250,4.937500,5.125000,3.133272,24578400
1993-08-01,5.187500,5.671875,5.187500,5.375000,3.326282,39596800
1993-09-01,5.375000,5.937500,5.296875,5.875000,3.635705,21554400
1993-10-01,5.875000,5.921875,5.078125,5.265625,3.258597,39236800
1993-11-01,5.250000,5.562500,4.968750,5.515625,3.453371,20753600
1993-12-01,5.484375,5.703125,5.125000,5.515625,3.453371,18061600
1994-01-01,5.531250,5.812500,5.406250,5.750000,3.600115,16953600
1994-02-01,5.734375,6.203125,5.671875,6.156250,3.854471,21541600
1994-03-01,6.125000,6.265625,5.593750,5.703125,3.606930,29700000
1994-04-01,5.734375,6.125000,5.468750,6.078125,3.844098,20104800
1994-05-01,6.109375,6.375000,5.796875,6.000000,3.794686,12799200
1994-06-01,6.000000,6.234375,5.640625,5.718750,3.653056,15190400
1994-07-01,5.750000,6.250000,5.750000,6.140625,3.922545,16449600
1994-08-01,6.171875,7.171875,6.156250,7.062500,4.511426,26387200
1994-09-01,7.078125,7.468750,6.750000,6.906250,4.463439,26779600
1994-10-01,6.968750,7.062500,6.343750,7.000000,4.524028,22270800
1994-11-01,7.062500,7.093750,6.250000,6.812500,4.402848,15596400
1994-12-01,6.812500,7.062500,6.125000,7.000000,4.551771,19492000
1995-01-01,6.875000,6.968750,6.406250,6.812500,4.429847,17983200
1995-02-01,6.843750,7.000000,6.375000,6.750000,4.389205,21869200
1995-03-01,6.750000,6.843750,5.500000,6.000000,3.972712,73568800
1995-04-01,5.968750,6.187500,5.687500,5.968750,3.952020,27284000
1995-05-01,6.000000,6.687500,5.843750,6.093750,4.034784,28873600
1995-06-01,6.093750,6.218750,5.750000,6.062500,4.064324,41086000
1995-07-01,6.125000,7.062500,6.062500,6.968750,4.671879,32007600
1995-08-01,6.968750,7.125000,6.718750,6.937500,4.650928,16110800
1995-09-01,6.937500,7.531250,6.000000,6.093750,4.115068,51704400
1995-10-01,6.218750,7.031250,6.187500,6.687500,4.516023,34736400
1995-11-01,6.687500,7.062500,6.531250,6.937500,4.684848,17984400
1995-12-01,6.937500,7.218750,6.187500,7.187500,4.889229,22620800
1996-01-01,7.218750,8.812500,6.593750,8.625000,5.911903,52472000
1996-02-01,8.625000,9.062500,8.312500,8.968750,6.147524,30298400
1996-03-01,8.937500,9.781250,8.812500,9.718750,6.661601,22892000
1996-04-01,9.750000,11.562500,9.437500,11.031250,7.603481,43908800
1996-05-01,11.000000,12.156250,10.656250,12.000000,8.271207,23435600
1996-06-01,11.937500,12.375000,10.281250,10.281250,7.086528,18922400
1996-07-01,10.312500,11.281250,9.281250,10.250000,7.094548,25220400
1996-08-01,10.250000,10.937500,10.000000,10.250000,7.094548,16968400
1996-09-01,10.187500,10.875000,10.093750,10.750000,7.440625,18812000
1996-10-01,10.750000,11.687500,10.562500,11.281250,7.854306,21526000
1996-11-01,11.406250,11.562500,10.812500,11.093750,7.723764,13923200
1996-12-01,11.093750,11.750000,10.312500,11.750000,8.180661,16920400
1997-01-01,11.593750,11.593750,10.437500,11.062500,7.746140,26096800
1997-02-01,11.062500,11.093750,9.281250,9.343750,6.542643,42674000
1997-03-01,9.187500,9.687500,8.437500,8.500000,5.951838,42716800
1997-04-01,8.593750,10.281250,8.343750,9.875000,6.959624,37406800
1997-05-01,9.875000,11.625000,9.843750,11.218750,7.906663,21454800
1997-06-01,11.218750,12.359375,11.125000,11.984375,8.446255,20063200
1997-07-01,11.984375,13.546875,11.750000,13.312500,9.438809,22203600
1997-08-01,13.328125,14.375000,13.109375,13.531250,9.593912,22239200
1997-09-01,13.593750,14.937500,13.046875,14.625000,10.369397,29835600
1997-10-01,14.875000,15.625000,11.906250,13.875000,9.888496,24778600
1997-11-01,13.968750,14.750000,13.062500,13.218750,9.420799,12042800
1997-12-01,13.312500,14.812500,12.531250,13.625000,9.710321,23095600
1998-01-01,13.500000,13.781250,12.468750,12.562500,8.976869,26790800
1998-02-01,12.593750,14.906250,12.593750,14.500000,10.361356,27457200
1998-03-01,14.812500,16.875000,14.343750,16.500000,11.790510,24265200
1998-04-01,16.531250,18.750000,15.312500,18.000000,12.892088,18949000
1998-05-01,18.125000,18.375000,16.750000,17.906250,12.824936,10025400
1998-06-01,17.875000,19.781250,16.781250,19.375000,13.876899,15300400
1998-07-01,19.562500,21.000000,18.656250,19.812500,14.221582,20167200
1998-08-01,19.687500,20.000000,15.218750,15.375000,11.036307,17813400
1998-09-01,15.375000,17.000000,14.687500,14.812500,10.632536,21301400
1998-10-01,14.718750,19.437500,13.062500,19.375000,13.944808,30519200
1998-11-01,19.375000,20.968750,18.250000,20.968750,15.091866,17227000
1998-12-01,20.750000,23.750000,19.781250,23.687500,17.048645,16518600
1999-01-01,23.687500,26.312500,21.250000,26.000000,18.749331,19506600
1999-02-01,26.031250,29.656250,24.687500,28.937500,20.867649,20113600
1999-03-01,29.000000,31.125000,27.906250,28.687500,20.687370,24180800
1999-04-01,28.750000,32.031250,28.312500,29.937500,21.618053,21070000
1999-05-01,29.812500,30.406250,25.250000,25.531250,18.436274,19945800
1999-06-01,26.000000,28.906250,26.000000,27.187500,19.632269,22099400
1999-07-01,27.062500,31.218750,27.031250,27.687500,20.025642,20951800
1999-08-01,27.562500,29.500000,26.437500,27.250000,19.709209,13806800
1999-09-01,27.375000,28.187500,22.531250,25.031250,18.104450,27960600
1999-10-01,25.062500,29.937500,24.375000,29.656250,21.485147,21651000
1999-11-01,29.531250,31.468750,28.750000,30.500000,22.096424,15591600
1999-12-01,30.500000,32.031250,27.875000,32.031250,23.205778,19976000
2000-01-01,31.750000,38.750000,29.531250,35.093750,25.465078,56858000
2000-02-01,35.093750,36.000000,32.125000,34.062500,24.716768,24125200
2000-03-01,34.187500,42.656250,33.750000,39.687500,28.798431,27046800
2000-04-01,39.750000,46.625000,38.000000,39.812500,28.926546,30758600
2000-05-01,39.937500,42.875000,37.125000,37.250000,27.064705,19785600
2000-06-01,37.250000,39.187500,33.187500,38.500000,27.972912,30049800
2000-07-01,38.250000,45.875000,38.000000,44.875000,32.626629,19137600
2000-08-01,44.875000,50.500000,42.687500,49.875000,36.261898,16705000
2000-09-01,49.187500,50.625000,46.250000,47.875000,34.807804,13774800
2000-10-01,48.000000,49.750000,42.625000,48.187500,35.052738,22135100
2000-11-01,48.250000,49.875000,43.000000,45.437500,33.052322,16706400
2000-12-01,45.500000,49.562500,34.562500,39.750000,28.915113,46178900
2001-01-01,39.875000,47.500000,34.250000,45.389999,33.039288,38656000
2001-02-01,45.000000,47.599998,40.599998,43.349998,31.554382,31888500
2001-03-01,42.900002,46.200001,35.049999,37.950001,27.623737,43827200
2001-04-01,37.709999,47.490002,34.910000,46.090000,33.567680,35597500
2001-05-01,46.099998,50.000000,45.259998,46.970001,34.208588,26590900
2001-06-01,46.720001,49.950001,45.000000,47.080002,34.288700,23896100
2001-07-01,46.980000,54.020000,45.000000,51.610001,37.612259,42520900
2001-08-01,51.610001,54.349998,46.330002,48.590000,35.411350,30454400
2001-09-01,48.490002,49.750000,32.000000,40.500000,29.515528,39253000
2001-10-01,40.500000,50.330002,39.560001,45.259998,33.029354,50308600
2001-11-01,45.270000,52.970001,45.000000,52.580002,38.371269,33558900
2001-12-01,51.750000,55.990002,50.189999,54.310001,39.633766,27994100
2002-01-01,54.400002,57.250000,52.500000,57.000000,41.620632,29883700
2002-02-01,57.000000,57.000000,49.250000,51.259998,37.429367,40346000
2002-03-01,51.889999,56.200001,51.700001,55.130001,40.255177,25219200
2002-04-01,54.799999,56.500000,52.740002,52.990002,38.713985,28907700
2002-05-01,52.810001,55.500000,51.259998,52.580002,38.414455,27018200
2002-06-01,52.770000,54.500000,47.950001,51.270000,37.457367,36612600
2002-07-01,51.099998,53.099998,42.599998,47.360001,34.624069,50320900
2002-08-01,47.360001,49.970001,42.689999,49.230000,35.991180,29093800
2002-09-01,48.750000,49.700001,43.779999,46.450001,33.958767,33250500
2002-10-01,47.189999,54.990002,45.060001,52.299999,38.263332,59444300
2002-11-01,52.299999,54.360001,47.000000,48.540001,35.512459,42150500
2002-12-01,49.599998,49.599998,45.240002,46.200001,33.800488,38195100
2003-01-01,46.700001,49.650002,39.900002,41.779999,30.589472,64310600
2003-02-01,41.779999,42.349998,38.619999,39.590000,28.986044,36443800
2003-03-01,39.950001,41.130001,35.009998,39.709999,29.073906,50964600
2003-04-01,39.560001,45.000000,37.250000,44.439999,32.567577,69199400
2003-05-01,44.340000,44.959999,40.240002,42.160000,30.896683,55414900
2003-06-01,42.500000,46.810001,39.299999,39.860001,29.211140,63821000
2003-07-01,39.900002,47.730000,38.060001,46.880001,34.386475,79551600
2003-08-01,46.880001,50.250000,45.590000,49.820000,36.542953,34489400
2003-09-01,49.520000,49.869999,46.250000,48.200001,35.354698,35394100
2003-10-01,48.200001,52.509998,46.570000,47.410000,34.804638,50369300
2003-11-01,47.740002,48.700001,44.570000,47.169998,34.628441,32381200
2003-12-01,47.500000,48.369999,45.070000,47.529999,34.892731,39094100
2004-01-01,47.529999,51.049999,45.200001,51.040001,37.534306,61580400
2004-02-01,50.950001,54.419998,50.009998,53.119999,39.063915,41537200
2004-03-01,53.509998,54.020000,49.680000,53.340000,39.225708,36978100
2004-04-01,53.259998,59.860001,52.430000,56.320000,41.479382,41808600
2004-05-01,56.330002,57.700001,52.299999,57.490002,42.341103,31444700
2004-06-01,57.349998,62.310001,56.650002,61.939999,45.618500,29987800
2004-07-01,62.349998,63.750000,59.290001,59.869999,44.170788,36617000
2004-08-01,59.700001,61.790001,56.419998,61.020000,45.019238,26562200
2004-09-01,61.000000,63.230000,58.340000,59.439999,43.853550,25384800
2004-10-01,60.099998,61.189999,55.009998,57.570000,42.542164,35311600
2004-11-01,57.900002,59.750000,55.360001,57.820000,42.726883,31334600
2004-12-01,57.830002,61.240002,57.180000,60.750000,44.892063,27091900
2005-01-01,61.150002,61.150002,57.840000,60.110001,44.511036,32669600
2005-02-01,60.110001,62.490002,60.000000,61.880001,45.821724,25487500
2005-03-01,61.889999,62.470001,57.200001,57.759998,42.770893,30763200
2005-04-01,57.849998,59.139999,45.139999,47.020000,34.888130,115934800
2005-05-01,47.250000,50.299999,46.410000,49.029999,36.379513,56444200
2005-06-01,49.000000,52.200001,47.720001,49.599998,36.802452,43634000
2005-07-01,50.000000,54.250000,49.020000,53.189999,39.594715,48766700
2005-08-01,52.240002,53.509998,47.500000,49.259998,36.669224,31333100
2005-09-01,49.160000,52.049999,46.470001,48.439999,36.058804,45507100
2005-10-01,48.700001,50.490002,44.400002,49.529999,36.994652,68206600
2005-11-01,49.650002,55.930000,48.709999,53.860001,40.228786,40464100
2005-12-01,54.000000,54.290001,49.799999,51.490002,38.458595,36031900
2006-01-01,52.380001,54.919998,50.290001,53.529999,40.120052,51711600
2006-02-01,53.020000,53.410000,50.099998,52.509998,39.355560,33120800
2006-03-01,52.750000,53.250000,47.880001,51.880001,38.883381,51419400
2006-04-01,52.099998,53.400002,49.320000,50.840000,38.237762,43263300
2006-05-01,50.830002,51.470001,48.680000,49.849998,37.493176,37705700
2006-06-01,49.849998,55.430000,47.860001,54.889999,41.283859,50295700
2006-07-01,55.250000,57.189999,50.740002,57.000000,43.049465,44671700
2006-08-01,56.299999,59.529999,55.360001,58.509998,44.189896,37348500
2006-09-01,59.000000,65.760002,57.500000,62.750000,47.392181,38099200
2006-10-01,62.950001,70.139999,62.189999,68.629997,52.005054,54819900
2006-11-01,68.800003,75.870003,67.330002,73.769997,55.899921,53619200
2006-12-01,73.519997,74.739998,67.639999,70.470001,53.399323,44077100
2007-01-01,70.050003,74.029999,68.260002,68.269997,51.887623,51808200
2007-02-01,68.900002,70.320000,65.230003,65.860001,50.055954,43794500
2007-03-01,64.309998,65.529999,57.910000,58.750000,44.652088,67259000
2007-04-01,58.750000,66.000000,58.720001,63.320000,48.279400,47320300
2007-05-01,63.320000,65.019997,60.959999,61.090000,46.579090,39007400
2007-06-01,61.090000,63.990002,58.889999,59.610001,45.450653,39373500
2007-07-01,60.060001,63.380001,55.709999,57.320000,43.885223,52013900
2007-08-01,57.240002,59.970001,52.360001,53.790001,41.182602,56028400
2007-09-01,54.000000,55.410000,45.919998,46.209999,35.379200,59045100
2007-10-01,46.310001,51.750000,45.669998,51.500000,39.685749,52939000
2007-11-01,51.020000,51.400002,44.369999,48.020000,37.004078,43616200
2007-12-01,48.320000,50.040001,44.959999,46.709999,35.994602,38481000
2008-01-01,46.590000,46.610001,34.720001,40.639999,31.521976,79462400
2008-02-01,40.669998,41.049999,36.410000,37.160000,28.822750,48041500
2008-03-01,37.189999,41.410000,34.169998,37.500000,29.086464,49045200
2008-04-01,37.759998,40.130001,34.099998,38.250000,29.909666,56005800
2008-05-01,38.529999,41.750000,37.459999,41.570000,32.505741,37463300
2008-06-01,41.369999,41.570000,35.730000,36.259998,28.353579,48352300
2008-07-01,35.799999,39.549999,32.180000,37.840000,29.832083,74570000
2008-08-01,37.669998,43.860001,37.000000,39.779999,31.361528,57981100
2008-09-01,40.490002,48.049999,35.950001,37.299999,29.406351,77707500
2008-10-01,36.639999,36.919998,18.719999,24.480000,19.459782,136313200
2008-11-01,24.440001,24.580000,11.540000,17.010000,13.521688,104643600
2008-12-01,16.549999,17.980000,14.670000,16.969999,13.489889,79884400
2009-01-01,17.250000,20.010000,10.070000,12.180000,9.867530,150570800
2009-02-01,12.080000,14.740000,9.780000,10.100000,8.182435,152813400
2009-03-01,9.880000,15.500000,7.990000,13.390000,10.847801,141999100
2009-04-01,12.990000,22.740000,12.900000,22.160000,18.152443,138832800
2009-05-01,22.000000,22.469999,16.000000,16.969999,13.901036,97033500
2009-06-01,17.480000,19.129999,15.040000,16.209999,13.278479,108644500
2009-07-01,16.120001,22.850000,14.990000,22.600000,18.613758,130040600
2009-08-01,22.879999,24.010000,21.110001,23.980000,19.750355,72101300
2009-09-01,23.889999,25.559999,22.100000,23.000000,18.943205,77071200
2009-10-01,22.620001,29.080000,20.760000,24.920000,20.609428,126074100
2009-11-01,25.059999,29.490000,24.040001,29.139999,24.099474,58859600
2009-12-01,29.549999,30.000000,25.000000,25.200001,20.841003,66956000
2010-01-01,25.490000,26.180000,22.590000,22.740000,18.876463,83728800
2010-02-01,22.950001,24.850000,21.809999,24.610001,20.428747,56493700
2010-03-01,24.690001,28.980000,24.480000,28.070000,23.395725,82031100
2010-04-01,28.240000,36.130001,27.950001,33.830002,28.196568,104733900
2010-05-01,34.240002,35.070000,28.100000,30.209999,25.179367,95443400
2010-06-01,29.570000,30.490000,22.000000,22.230000,18.528215,106905700
2010-07-01,22.150000,29.170000,21.260000,27.230000,22.770977,97369500
2010-08-01,27.750000,28.709999,23.660000,24.330000,20.345865,53972200
2010-09-01,24.790001,29.240000,24.660000,28.440001,23.782839,46333100
2010-10-01,28.709999,32.669998,28.270000,30.660000,25.729166,62942000
2010-11-01,30.920000,33.740002,30.309999,31.280001,26.249458,40561400
2010-12-01,31.940001,35.590000,31.900000,34.669998,29.094275,31165900
2011-01-01,35.029999,40.590000,34.560001,39.650002,33.370861,50066400
2011-02-01,40.000000,43.139999,39.730000,40.820000,34.355572,39541800
2011-03-01,40.900002,42.509998,39.009998,42.490002,35.845215,46855600
2011-04-01,42.700001,43.150002,37.060001,37.259998,31.433086,58838000
2011-05-01,37.619999,38.750000,35.900002,37.160000,31.348749,46868700
2011-06-01,37.009998,41.139999,34.700001,40.970001,34.680534,55588300
2011-07-01,41.080002,46.880001,40.560001,43.389999,36.729027,62301000
2011-08-01,44.000000,44.080002,31.500000,38.660000,32.725143,88907100
2011-09-01,38.549999,38.889999,33.000000,34.330002,29.059864,42142800
2011-10-01,33.880001,40.919998,31.930000,38.900002,33.042450,69996000
2011-11-01,37.470001,40.290001,34.389999,36.770000,31.233192,39583000
2011-12-01,36.779999,39.349998,36.060001,38.869999,33.016975,35265900
2012-01-01,39.740002,45.630001,38.930000,44.189999,37.662277,43947500
2012-02-01,44.709999,47.860001,44.130001,46.580002,39.699226,33219400
2012-03-01,46.599998,50.959999,44.900002,49.080002,41.972538,36780000
2012-04-01,49.160000,53.980000,46.599998,52.330002,44.751892,49527000
2012-05-01,52.330002,54.320000,45.000000,48.180000,41.202869,53897300
2012-06-01,47.009998,50.889999,43.790001,45.730000,39.235641,46696600
2012-07-01,46.119999,47.619999,41.830002,43.230000,37.090675,42334800
2012-08-01,43.340000,43.549999,37.840000,41.959999,36.001049,63546800
2012-09-01,41.849998,46.549999,41.169998,42.369999,36.352814,39025400
2012-10-01,42.529999,47.360001,40.590000,46.759998,40.266567,49638900
2012-11-01,46.740002,48.490002,44.480000,46.959999,40.438789,40420200
2012-12-01,47.310001,49.759998,45.689999,48.830002,42.049107,30432200
2013-01-01,49.939999,54.619999,48.400002,52.419998,45.286816,37042300
2013-02-01,52.970001,54.110001,50.049999,52.630001,45.468243,32287200
2013-03-01,52.299999,55.509998,51.680000,53.299999,46.228085,25877000
2013-04-01,53.369999,55.680000,49.750000,54.650002,47.398968,38109300
2013-05-01,54.599998,59.840000,53.790001,54.540001,47.303566,29103100
2013-06-01,54.709999,55.500000,49.150002,54.820000,47.727192,31584600
2013-07-01,55.080002,59.520000,53.349998,56.770000,49.424889,29401900
2013-08-01,57.330002,60.320000,57.299999,59.980000,52.219582,26784600
2013-09-01,60.660000,65.150002,60.520000,64.239998,55.928394,20821500
2013-10-01,64.510002,66.589996,62.759998,64.040001,55.940697,28940800
2013-11-01,64.309998,67.750000,63.119999,67.019997,58.543797,21278500
2013-12-01,66.930000,69.750000,65.599998,69.239998,60.483025,20978400
2014-01-01,69.190002,70.040001,61.570000,61.689999,54.054260,27561000
2014-02-01,61.810001,66.720001,60.549999,66.059998,57.883366,27328400
2014-03-01,65.379997,68.959999,64.290001,66.610001,58.614201,23313300
2014-04-01,67.339996,73.949997,63.740002,73.940002,65.064285,35012700
2014-05-01,74.000000,74.129997,69.989998,71.239998,62.688412,24128000
2014-06-01,71.150002,72.779999,68.550003,69.849998,61.705242,30705400
2014-07-01,70.150002,70.650002,61.759998,61.820000,54.611572,49377400
2014-08-01,61.799999,64.660004,60.509998,63.560001,56.148685,24624400
2014-09-01,63.970001,65.879997,58.080002,58.200001,51.413677,36342100
2014-10-01,58.270000,65.879997,54.220001,65.699997,58.284943,55745500
2014-11-01,65.860001,70.139999,64.029999,69.680000,61.815750,24517200
2014-12-01,69.690002,70.410004,61.590000,65.910004,58.471245,31283100
2015-01-01,65.910004,66.580002,61.209999,61.700001,54.960682,40673600
2015-02-01,61.630001,64.620003,60.779999,63.570000,56.626419,28743200
2015-03-01,63.560001,65.199997,58.240002,60.740002,54.372742,49098800
2015-04-01,60.700001,62.959999,55.509998,56.209999,50.317608,66182200
2015-05-01,56.689999,57.889999,53.040001,53.490002,47.882751,48369600
2015-06-01,53.680000,59.610001,53.099998,56.349998,50.719025,51043000
2015-07-01,56.910000,59.330002,54.270000,58.299999,52.474155,53055100
2015-08-01,58.500000,60.669998,50.639999,56.049999,50.449001,47107300
2015-09-01,54.790001,56.680000,52.230000,54.900002,49.413921,51538100
2015-10-01,54.849998,57.099998,46.470001,49.450001,44.761745,117902200
2015-11-01,49.450001,50.619999,47.110001,48.919998,44.281986,50514300
2015-12-01,49.000000,49.529999,45.000000,45.389999,41.086666,48553000
2016-01-01,44.689999,46.380001,36.360001,40.000000,36.447163,86683800
2016-02-01,39.860001,43.910000,36.970001,43.169998,39.335594,54029600
2016-03-01,43.759998,51.540001,43.299999,51.330002,47.204227,54922200
2016-04-01,51.139999,52.000000,44.369999,47.830002,43.985554,81293100
2016-05-01,48.020000,48.349998,43.270000,46.389999,42.661293,50950200
2016-06-01,46.250000,47.250000,41.630001,45.299999,41.991333,49065600
2016-07-01,45.410000,57.330002,45.340000,52.919998,49.054779,94044600
2016-08-01,52.799999,55.310001,50.099998,52.700001,48.850845,45126200
2016-09-01,52.880001,54.119999,49.110001,52.590000,48.748882,44869300
2016-10-01,52.430000,58.349998,48.549999,57.020000,53.210869,57725600
2016-11-01,57.349998,61.349998,55.480000,60.889999,56.822342,43904800
2016-12-01,61.150002,62.349998,56.810001,58.340000,54.442684,40814700
2017-01-01,58.700001,60.910000,54.750000,57.040001,53.536407,40552400
2017-02-01,57.099998,57.970001,55.529999,56.380001,52.916946,37968300
2017-03-01,57.540001,63.400002,56.950001,60.500000,57.147663,39150500
2017-04-01,61.070000,62.950001,55.680000,56.810001,53.662125,57912200
2017-05-01,57.389999,57.639999,51.630001,53.009998,50.072685,42738000
2017-06-01,53.380001,56.950001,51.610001,54.020000,51.380909,45632800
2017-07-01,54.090000,55.790001,46.000000,48.669998,46.292271,80291000
2017-08-01,48.759998,49.040001,46.209999,47.009998,44.713367,40561900
2017-09-01,47.250000,50.279999,45.529999,48.209999,45.854740,31481400
2017-10-01,48.200001,49.709999,45.250000,47.340000,45.376816,59279700
2017-11-01,47.509998,50.689999,44.520000,50.200001,48.118214,46308800
2017-12-01,50.180000,52.299999,48.869999,50.880001,48.770016,37565800
2018-01-01,51.180000,56.500000,47.970001,48.459999,46.785137,71324900
2018-02-01,47.770000,49.049999,45.080002,45.380001,43.811588,61444800
2018-03-01,45.669998,45.830002,41.330002,42.880001,41.717236,47615000
2018-04-01,42.820000,43.259998,40.529999,41.130001,40.014690,55248100
2018-05-01,41.070000,43.000000,39.340000,41.080002,39.966049,38937300
2018-06-01,41.230000,46.790001,40.029999,42.080002,41.299667,53132600
2018-07-01,41.950001,45.869999,41.049999,42.889999,42.094646,47531100
2018-08-01,43.009998,44.139999,40.779999,42.619999,41.829655,40775000
2018-09-01,42.529999,45.880001,42.060001,45.299999,44.459953,34219600
