1989-11-01,5.093750,5.093750,4.437500,4.531250,1.645690,7592400
1989-12-01,4.531250,5.000000,4.500000,4.937500,1.846964,7070800
1990-01-01,4.937500,5.906250,4.812500,4.937500,1.846964,8480000
1990-02-01,4.968750,5.093750,4.750000,4.875000,1.823585,4147600
1990-03-01,4.875000,5.062500,4.718750,4.937500,1.898240,5912000
1990-04-01,4.906250,5.375000,4.593750,4.593750,1.766085,5544800
1990-05-01,4.593750,5.156250,4.562500,5.125000,1.970327,6099200
1990-06-01,5.093750,5.562500,5.062500,5.531250,2.183277,5391200
1990-07-01,5.500000,6.093750,5.500000,5.781250,2.281955,17074400
1990-08-01,5.781250,5.843750,4.781250,4.875000,1.924243,8804400
1990-09-01,4.906250,4.968750,4.250000,4.375000,1.773888,4532400
1990-10-01,4.468750,4.718750,4.093750,4.281250,1.735876,4264800
1990-11-01,4.250000,4.718750,4.218750,4.593750,1.862582,3112800
1990-12-01,4.656250,4.656250,4.125000,4.218750,1.762918,5807200
1991-01-01,4.281250,4.312500,3.750000,4.187500,1.749860,9542000
1991-02-01,4.156250,5.312500,4.156250,4.875000,2.037149,15896000
1991-03-01,4.812500,5.406250,4.812500,5.000000,2.148576,4260000
1991-04-01,4.968750,5.062500,4.625000,4.937500,2.121720,6019200
1991-05-01,4.937500,5.125000,4.812500,5.031250,2.162007,9439600
1991-06-01,5.031250,5.625000,5.031250,5.125000,2.263433,4374400
1991-07-01,5.125000,5.281250,4.375000,4.375000,1.932200,13233200
1991-08-01,4.375000,4.437500,3.875000,4.406250,1.946001,8176400
1991-09-01,4.343750,4.781250,4.093750,4.156250,1.893507,7120000
1991-10-01,4.156250,4.375000,3.968750,4.125000,1.879272,6475200
1991-11-01,4.125000,4.250000,3.750000,3.812500,1.736903,6804800
1991-12-01,3.875000,4.531250,3.781250,4.406250,2.073241,5228400
1992-01-01,4.468750,5.281250,4.375000,4.906250,2.308502,6945200
1992-02-01,4.875000,4.968750,4.687500,4.875000,2.293799,6883600
1992-03-01,4.875000,5.031250,4.625000,4.750000,2.295419,10279600
1992-04-01,4.687500,5.000000,4.062500,4.406250,2.129303,6884800
1992-05-01,4.406250,4.875000,4.218750,4.750000,2.295419,2641200
1992-06-01,4.875000,4.875000,4.343750,4.437500,2.208657,4475200
1992-07-01,4.406250,4.437500,4.093750,4.312500,2.146441,3898000
1992-08-01,4.218750,4.343750,3.968750,4.000000,1.990901,2569200
1992-09-01,4.000000,4.250000,3.937500,4.000000,2.056717,3737600
1992-10-01,3.937500,4.000000,3.687500,3.750000,1.928173,5231600
1992-11-01,3.781250,4.218750,3.718750,4.156250,2.137057,3537200
1992-12-01,4.156250,4.625000,4.125000,4.531250,2.411431,5668000
1993-01-01,4.593750,5.562500,4.531250,5.281250,2.810565,14663600
1993-02-01,5.250000,5.687500,5.187500,5.562500,2.960239,6289600
1993-03-01,5.562500,6.375000,4.812500,6.312500,3.441175,14582400
1993-04-01,6.312500,6.593750,6.093750,6.156250,3.355997,9418000
1993-05-01,6.156250,6.531250,5.656250,6.406250,3.492280,3079200
1993-06-01,6.375000,6.656250,6.250000,6.375000,3.552623,5113200
1993-07-01,6.250000,7.156250,6.250000,7.156250,3.987993,11208000
1993-08-01,7.093750,7.468750,6.906250,7.000000,3.900919,9561600
1993-09-01,7.000000,7.187500,6.187500,6.968750,3.953189,5029200
1993-10-01,6.875000,7.750000,6.812500,7.625000,4.325462,6301600
1993-11-01,7.593750,7.718750,6.562500,7.437500,4.219098,5198800
1993-12-01,7.437500,7.656250,6.781250,7.656250,4.426129,6906800
1994-01-01,7.593750,8.187500,7.562500,8.031250,4.642919,8735600
1994-02-01,7.937500,8.750000,7.625000,8.375000,4.841643,7525200
1994-03-01,8.437500,8.687500,6.812500,6.875000,4.037627,10618000
1994-04-01,6.843750,6.875000,5.937500,6.250000,3.670570,10553200
1994-05-01,6.250000,6.718750,5.937500,6.125000,3.597162,11316400
1994-06-01,6.125000,6.750000,6.000000,6.531250,3.917644,9150000
1994-07-01,6.625000,7.343750,6.562500,7.250000,4.348772,5220400
1994-08-01,7.250000,7.312500,5.906250,6.250000,3.748941,6250800
1994-09-01,6.062500,6.250000,5.875000,6.203125,3.799659,8680800
1994-10-01,6.187500,6.687500,5.843750,6.625000,4.058076,7797200
1994-11-01,6.687500,6.687500,6.062500,6.281250,3.847512,2200000
1994-12-01,6.281250,6.625000,6.000000,6.562500,4.107877,4532400
1995-01-01,6.562500,6.562500,6.000000,6.000000,3.755772,5549600
1995-02-01,6.000000,6.000000,4.937500,5.468750,3.423230,10071600
1995-03-01,5.468750,6.250000,5.218750,5.468750,3.505623,13623600
1995-04-01,5.562500,5.562500,4.812500,4.984375,3.195126,6817600
1995-05-01,4.875000,5.562500,4.875000,5.406250,3.465560,12468800
1995-06-01,5.343750,6.187500,5.343750,6.187500,4.160727,10707600
1995-07-01,6.093750,6.312500,5.875000,6.000000,4.034643,6512800
1995-08-01,5.875000,6.687500,5.875000,6.562500,4.412891,7385200
1995-09-01,6.687500,6.875000,6.375000,6.812500,4.767581,5008400
1995-10-01,6.750000,8.093750,6.625000,7.406250,5.183102,13382400
1995-11-01,7.343750,8.062500,7.281250,7.937500,5.554886,6524400
1995-12-01,7.875000,7.937500,6.812500,7.500000,5.248711,6826000
1996-01-01,7.500000,8.125000,7.437500,8.000000,5.697800,6994000
1996-02-01,8.000000,8.593750,7.906250,8.031250,5.720057,18278400
1996-03-01,8.031250,8.187500,6.750000,7.750000,5.609846,17319200
1996-04-01,7.718750,7.781250,7.187500,7.656250,5.541988,10806400
1996-05-01,7.718750,8.062500,7.625000,7.718750,5.587227,4867600
1996-06-01,7.687500,8.281250,7.312500,7.656250,5.633897,11392000
1996-07-01,7.687500,8.812500,7.468750,8.015625,5.898346,17084000
1996-08-01,8.062500,9.562500,8.000000,9.378900,6.901521,20912800
1996-09-01,9.343750,10.281250,9.250000,10.125000,7.558220,17359200
1996-10-01,10.250000,11.375000,10.250000,10.781250,8.048104,10739200
1996-11-01,10.843750,11.906250,10.375000,11.750000,8.771264,8514800
1996-12-01,11.750000,14.156250,11.250000,14.156250,10.804969,14245200
1997-01-01,14.062500,15.218750,13.687500,14.562500,11.115044,19295600
1997-02-01,14.468750,17.468750,14.375000,16.437500,12.546164,24916800
1997-03-01,16.562500,17.812500,16.125000,17.062500,13.126630,12644000
1997-04-01,17.062500,18.812500,14.000000,16.187500,12.453465,23272200
1997-05-01,16.187500,18.625000,15.625000,17.875000,13.751703,9070800
1997-06-01,18.125000,21.250000,17.062500,18.000000,13.905142,11207600
1997-07-01,18.250000,25.000000,18.062500,24.812500,19.167864,15755800
1997-08-01,25.000000,26.062500,24.250000,25.875000,19.988647,9187200
1997-09-01,25.812500,28.187500,25.625000,26.750000,20.723522,9610400
1997-10-01,27.312500,29.125000,21.750000,24.437500,18.931997,26745200
1997-11-01,24.937500,25.562500,21.625000,25.375000,19.658293,10276600
1997-12-01,25.375000,27.375000,21.750000,27.281250,21.200321,10881200
1998-01-01,27.375000,29.218750,24.312500,28.937500,22.487392,8321400
1998-02-01,29.312500,31.781250,28.437500,30.625000,23.798754,9428200
1998-03-01,30.500000,36.250000,27.625000,33.531200,26.120510,11578500
1998-04-01,33.312500,34.187500,28.875000,30.187500,23.515812,11860200
1998-05-01,30.187500,30.625000,25.562500,27.687500,21.568323,12620500
1998-06-01,27.750000,29.125000,21.500000,24.312500,18.991169,16010200
1998-07-01,26.500000,30.750000,25.500000,27.750000,21.676308,16372700
1998-08-01,27.500000,29.500000,20.500000,20.500000,16.013128,10985700
1998-09-01,21.500000,24.000000,19.750000,19.750000,15.448345,9144700
1998-10-01,19.500000,22.750000,18.187500,22.062500,17.257166,15999700
1998-11-01,22.500000,25.875000,21.250000,21.250000,16.621634,9243200
1998-12-01,21.062500,26.875000,19.500000,26.875000,21.055256,15412300
1999-01-01,26.750000,27.125000,16.000000,18.937500,14.836612,24457700
1999-02-01,19.125000,19.312500,15.812500,17.000000,13.318675,29879500
1999-03-01,17.062500,18.875000,15.625000,18.250000,14.327294,18857900
1999-04-01,18.437500,21.875000,17.250000,19.937500,15.652085,9855100
1999-05-01,20.000000,23.375000,19.875000,20.187500,15.848336,6417000
1999-06-01,20.187500,22.125000,20.000000,21.000000,16.515995,8689400
1999-07-01,21.937500,26.500000,21.750000,26.250000,20.644985,12956100
1999-08-01,26.250000,26.500000,23.500000,23.562500,18.531332,8529200
1999-09-01,23.718700,25.625000,22.437500,23.906200,18.801643,8399200
1999-10-01,23.562500,24.125000,20.875000,21.687500,17.083008,7311100
1999-11-01,21.750000,24.812500,20.625000,22.875000,18.018391,5697000
1999-12-01,22.875000,24.500000,20.625000,23.000000,18.116859,9895700
2000-01-01,23.000000,23.437500,20.437500,21.812500,17.208782,8268700
2000-02-01,21.937500,23.062500,19.125000,20.500000,16.173290,8424900
2000-03-01,20.781200,28.125000,19.500000,28.000000,22.090357,11030700
2000-04-01,27.375000,29.500000,23.500000,27.375000,21.635571,7305000
2000-05-01,27.750000,30.000000,26.500000,27.000000,21.339199,8991200
2000-06-01,27.375000,30.750000,25.375000,25.875000,20.475752,6900000
2000-07-01,26.062500,31.750000,25.875000,31.375000,24.828089,7220200
2000-08-01,31.281200,33.937500,29.750000,31.937500,25.273214,6909800
2000-09-01,31.937500,32.625000,27.187500,32.062500,25.401680,7290600
2000-10-01,32.250000,32.375000,24.250000,26.125000,20.697678,8127100
2000-11-01,26.375000,27.500000,23.250000,23.625000,18.717026,6031800
2000-12-01,24.000000,29.500000,18.375000,28.750000,22.811800,14916600
2001-01-01,28.687500,28.937500,26.125000,28.625000,22.712620,7703900
2001-02-01,28.250000,28.812500,24.250000,25.625000,20.332256,6858000
2001-03-01,25.625000,27.687500,22.937500,23.125000,18.375307,9486000
2001-04-01,23.125000,26.700001,22.875000,26.549999,21.096846,4542300
2001-05-01,26.559999,28.610001,25.930000,26.959999,21.422623,6159800
2001-06-01,26.959999,27.180000,23.450001,24.200001,19.254557,6920900
2001-07-01,25.459999,25.969999,24.350000,25.240000,20.082029,5739200
2001-08-01,25.219999,25.840000,20.600000,22.820000,18.156572,8076000
2001-09-01,22.639999,23.650000,18.770000,19.469999,15.515411,7900900
2001-10-01,19.480000,22.209999,18.000000,21.150000,16.854176,7485300
2001-11-01,21.150000,22.790001,20.799999,21.860001,17.419979,5181500
2001-12-01,21.860001,24.490000,20.400000,23.660000,18.885473,7067000
2002-01-01,23.799999,25.750000,22.889999,24.840000,19.827364,7380400
2002-02-01,24.760000,24.959999,21.190001,23.260000,18.566198,8020800
2002-03-01,23.250000,25.080000,22.549999,23.780001,19.012682,12248800
2002-04-01,23.400000,25.150000,23.010000,24.430000,19.532387,6902000
2002-05-01,24.400000,25.420000,23.400000,23.459999,18.756849,6484200
2002-06-01,23.459999,23.980000,19.469999,20.299999,16.254936,8676900
2002-07-01,20.290001,20.809999,15.660000,16.950001,13.572476,10353500
2002-08-01,16.950001,17.020000,15.090000,15.490000,12.403398,8763400
2002-09-01,15.600000,18.240000,14.430000,17.760000,14.253536,13485700
2002-10-01,17.809999,18.650000,15.510000,18.049999,14.486277,14195200
2002-11-01,18.040001,20.000000,17.690001,19.940001,16.003115,7206800
2002-12-01,19.799999,20.290001,17.799999,18.400000,14.794563,7224000
2003-01-01,18.430000,19.290001,16.850000,17.889999,14.384489,5684400
2003-02-01,18.010000,18.020000,15.300000,15.630000,12.567332,7397400
2003-03-01,15.500000,16.510000,15.170000,16.100000,12.975164,9148200
2003-04-01,16.010000,17.719999,15.800000,17.459999,14.071201,7045800
2003-05-01,17.469999,19.389999,17.059999,19.340000,15.586314,5932200
2003-06-01,19.400000,21.190001,19.170000,20.059999,16.199587,7465500
2003-07-01,20.209999,22.459999,19.870001,22.200001,17.927759,5825200
2003-08-01,22.200001,23.650000,21.100000,23.379999,18.880674,4672000
2003-09-01,23.350000,24.910000,22.500000,22.770000,18.416924,4342200
2003-10-01,22.790001,23.910000,22.500000,23.040001,18.635300,4328800
2003-11-01,22.980000,26.170000,22.799999,26.049999,21.069853,5277600
2003-12-01,25.920000,27.100000,23.930000,24.250000,19.641796,5723700
2004-01-01,23.629999,25.230000,23.240000,24.190001,19.593199,6202200
2004-02-01,24.270000,28.860001,23.750000,28.040001,22.711592,8650100
2004-03-01,28.180000,29.740000,24.750000,26.600000,21.573999,11778400
2004-04-01,26.830000,27.990000,26.010000,26.190001,21.241463,5932800
2004-05-01,26.309999,26.350000,23.110001,24.080000,19.530142,6681600
2004-06-01,23.910000,29.000000,23.910000,28.940001,23.544565,8631100
2004-07-01,29.000000,29.000000,25.290001,26.799999,21.803534,8107800
2004-08-01,26.860001,27.510000,24.500000,25.190001,20.493696,5238100
2004-09-01,25.389999,25.990000,23.260000,24.650000,20.111776,8620300
2004-10-01,24.750000,25.040001,21.950001,23.100000,18.847145,6334700
2004-11-01,23.010000,25.809999,22.790001,24.559999,20.038353,5147500
2004-12-01,24.559999,28.000000,23.480000,27.629999,22.607643,9004500
2005-01-01,27.280001,27.750000,25.760000,26.719999,21.863052,4722800
2005-02-01,26.480000,29.049999,26.320000,28.980000,23.712250,5651300
2005-03-01,29.000000,31.350000,28.450001,30.120001,24.710386,8691600
2005-04-01,30.370001,32.000000,28.090000,28.600000,23.463387,8890500
2005-05-01,28.570000,30.200001,27.360001,29.110001,23.881792,6224100
2005-06-01,29.360001,31.500000,28.400000,30.840000,25.362284,7816700
2005-07-01,30.900000,32.580002,30.070000,31.930000,26.258688,6399200
2005-08-01,31.940001,32.970001,29.430000,29.900000,24.589247,7331400
2005-09-01,29.770000,30.660000,25.930000,30.299999,24.979137,9394200
2005-10-01,30.430000,31.280001,26.260000,27.410000,22.596636,8479600
2005-11-01,27.330000,30.969999,27.150000,30.590000,25.218214,6828000
2005-12-01,30.590000,31.070000,27.049999,28.190001,23.295046,10675800
2006-01-01,28.559999,30.850000,28.549999,30.299999,25.038662,7705400
2006-02-01,30.299999,31.719999,29.510000,30.190001,24.947758,5978300
2006-03-01,30.309999,32.410000,29.879999,32.400002,26.774010,6162700
2006-04-01,32.349998,32.389999,30.299999,30.790001,25.511173,5096700
2006-05-01,30.889999,32.650002,28.860001,29.219999,24.210342,7718200
2006-06-01,29.330000,30.670000,25.770000,25.770000,21.410553,15487600
2006-07-01,26.260000,28.799999,26.180000,28.410000,23.603952,11240800
2006-08-01,28.150000,29.330000,26.360001,28.240000,23.462708,7382800
2006-09-01,28.440001,35.599998,27.389999,34.209999,28.505276,12399200
2006-10-01,34.080002,35.619999,32.730000,34.279999,28.563608,11262500
2006-11-01,34.340000,36.900002,33.560001,35.160000,29.296864,8641700
2006-12-01,35.189999,38.299999,33.860001,36.360001,30.366655,8894100
2007-01-01,36.750000,38.450001,36.080002,37.599998,31.402243,9151900
2007-02-01,37.630001,40.790001,37.439999,38.470001,32.128853,8525800
2007-03-01,37.630001,39.130001,32.849998,33.490002,28.028339,18379700
2007-04-01,33.500000,36.080002,32.959999,34.410000,28.798302,12966300
2007-05-01,34.419998,37.560001,34.189999,36.000000,30.129005,11209400
2007-06-01,36.250000,36.849998,31.360001,31.600000,26.511839,15292300
2007-07-01,32.419998,33.869999,30.389999,30.530001,25.614138,16658800
2007-08-01,30.549999,31.059999,25.830000,29.020000,24.347271,14626300
2007-09-01,28.990000,29.740000,26.180000,27.139999,22.843399,10841200
2007-10-01,27.139999,32.250000,25.559999,27.219999,22.910740,12039400
2007-11-01,26.850000,28.590000,23.070000,27.450001,23.104322,17172600
2007-12-01,27.340000,33.889999,27.129999,32.389999,27.364559,14066300
2008-01-01,32.320000,32.939999,26.540001,31.780001,26.849207,25583500
2008-02-01,32.029999,33.740002,28.700001,29.830000,25.201750,15727500
2008-03-01,29.950001,32.070000,24.400000,24.570000,20.813267,21377300
2008-04-01,24.559999,25.290001,22.250000,23.330000,19.762863,18208900
2008-05-01,23.260000,25.129999,23.260000,24.799999,21.008097,12308000
2008-06-01,24.790001,26.549999,23.549999,24.889999,21.161322,15928000
2008-07-01,24.570000,26.600000,23.340000,26.139999,22.224058,16883900
2008-08-01,26.320000,29.430000,25.540001,28.139999,23.924452,10565000
2008-09-01,28.639999,30.540001,23.020000,24.469999,20.871689,19168400
2008-10-01,24.270000,25.230000,16.700001,22.000000,18.764902,17718600
2008-11-01,22.030001,22.840000,11.140000,14.710000,12.546898,14343900
2008-12-01,14.150000,15.500000,12.070000,13.030000,11.187741,15294800
2009-01-01,13.200000,14.810000,10.930000,10.990000,9.436171,8387900
2009-02-01,10.770000,12.520000,9.790000,10.080000,8.654830,7428400
2009-03-01,9.800000,12.320000,7.910000,10.660000,9.228724,11659600
2009-04-01,10.410000,15.490000,10.210000,14.870000,12.873466,10579900
2009-05-01,14.700000,15.100000,12.320000,14.230000,12.319399,7319700
2009-06-01,14.510000,16.219999,13.710000,15.340000,13.300726,9992100
2009-07-01,15.500000,17.660000,13.320000,16.610001,14.401891,10877400
2009-08-01,16.770000,17.250000,14.620000,16.219999,14.063740,6953200
2009-09-01,16.000000,19.250000,15.500000,16.910000,14.682100,13333700
2009-10-01,16.910000,17.070000,15.090000,15.450000,13.414457,12015600
2009-11-01,15.490000,16.480000,14.710000,15.190000,13.188709,6247500
2009-12-01,15.340000,17.209999,15.210000,15.990000,13.902918,6423700
2010-01-01,16.209999,17.200001,15.930000,16.889999,14.685444,7725500
2010-02-01,16.990000,18.420000,16.549999,18.200001,15.824453,6964500
2010-03-01,18.260000,20.590000,17.600000,18.059999,15.722112,10425700
2010-04-01,18.129999,22.500000,18.000000,21.180000,18.438221,8776500
2010-05-01,21.370001,21.700001,18.059999,19.230000,16.740652,8972300
2010-06-01,19.150000,20.690001,17.680000,18.870001,16.446375,8637100
2010-07-01,18.950001,19.410000,16.809999,17.200001,14.990871,9056000
2010-08-01,17.450001,19.100000,16.230000,16.389999,14.284900,7087600
2010-09-01,16.730000,20.100000,16.490000,19.680000,17.174902,6481200
2010-10-01,19.930000,20.240000,18.990000,19.230000,16.782185,5375300
2010-11-01,19.290001,21.809999,18.790001,21.540001,18.798141,4461400
2010-12-01,21.959999,26.170000,21.889999,25.299999,22.102430,9318700
2011-01-01,25.590000,26.870001,23.209999,24.129999,21.080297,5821600
2011-02-01,24.209999,27.440001,23.440001,26.940001,23.535151,7271000
2011-03-01,27.150000,27.770000,23.219999,27.490000,24.035479,9798800
2011-04-01,27.540001,28.139999,24.320000,26.020000,22.750204,6336800
2011-05-01,26.040001,26.350000,22.299999,25.100000,21.945824,4702900
2011-06-01,24.950001,27.629999,21.090000,27.219999,23.822525,10262100
2011-07-01,27.389999,28.940001,22.629999,23.010000,20.137999,7591500
2011-08-01,23.230000,23.559999,16.530001,19.870001,17.389923,11238800
2011-09-01,19.930000,20.440001,15.630000,17.860001,15.648057,12557900
2011-10-01,17.629999,23.540001,16.580000,20.650000,18.092522,10011500
2011-11-01,19.719999,22.070000,18.090000,21.590000,18.916100,6528400
2011-12-01,21.430000,22.090000,18.000000,18.450001,16.182949,7997900
2012-01-01,18.900000,21.719999,18.010000,21.100000,18.507332,7469200
2012-02-01,21.440001,23.059999,20.820000,21.000000,18.419615,7152600
2012-03-01,21.059999,23.420000,20.280001,22.959999,20.159445,9597200
2012-04-01,22.809999,23.000000,19.490000,19.530001,17.147825,5527500
2012-05-01,19.480000,20.430000,17.700001,18.480000,16.225895,5918600
2012-06-01,17.930000,18.590000,16.030001,18.520000,16.279846,9089100
2012-07-01,18.480000,19.530001,16.809999,18.299999,16.086454,4856400
2012-08-01,18.330000,20.400000,17.230000,19.559999,17.194052,5083900
2012-09-01,19.530001,21.930000,18.010000,19.440001,17.166159,7825300
2012-10-01,19.559999,20.270000,18.950001,19.389999,17.122011,4802200
2012-11-01,19.350000,21.709999,18.230000,21.120001,18.649658,4235900
2012-12-01,21.330000,21.600000,19.299999,21.459999,19.034357,6571900
2013-01-01,22.000000,24.980000,21.740000,24.700001,21.908140,6591200
2013-02-01,24.900000,24.990000,23.139999,24.000000,21.287262,5409000
2013-03-01,23.790001,27.860001,23.719999,27.670000,24.671257,8109200
2013-04-01,27.530001,27.700001,23.280001,25.090000,22.370863,5670600
2013-05-01,25.059999,28.660000,23.610001,28.110001,25.063578,5939500
2013-06-01,28.120001,28.920000,24.770000,27.070000,24.243860,5870600
2013-07-01,27.040001,29.000000,27.040001,28.110001,25.175283,4912800
2013-08-01,28.500000,29.700001,25.350000,25.469999,22.810902,3961700
2013-09-01,25.910000,29.530001,25.080000,29.180000,26.257811,6709200
2013-10-01,29.090000,31.129999,26.920000,30.340000,27.301641,5976000
2013-11-01,30.309999,32.310001,29.219999,31.910000,28.714415,3814000
2013-12-01,31.780001,32.279999,28.139999,29.520000,26.669220,8244500
2014-01-01,29.490000,30.620001,27.129999,28.030001,25.323112,5827600
2014-02-01,27.969999,28.760000,26.250000,28.180000,25.458628,4483500
2014-03-01,27.920000,32.340000,27.240000,32.130001,29.172359,5803900
2014-04-01,32.299999,32.639999,29.200001,30.830000,27.992027,5793500
2014-05-01,30.840000,32.009998,29.799999,31.270000,28.391523,5128900
2014-06-01,31.280001,32.720001,29.000000,30.240000,27.578323,7972900
2014-07-01,30.430000,31.379999,28.860001,29.240000,26.666344,6055100
2014-08-01,29.280001,30.879999,28.240000,29.719999,27.104099,4318900
2014-09-01,29.860001,32.220001,29.600000,29.850000,27.348351,7433900
2014-10-01,29.750000,32.160000,27.830000,32.000000,29.318165,10133600
2014-11-01,32.099998,32.349998,30.250000,30.389999,27.843094,5630600
2014-12-01,30.200001,31.320000,28.559999,29.430000,27.083960,9846700
2015-01-01,29.650000,29.940001,27.559999,29.049999,26.734255,6308600
2015-02-01,29.209999,32.000000,28.709999,30.969999,28.501200,5564200
2015-03-01,31.030001,31.290001,27.270000,27.760000,25.661722,9917100
2015-04-01,27.520000,29.270000,27.219999,27.410000,25.338173,6311200
2015-05-01,27.469999,28.330000,26.740000,27.700001,25.606260,3903500
2015-06-01,27.830000,31.980000,27.580000,28.930000,26.882061,10191300
2015-07-01,29.110001,29.639999,27.410000,28.040001,26.055059,6902600
2015-08-01,28.030001,29.740000,26.280001,27.110001,25.190893,7818400
2015-09-01,26.690001,30.680000,26.270000,28.840000,26.947014,11480100
2015-10-01,28.920000,32.709999,28.309999,31.730000,29.647320,11703400
2015-11-01,31.700001,32.520000,29.920000,31.709999,29.628632,7771000
2015-12-01,31.889999,32.220001,27.860001,28.700001,26.943661,9694000
2016-01-01,28.379999,28.379999,23.799999,25.620001,24.052149,9105500
2016-02-01,25.400000,26.469999,22.600000,26.090000,24.493391,8998200
2016-03-01,26.330000,31.440001,26.200001,30.889999,29.167698,8994600
2016-04-01,30.600000,31.320000,28.379999,30.170000,28.487843,7173900
2016-05-01,30.219999,31.900000,29.389999,31.660000,29.894766,4869200
2016-06-01,31.559999,34.070000,27.870001,29.889999,28.357620,9761400
2016-07-01,29.870001,33.119999,29.600000,32.770000,31.089968,6120600
2016-08-01,32.830002,36.459999,31.020000,36.070000,34.220787,6751600
2016-09-01,36.209999,36.349998,28.360001,28.600000,27.262711,11745200
2016-10-01,28.610001,29.000000,26.990000,27.799999,26.500116,9939800
2016-11-01,28.000000,34.500000,27.030001,32.500000,30.980352,7815500
2016-12-01,32.750000,36.450001,32.250000,34.200001,32.766155,9447200
2017-01-01,33.349998,33.669998,30.150000,31.200001,29.891933,6822800
2017-02-01,31.549999,32.200001,29.750000,29.799999,28.550627,7584000
2017-03-01,30.049999,32.299999,28.549999,31.549999,30.227255,10262900
2017-04-01,31.549999,33.549999,30.850000,33.099998,31.894215,7100200
2017-05-01,33.349998,34.049999,30.309999,31.549999,30.400681,6464900
2017-06-01,31.700001,33.750000,29.250000,30.400000,29.450764,8412100
2017-07-01,30.500000,35.299999,29.900000,33.669998,32.618656,12015200
2017-08-01,33.799999,34.049999,32.450001,33.650002,32.599285,8087200
2017-09-01,33.799999,36.349998,32.650002,35.900002,34.965229,9934000
2017-10-01,36.099998,37.000000,32.959999,33.599998,32.725121,6846500
2017-11-01,33.900002,36.250000,32.049999,35.750000,34.819138,5838900
2017-12-01,35.799999,40.400002,33.650002,40.049999,39.203739,9534800
2018-01-01,40.099998,41.849998,38.450001,40.500000,39.644230,7520600
2018-02-01,40.349998,40.650002,35.400002,35.900002,35.141430,6032700
2018-03-01,35.900002,39.200001,29.950001,31.950001,31.274897,11470100
2018-04-01,31.950001,33.400002,30.600000,30.700001,30.202742,9697800
2018-05-01,30.600000,33.900002,30.350000,32.750000,32.219536,5740300
2018-06-01,32.950001,36.849998,32.750000,33.900002,33.530807,6727800
2018-07-01,33.900002,40.099998,33.250000,37.849998,37.437786,12076300
2018-08-01,37.849998,38.980000,36.360001,38.299999,37.882889,6005300
2018-09-01,38.250000,40.650002,36.150002,38.400002,38.176376,8359000
