1.846964000000000050e+00 1.846964000000000050e+00 1.779872666666666658e+00 0.000000000000000000e+00
1.823585000000000012e+00 1.835274500000000142e+00 1.839171000000000111e+00 1.000000000000000000e+00
1.898239999999999927e+00 1.860912499999999969e+00 1.856263000000000218e+00 0.000000000000000000e+00
1.766084999999999905e+00 1.832162499999999916e+00 1.829303333333333059e+00 1.000000000000000000e+00
1.970326999999999940e+00 1.868205999999999811e+00 1.878217333333333405e+00 1.000000000000000000e+00
2.183276999999999912e+00 2.076801999999999815e+00 1.973229666666666660e+00 1.000000000000000000e+00
2.281954999999999956e+00 2.232616000000000156e+00 2.145186333333333195e+00 0.000000000000000000e+00
1.924242999999999926e+00 2.103098999999999830e+00 2.129824999999999857e+00 0.000000000000000000e+00
1.773887999999999909e+00 1.849065500000000029e+00 1.993362000000000078e+00 0.000000000000000000e+00
1.735875999999999975e+00 1.754881999999999831e+00 1.811335666666666677e+00 1.000000000000000000e+00
1.862581999999999960e+00 1.799228999999999967e+00 1.790781999999999874e+00 0.000000000000000000e+00
1.762917999999999985e+00 1.812749999999999861e+00 1.787125333333333232e+00 0.000000000000000000e+00
1.749859999999999971e+00 1.756388999999999978e+00 1.791786666666666639e+00 1.000000000000000000e+00
2.037148999999999877e+00 1.893504499999999924e+00 1.849975666666666685e+00 1.000000000000000000e+00
2.148575999999999819e+00 2.092862499999999848e+00 1.978528333333333222e+00 0.000000000000000000e+00
2.121719999999999828e+00 2.135148000000000046e+00 2.102481666666666360e+00 1.000000000000000000e+00
2.162007000000000012e+00 2.141863499999999920e+00 2.144101000000000035e+00 1.000000000000000000e+00
2.263433000000000028e+00 2.212720000000000020e+00 2.182386666666666475e+00 0.000000000000000000e+00
1.932199999999999918e+00 2.097816499999999973e+00 2.119213333333333171e+00 1.000000000000000000e+00
1.946001000000000092e+00 1.939100499999999894e+00 2.047211333333333272e+00 0.000000000000000000e+00
1.893507000000000051e+00 1.919754000000000183e+00 1.923902666666666761e+00 0.000000000000000000e+00
1.879272000000000054e+00 1.886389499999999941e+00 1.906260000000000288e+00 0.000000000000000000e+00
1.736903000000000086e+00 1.808087500000000070e+00 1.836560666666666508e+00 1.000000000000000000e+00
2.073240999999999890e+00 1.905072000000000099e+00 1.896471999999999936e+00 1.000000000000000000e+00
2.308501999999999832e+00 2.190871500000000083e+00 2.039548666666666676e+00 0.000000000000000000e+00
2.293798999999999921e+00 2.301150499999999877e+00 2.225180666666666696e+00 0.000000000000000000e+00
2.295418999999999876e+00 2.294608999999999899e+00 2.299239999999999728e+00 0.000000000000000000e+00
2.129303000000000168e+00 2.212361000000000022e+00 2.239507000000000136e+00 1.000000000000000000e+00
2.295418999999999876e+00 2.212361000000000022e+00 2.240047000000000121e+00 0.000000000000000000e+00
2.208657000000000092e+00 2.252037999999999762e+00 2.211126333333333083e+00 0.000000000000000000e+00
2.146440999999999821e+00 2.177548999999999957e+00 2.216838999999999782e+00 0.000000000000000000e+00
1.990901000000000032e+00 2.068671000000000149e+00 2.115333000000000130e+00 1.000000000000000000e+00
2.056716999999999906e+00 2.023808999999999969e+00 2.064686333333333401e+00 0.000000000000000000e+00
1.928172999999999915e+00 1.992445000000000022e+00 1.991930333333333358e+00 1.000000000000000000e+00
2.137056999999999984e+00 2.032614999999999839e+00 2.040649000000000157e+00 1.000000000000000000e+00
2.411430999999999880e+00 2.274243999999999932e+00 2.158887000000000000e+00 1.000000000000000000e+00
2.810564999999999980e+00 2.610997999999999930e+00 2.453017666666666319e+00 1.000000000000000000e+00
2.960239000000000065e+00 2.885402000000000022e+00 2.727411666666666790e+00 1.000000000000000000e+00
3.441174999999999873e+00 3.200706999999999969e+00 3.070659666666666343e+00 0.000000000000000000e+00
3.355996999999999897e+00 3.398585999999999885e+00 3.252470333333333130e+00 1.000000000000000000e+00
3.492280000000000051e+00 3.424138499999999752e+00 3.429817333333333718e+00 1.000000000000000000e+00
3.552623000000000086e+00 3.522451499999999847e+00 3.466966666666666530e+00 1.000000000000000000e+00
3.987992999999999899e+00 3.770307999999999993e+00 3.677631999999999568e+00 0.000000000000000000e+00
3.900919000000000025e+00 3.944455999999999740e+00 3.813845000000000152e+00 1.000000000000000000e+00
3.953189000000000064e+00 3.927054000000000045e+00 3.947366999999999848e+00 1.000000000000000000e+00
4.325461999999999918e+00 4.139325499999999991e+00 4.059856666666666669e+00 0.000000000000000000e+00
4.219097999999999793e+00 4.272280000000000300e+00 4.165916333333332666e+00 1.000000000000000000e+00
4.426129000000000424e+00 4.322613500000000109e+00 4.323563000000000045e+00 1.000000000000000000e+00
4.642919000000000018e+00 4.534524000000000221e+00 4.429382000000000374e+00 1.000000000000000000e+00
4.841643000000000363e+00 4.742281000000000191e+00 4.636897000000000268e+00 0.000000000000000000e+00
4.037626999999999633e+00 4.439634999999999998e+00 4.507396333333333338e+00 0.000000000000000000e+00
3.670570000000000110e+00 3.854098500000000094e+00 4.183279999999999887e+00 0.000000000000000000e+00
3.597161999999999971e+00 3.633866000000000263e+00 3.768452999999999609e+00 1.000000000000000000e+00
3.917644000000000126e+00 3.757403000000000048e+00 3.728458666666667032e+00 1.000000000000000000e+00
4.348772000000000304e+00 4.133207999999999771e+00 3.954525999999999986e+00 0.000000000000000000e+00
3.748940999999999857e+00 4.048856500000000302e+00 4.005118999999999652e+00 1.000000000000000000e+00
3.799659000000000120e+00 3.774300000000000210e+00 3.965790666666666908e+00 1.000000000000000000e+00
4.058075999999999794e+00 3.928867499999999957e+00 3.868892000000000220e+00 0.000000000000000000e+00
3.847512000000000043e+00 3.952793999999999919e+00 3.901749000000000134e+00 1.000000000000000000e+00
4.107877000000000223e+00 3.977694500000000133e+00 4.004488333333333649e+00 0.000000000000000000e+00
3.755771999999999888e+00 3.931824500000000278e+00 3.903720333333333681e+00 0.000000000000000000e+00
3.423230000000000217e+00 3.589501000000000275e+00 3.762293000000000109e+00 1.000000000000000000e+00
3.505622999999999934e+00 3.464426500000000075e+00 3.561541666666666828e+00 0.000000000000000000e+00
3.195126000000000133e+00 3.350374500000000033e+00 3.374659666666666613e+00 1.000000000000000000e+00
3.465559999999999974e+00 3.330343000000000053e+00 3.388769666666666680e+00 1.000000000000000000e+00
4.160726999999999620e+00 3.813143499999999797e+00 3.607137666666666576e+00 0.000000000000000000e+00
4.034642999999999979e+00 4.097685000000000244e+00 3.886976666666666969e+00 1.000000000000000000e+00
4.412891000000000119e+00 4.223767000000000493e+00 4.202753666666667165e+00 1.000000000000000000e+00
4.767580999999999847e+00 4.590235999999999983e+00 4.405038333333333611e+00 1.000000000000000000e+00
5.183101999999999876e+00 4.975341499999999861e+00 4.787857999999999947e+00 1.000000000000000000e+00
5.554885999999999768e+00 5.368993999999999822e+00 5.168522999999999534e+00 0.000000000000000000e+00
5.248711000000000126e+00 5.401798499999999947e+00 5.328899666666666590e+00 1.000000000000000000e+00
5.697799999999999976e+00 5.473255500000000495e+00 5.500465666666666920e+00 0.000000000000000000e+00
5.720056999999999725e+00 5.708928499999999850e+00 5.555522666666667497e+00 0.000000000000000000e+00
5.609846000000000110e+00 5.664951499999999918e+00 5.675900999999999641e+00 0.000000000000000000e+00
5.541987999999999914e+00 5.575917000000000456e+00 5.623963666666665695e+00 1.000000000000000000e+00
5.587227000000000388e+00 5.564607500000000151e+00 5.579686999999999841e+00 1.000000000000000000e+00
5.633897000000000155e+00 5.610561999999999827e+00 5.587703999999999560e+00 1.000000000000000000e+00
5.898346000000000089e+00 5.766121500000000566e+00 5.706489999999999618e+00 1.000000000000000000e+00
6.901520999999999795e+00 6.399933499999999498e+00 6.144587999999999717e+00 1.000000000000000000e+00
7.558220000000000383e+00 7.229870500000000533e+00 6.786028999999999201e+00 1.000000000000000000e+00
8.048104000000000369e+00 7.803162000000000376e+00 7.502615000000001366e+00 1.000000000000000000e+00
8.771264000000000394e+00 8.409684000000000381e+00 8.125862666666668233e+00 1.000000000000000000e+00
1.080496899999999982e+01 9.788116500000000997e+00 9.208112333333334121e+00 1.000000000000000000e+00
1.111504399999999926e+01 1.096000649999999865e+01 1.023042566666666708e+01 1.000000000000000000e+00
1.254616399999999921e+01 1.183060399999999923e+01 1.148872566666666550e+01 1.000000000000000000e+00
1.312663000000000046e+01 1.283639699999999984e+01 1.226261266666666749e+01 0.000000000000000000e+00
1.245346499999999956e+01 1.279004750000000001e+01 1.270875299999999974e+01 1.000000000000000000e+00
1.375170299999999912e+01 1.310258400000000023e+01 1.311059933333333305e+01 1.000000000000000000e+00
1.390514199999999967e+01 1.382842249999999851e+01 1.337010333333333278e+01 1.000000000000000000e+00
1.916786400000000157e+01 1.653650299999999973e+01 1.560823633333333227e+01 1.000000000000000000e+00
1.998864700000000028e+01 1.957825550000000092e+01 1.768721766666666539e+01 1.000000000000000000e+00
2.072352199999999911e+01 2.035608450000000147e+01 1.996001099999999795e+01 0.000000000000000000e+00
1.893199699999999908e+01 1.982775949999999909e+01 1.988138866666666615e+01 1.000000000000000000e+00
1.965829300000000046e+01 1.929514499999999799e+01 1.977127066666666622e+01 1.000000000000000000e+00
2.120032099999999886e+01 2.042930700000000144e+01 1.993020366666666732e+01 1.000000000000000000e+00
2.248739199999999983e+01 2.184385650000000112e+01 2.111533533333333423e+01 1.000000000000000000e+00
2.379875399999999885e+01 2.314307300000000112e+01 2.249548900000000273e+01 1.000000000000000000e+00
2.612050999999999945e+01 2.495963199999999915e+01 2.413555200000000056e+01 0.000000000000000000e+00
2.351581200000000038e+01 2.481816099999999992e+01 2.447835866666666504e+01 0.000000000000000000e+00
2.156832299999999947e+01 2.254206750000000170e+01 2.373488166666666643e+01 0.000000000000000000e+00
1.899116899999999930e+01 2.027974599999999938e+01 2.135843466666666757e+01 1.000000000000000000e+00
2.167630799999999880e+01 2.033373849999999905e+01 2.074526666666666586e+01 0.000000000000000000e+00
1.601312799999999825e+01 1.884471800000000030e+01 1.889353499999999997e+01 0.000000000000000000e+00
1.544834499999999977e+01 1.573073649999999901e+01 1.771259366666666679e+01 1.000000000000000000e+00
1.725716600000000156e+01 1.635275550000000067e+01 1.623954633333333319e+01 0.000000000000000000e+00
1.662163400000000024e+01 1.693939999999999912e+01 1.644238166666666601e+01 1.000000000000000000e+00
2.105525599999999997e+01 1.883844500000000011e+01 1.831135199999999941e+01 0.000000000000000000e+00
1.483661200000000058e+01 1.794593400000000116e+01 1.750450066666666871e+01 0.000000000000000000e+00
1.331867500000000071e+01 1.407764350000000064e+01 1.640351433333333375e+01 1.000000000000000000e+00
1.432729400000000020e+01 1.382298450000000045e+01 1.416086033333333383e+01 1.000000000000000000e+00
1.565208499999999958e+01 1.498968950000000078e+01 1.443268466666666683e+01 1.000000000000000000e+00
1.584833599999999976e+01 1.575021049999999967e+01 1.527590499999999984e+01 1.000000000000000000e+00
1.651599500000000020e+01 1.618216549999999998e+01 1.600547200000000103e+01 1.000000000000000000e+00
2.064498499999999837e+01 1.858048999999999751e+01 1.766977199999999826e+01 0.000000000000000000e+00
1.853133199999999903e+01 1.958815849999999870e+01 1.856410399999999683e+01 1.000000000000000000e+00
1.880164299999999855e+01 1.866648749999999879e+01 1.932598666666666531e+01 0.000000000000000000e+00
1.708300799999999953e+01 1.794232549999999904e+01 1.813866099999999904e+01 1.000000000000000000e+00
1.801839100000000116e+01 1.755069950000000034e+01 1.796768066666666641e+01 1.000000000000000000e+00
1.811685900000000160e+01 1.806762499999999960e+01 1.773941933333333409e+01 0.000000000000000000e+00
1.720878199999999936e+01 1.766282050000000226e+01 1.778134400000000070e+01 0.000000000000000000e+00
1.617329000000000150e+01 1.669103600000000043e+01 1.716631033333333534e+01 1.000000000000000000e+00
2.209035700000000091e+01 1.913182350000000298e+01 1.849080966666666725e+01 0.000000000000000000e+00
2.163557099999999878e+01 2.186296399999999807e+01 1.996640600000000276e+01 0.000000000000000000e+00
2.133919900000000069e+01 2.148738499999999974e+01 2.168837566666666206e+01 0.000000000000000000e+00
2.047575199999999995e+01 2.090747550000000032e+01 2.115017399999999981e+01 1.000000000000000000e+00
2.482808899999999852e+01 2.265192049999999924e+01 2.221434666666666757e+01 1.000000000000000000e+00
2.527321399999999940e+01 2.505065150000000074e+01 2.352568499999999929e+01 1.000000000000000000e+00
2.540167999999999893e+01 2.533744699999999739e+01 2.516766099999999895e+01 0.000000000000000000e+00
2.069767799999999980e+01 2.304967899999999759e+01 2.379085733333333152e+01 0.000000000000000000e+00
1.871702600000000061e+01 1.970735200000000020e+01 2.160546133333333430e+01 1.000000000000000000e+00
2.281180000000000163e+01 2.076441300000000112e+01 2.074216800000000305e+01 0.000000000000000000e+00
2.271262000000000114e+01 2.276221000000000316e+01 2.141381533333333209e+01 0.000000000000000000e+00
2.033225600000000099e+01 2.152243800000000107e+01 2.195222533333333459e+01 0.000000000000000000e+00
1.837530699999999939e+01 1.935378150000000019e+01 2.047339433333333503e+01 1.000000000000000000e+00
2.109684599999999932e+01 1.973607649999999936e+01 1.993480299999999872e+01 1.000000000000000000e+00
2.142262300000000153e+01 2.125973450000000042e+01 2.029825866666666556e+01 0.000000000000000000e+00
1.925455699999999837e+01 2.033858999999999995e+01 2.059134200000000092e+01 1.000000000000000000e+00
2.008202899999999858e+01 1.966829299999999847e+01 2.025306966666666497e+01 0.000000000000000000e+00
1.815657200000000060e+01 1.911930050000000136e+01 1.916438599999999681e+01 0.000000000000000000e+00
1.551541100000000029e+01 1.683599149999999867e+01 1.791800399999999982e+01 1.000000000000000000e+00
1.685417599999999894e+01 1.618479349999999783e+01 1.684205299999999639e+01 1.000000000000000000e+00
1.741997900000000143e+01 1.713707750000000019e+01 1.659652199999999667e+01 1.000000000000000000e+00
1.888547300000000106e+01 1.815272600000000125e+01 1.771987599999999929e+01 1.000000000000000000e+00
1.982736399999999932e+01 1.935641850000000019e+01 1.871093866666666727e+01 0.000000000000000000e+00
1.856619799999999998e+01 1.919678100000000143e+01 1.909301166666666560e+01 1.000000000000000000e+00
1.901268200000000164e+01 1.878943999999999903e+01 1.913541466666666579e+01 1.000000000000000000e+00
1.953238699999999994e+01 1.927253449999999901e+01 1.903708899999999815e+01 0.000000000000000000e+00
1.875684899999999899e+01 1.914461800000000125e+01 1.910063933333333352e+01 0.000000000000000000e+00
1.625493600000000072e+01 1.750589250000000163e+01 1.818139066666666892e+01 0.000000000000000000e+00
1.357247599999999998e+01 1.491370600000000124e+01 1.619475366666666716e+01 0.000000000000000000e+00
1.240339799999999926e+01 1.298793699999999873e+01 1.407693666666666843e+01 1.000000000000000000e+00
1.425353600000000043e+01 1.332846699999999984e+01 1.340980333333333441e+01 1.000000000000000000e+00
1.448627699999999940e+01 1.436990649999999903e+01 1.371440366666666755e+01 1.000000000000000000e+00
1.600311500000000109e+01 1.524469600000000113e+01 1.491430933333333364e+01 0.000000000000000000e+00
1.479456300000000013e+01 1.539883900000000061e+01 1.509465166666666924e+01 0.000000000000000000e+00
1.438448900000000030e+01 1.458952599999999933e+01 1.506072233333333266e+01 0.000000000000000000e+00
1.256733200000000039e+01 1.347591050000000124e+01 1.391546133333333302e+01 1.000000000000000000e+00
1.297516399999999948e+01 1.277124799999999993e+01 1.330899500000000124e+01 1.000000000000000000e+00
1.407120100000000029e+01 1.352318250000000077e+01 1.320456566666666731e+01 1.000000000000000000e+00
1.558631399999999978e+01 1.482875750000000004e+01 1.421089300000000044e+01 1.000000000000000000e+00
1.619958700000000107e+01 1.589295050000000131e+01 1.528570066666666527e+01 1.000000000000000000e+00
1.792775899999999822e+01 1.706367300000000142e+01 1.657122000000000028e+01 1.000000000000000000e+00
1.888067399999999907e+01 1.840421649999999687e+01 1.766934000000000182e+01 0.000000000000000000e+00
1.841692400000000163e+01 1.864879900000000035e+01 1.840845233333333297e+01 1.000000000000000000e+00
1.863530000000000086e+01 1.852611200000000125e+01 1.864429933333333267e+01 1.000000000000000000e+00
2.106985299999999839e+01 1.985257649999999785e+01 1.937402566666666814e+01 0.000000000000000000e+00
1.964179599999999937e+01 2.035582449999999710e+01 1.978231633333333050e+01 0.000000000000000000e+00
1.959319899999999848e+01 1.961749749999999892e+01 2.010161599999999638e+01 1.000000000000000000e+00
2.271159199999999956e+01 2.115239549999999724e+01 2.064886233333333010e+01 0.000000000000000000e+00
2.157399900000000059e+01 2.214279549999999830e+01 2.129292999999999836e+01 0.000000000000000000e+00
2.124146299999999954e+01 2.140773099999999829e+01 2.184235133333332968e+01 0.000000000000000000e+00
1.953014200000000145e+01 2.038580250000000049e+01 2.078186799999999934e+01 1.000000000000000000e+00
2.354456499999999863e+01 2.153735350000000182e+01 2.143872333333333202e+01 0.000000000000000000e+00
2.180353399999999908e+01 2.267404949999999886e+01 2.162608033333333424e+01 0.000000000000000000e+00
2.049369599999999991e+01 2.114861499999999950e+01 2.194726499999999803e+01 0.000000000000000000e+00
2.011177599999999899e+01 2.030273599999999945e+01 2.080300199999999933e+01 0.000000000000000000e+00
1.884714500000000115e+01 1.947946050000000184e+01 1.981753900000000002e+01 1.000000000000000000e+00
2.003835300000000075e+01 1.944274899999999917e+01 1.966575800000000029e+01 1.000000000000000000e+00
2.260764299999999949e+01 2.132299799999999834e+01 2.049771366666666594e+01 0.000000000000000000e+00
2.186305199999999971e+01 2.223534749999999960e+01 2.150301599999999880e+01 1.000000000000000000e+00
2.371225000000000094e+01 2.278765100000000032e+01 2.272764833333333456e+01 1.000000000000000000e+00
2.471038599999999974e+01 2.421131799999999856e+01 2.342856266666666443e+01 0.000000000000000000e+00
2.346338700000000088e+01 2.408688649999999853e+01 2.396200766666666482e+01 1.000000000000000000e+00
2.388179200000000080e+01 2.367258950000000084e+01 2.401852166666666832e+01 1.000000000000000000e+00
2.536228399999999894e+01 2.462203799999999987e+01 2.423582100000000139e+01 1.000000000000000000e+00
2.625868799999999936e+01 2.581048599999999738e+01 2.516758799999999852e+01 0.000000000000000000e+00
2.458924700000000030e+01 2.542396749999999983e+01 2.540340633333333287e+01 1.000000000000000000e+00
2.497913700000000148e+01 2.478419200000000089e+01 2.527569066666666586e+01 0.000000000000000000e+00
2.259663600000000017e+01 2.378788649999999905e+01 2.405500666666666731e+01 1.000000000000000000e+00
2.521821399999999969e+01 2.390742499999999993e+01 2.426466233333333378e+01 0.000000000000000000e+00
2.329504599999999925e+01 2.425663000000000125e+01 2.370329866666666518e+01 1.000000000000000000e+00
2.503866199999999864e+01 2.416685400000000072e+01 2.451730733333333490e+01 0.000000000000000000e+00
2.494775800000000032e+01 2.499320999999999771e+01 2.442715533333333155e+01 1.000000000000000000e+00
2.677401000000000053e+01 2.586088399999999865e+01 2.558680999999999983e+01 0.000000000000000000e+00
2.551117299999999943e+01 2.614259150000000176e+01 2.574431366666666676e+01 0.000000000000000000e+00
2.421034200000000070e+01 2.486075749999999829e+01 2.549850833333333355e+01 0.000000000000000000e+00
2.141055300000000017e+01 2.281044750000000221e+01 2.371068933333333462e+01 1.000000000000000000e+00
2.360395199999999960e+01 2.250725249999999988e+01 2.307494900000000371e+01 0.000000000000000000e+00
2.346270799999999923e+01 2.353332999999999942e+01 2.282573766666666870e+01 1.000000000000000000e+00
2.850527599999999850e+01 2.598399200000000064e+01 2.519064533333333245e+01 0.000000000000000000e+00
2.856360799999999855e+01 2.853444199999999853e+01 2.684386399999999995e+01 1.000000000000000000e+00
2.929686399999999935e+01 2.893023600000000073e+01 2.878858266666666665e+01 1.000000000000000000e+00
3.036665500000000151e+01 2.983175950000000043e+01 2.940904233333333195e+01 1.000000000000000000e+00
3.140224299999999857e+01 3.088444900000000004e+01 3.035525400000000218e+01 1.000000000000000000e+00
3.212885299999999944e+01 3.176554799999999901e+01 3.129925033333333317e+01 0.000000000000000000e+00
2.802833899999999900e+01 3.007859599999999745e+01 3.051981166666666567e+01 1.000000000000000000e+00
2.879830199999999962e+01 2.841332049999999754e+01 2.965183133333333032e+01 1.000000000000000000e+00
3.012900499999999937e+01 2.946365349999999950e+01 2.898521533333333267e+01 0.000000000000000000e+00
2.651183899999999838e+01 2.832042200000000065e+01 2.847971533333333127e+01 0.000000000000000000e+00
2.561413800000000052e+01 2.606298849999999945e+01 2.741832733333333394e+01 0.000000000000000000e+00
2.434727099999999922e+01 2.498070450000000164e+01 2.549108266666666722e+01 0.000000000000000000e+00
2.284339900000000156e+01 2.359533499999999862e+01 2.426826933333333614e+01 0.000000000000000000e+00
2.291074000000000055e+01 2.287706950000000106e+01 2.336713666666666711e+01 1.000000000000000000e+00
2.310432199999999980e+01 2.300753100000000018e+01 2.295282033333333516e+01 1.000000000000000000e+00
2.736455899999999986e+01 2.523444049999999805e+01 2.445987366666666674e+01 0.000000000000000000e+00
2.684920699999999982e+01 2.710688299999999984e+01 2.577269599999999627e+01 0.000000000000000000e+00
2.520175000000000054e+01 2.602547849999999841e+01 2.647183866666666674e+01 0.000000000000000000e+00
2.081326699999999974e+01 2.300750850000000014e+01 2.428807466666666315e+01 0.000000000000000000e+00
1.976286299999999940e+01 2.028806499999999957e+01 2.192595999999999989e+01 1.000000000000000000e+00
2.100809699999999935e+01 2.038548000000000116e+01 2.052807566666666617e+01 1.000000000000000000e+00
2.116132199999999841e+01 2.108470949999999888e+01 2.064409399999999906e+01 1.000000000000000000e+00
2.222405799999999942e+01 2.169268999999999892e+01 2.146449233333332884e+01 1.000000000000000000e+00
2.392445199999999872e+01 2.307425500000000085e+01 2.243661066666666670e+01 0.000000000000000000e+00
2.087168899999999994e+01 2.239807049999999933e+01 2.234006633333333625e+01 0.000000000000000000e+00
1.876490199999999930e+01 1.981829549999999784e+01 2.118701433333333384e+01 0.000000000000000000e+00
1.254689800000000055e+01 1.565589999999999904e+01 1.739449633333333267e+01 0.000000000000000000e+00
1.118774100000000082e+01 1.186731950000000069e+01 1.416651366666666689e+01 0.000000000000000000e+00
9.436170999999999864e+00 1.031195600000000034e+01 1.105693666666666708e+01 0.000000000000000000e+00
8.654830000000000467e+00 9.045500499999999278e+00 9.759580666666666460e+00 1.000000000000000000e+00
9.228723999999999705e+00 8.941777000000000086e+00 9.106574999999999420e+00 1.000000000000000000e+00
1.287346600000000052e+01 1.105109500000000011e+01 1.025234000000000023e+01 0.000000000000000000e+00
1.231939900000000065e+01 1.259643250000000059e+01 1.147386299999999970e+01 1.000000000000000000e+00
1.330072599999999916e+01 1.281006250000000080e+01 1.283119700000000130e+01 1.000000000000000000e+00
1.440189100000000089e+01 1.385130850000000002e+01 1.334067199999999964e+01 0.000000000000000000e+00
1.406373999999999924e+01 1.423281550000000095e+01 1.392211900000000036e+01 1.000000000000000000e+00
1.468210000000000015e+01 1.437292000000000058e+01 1.438257699999999950e+01 0.000000000000000000e+00
1.341445700000000052e+01 1.404827850000000034e+01 1.405343233333333330e+01 0.000000000000000000e+00
1.318870899999999935e+01 1.330158300000000082e+01 1.376175533333333334e+01 1.000000000000000000e+00
1.390291799999999967e+01 1.354581349999999951e+01 1.350202800000000103e+01 1.000000000000000000e+00
1.468544400000000039e+01 1.429418100000000003e+01 1.392569033333333373e+01 1.000000000000000000e+00
1.582445300000000010e+01 1.525494850000000113e+01 1.480427166666666672e+01 0.000000000000000000e+00
1.572211199999999920e+01 1.577328250000000054e+01 1.541066966666666893e+01 1.000000000000000000e+00
1.843822099999999864e+01 1.708016649999999714e+01 1.666159533333333442e+01 0.000000000000000000e+00
1.674065200000000075e+01 1.758943649999999792e+01 1.696699499999999716e+01 0.000000000000000000e+00
1.644637499999999974e+01 1.659351350000000025e+01 1.720841599999999971e+01 0.000000000000000000e+00
1.499087100000000028e+01 1.571862300000000090e+01 1.605929933333333182e+01 0.000000000000000000e+00
1.428490000000000038e+01 1.463788549999999944e+01 1.524071533333333406e+01 1.000000000000000000e+00
1.717490199999999945e+01 1.572990099999999991e+01 1.548355766666666433e+01 0.000000000000000000e+00
1.678218499999999835e+01 1.697854350000000068e+01 1.608066233333333273e+01 1.000000000000000000e+00
1.879814100000000110e+01 1.779016299999999973e+01 1.758507600000000082e+01 1.000000000000000000e+00
2.210242999999999824e+01 2.045028549999999967e+01 1.922758533333333375e+01 0.000000000000000000e+00
2.108029700000000162e+01 2.159136349999999993e+01 2.066028933333333484e+01 1.000000000000000000e+00
2.353515099999999904e+01 2.230772400000000033e+01 2.223929266666666749e+01 1.000000000000000000e+00
2.403547899999999871e+01 2.378531499999999710e+01 2.288364233333333075e+01 0.000000000000000000e+00
2.275020400000000009e+01 2.339284149999999940e+01 2.344027799999999573e+01 0.000000000000000000e+00
2.194582400000000177e+01 2.234801399999999916e+01 2.291050233333332997e+01 1.000000000000000000e+00
2.382252499999999884e+01 2.288417450000000031e+01 2.283951766666666572e+01 0.000000000000000000e+00
2.013799900000000065e+01 2.198026199999999974e+01 2.196878266666666946e+01 0.000000000000000000e+00
1.738992299999999958e+01 1.876396100000000189e+01 2.045014899999999969e+01 0.000000000000000000e+00
1.564805699999999966e+01 1.651898999999999873e+01 1.772532633333333507e+01 1.000000000000000000e+00
1.809252199999999888e+01 1.687028949999999838e+01 1.704350066666666308e+01 1.000000000000000000e+00
1.891610000000000014e+01 1.850431100000000129e+01 1.755222633333333349e+01 0.000000000000000000e+00
1.618294900000000069e+01 1.754952450000000042e+01 1.773052366666666657e+01 1.000000000000000000e+00
1.850733200000000167e+01 1.734514049999999941e+01 1.786879366666666513e+01 0.000000000000000000e+00
1.841961500000000029e+01 1.846347349999999921e+01 1.770329866666666518e+01 1.000000000000000000e+00
2.015944500000000161e+01 1.928952999999999918e+01 1.902879733333333334e+01 0.000000000000000000e+00
1.714782500000000098e+01 1.865363500000000130e+01 1.857562833333333074e+01 0.000000000000000000e+00
1.622589500000000129e+01 1.668686000000000291e+01 1.784438833333333463e+01 0.000000000000000000e+00
1.627984599999999915e+01 1.625287050000000022e+01 1.655118866666666833e+01 0.000000000000000000e+00
1.608645399999999981e+01 1.618314999999999770e+01 1.619739833333333578e+01 1.000000000000000000e+00
1.719405199999999923e+01 1.664025300000000129e+01 1.652011733333333154e+01 0.000000000000000000e+00
1.716615900000000039e+01 1.718010549999999981e+01 1.681555499999999981e+01 0.000000000000000000e+00
1.712201100000000054e+01 1.714408500000000046e+01 1.716074066666666553e+01 1.000000000000000000e+00
1.864965799999999874e+01 1.788583450000000141e+01 1.764594266666666655e+01 1.000000000000000000e+00
1.903435699999999997e+01 1.884200750000000113e+01 1.826867533333333427e+01 1.000000000000000000e+00
2.190813999999999950e+01 2.047124850000000151e+01 1.986405166666666844e+01 0.000000000000000000e+00
2.128726199999999835e+01 2.159770100000000070e+01 2.074325299999999928e+01 1.000000000000000000e+00
2.467125700000000066e+01 2.297925949999999773e+01 2.262221966666666617e+01 0.000000000000000000e+00
2.237086299999999994e+01 2.352105999999999852e+01 2.277646066666666513e+01 1.000000000000000000e+00
2.506357799999999969e+01 2.371722049999999982e+01 2.403523266666666203e+01 0.000000000000000000e+00
2.424386000000000152e+01 2.465371900000000238e+01 2.389276700000000275e+01 1.000000000000000000e+00
2.517528300000000030e+01 2.470957150000000269e+01 2.482757366666666599e+01 0.000000000000000000e+00
2.281090199999999868e+01 2.399309249999999949e+01 2.407668166666666920e+01 1.000000000000000000e+00
2.625781100000000023e+01 2.453435650000000123e+01 2.474799866666666404e+01 1.000000000000000000e+00
2.730164100000000005e+01 2.677972600000000014e+01 2.545678466666666750e+01 1.000000000000000000e+00
2.871441499999999891e+01 2.800802799999999948e+01 2.742462233333333188e+01 0.000000000000000000e+00
2.666921999999999926e+01 2.769181749999999909e+01 2.756175866666666607e+01 0.000000000000000000e+00
2.532311199999999829e+01 2.599616599999999877e+01 2.690224899999999764e+01 1.000000000000000000e+00
2.545862800000000092e+01 2.539086999999999961e+01 2.581698666666666497e+01 1.000000000000000000e+00
2.917235900000000015e+01 2.731549350000000231e+01 2.665136633333333194e+01 0.000000000000000000e+00
2.799202700000000021e+01 2.858219300000000018e+01 2.754100466666666946e+01 1.000000000000000000e+00
2.839152299999999940e+01 2.819177499999999981e+01 2.851863633333333325e+01 0.000000000000000000e+00
2.757832300000000103e+01 2.798492300000000199e+01 2.798729099999999903e+01 0.000000000000000000e+00
2.666634399999999872e+01 2.712233349999999987e+01 2.754539666666666520e+01 1.000000000000000000e+00
2.710409900000000150e+01 2.688522150000000011e+01 2.711625533333333138e+01 1.000000000000000000e+00
2.734835100000000097e+01 2.722622499999999945e+01 2.703959800000000158e+01 1.000000000000000000e+00
2.931816500000000048e+01 2.833325800000000072e+01 2.792353833333332958e+01 0.000000000000000000e+00
2.784309400000000068e+01 2.858062950000000058e+01 2.816987000000000307e+01 0.000000000000000000e+00
2.708396000000000114e+01 2.746352699999999913e+01 2.808173966666666743e+01 0.000000000000000000e+00
2.673425500000000099e+01 2.690910750000000107e+01 2.722043633333333545e+01 1.000000000000000000e+00
2.850120000000000076e+01 2.761772750000000087e+01 2.743980500000000333e+01 0.000000000000000000e+00
2.566172200000000103e+01 2.708146100000000089e+01 2.696572566666666759e+01 0.000000000000000000e+00
2.533817300000000117e+01 2.549994750000000110e+01 2.650036500000000217e+01 1.000000000000000000e+00
2.560625999999999891e+01 2.547221650000000182e+01 2.553538500000000155e+01 1.000000000000000000e+00
2.688206100000000021e+01 2.624416049999999956e+01 2.594216466666666676e+01 0.000000000000000000e+00
2.605505899999999997e+01 2.646856000000000009e+01 2.618112666666666755e+01 0.000000000000000000e+00
2.519089299999999909e+01 2.562297600000000131e+01 2.604267099999999857e+01 1.000000000000000000e+00
2.694701399999999936e+01 2.606895349999999922e+01 2.606432200000000066e+01 1.000000000000000000e+00
2.964732000000000056e+01 2.829716700000000174e+01 2.726174233333333063e+01 0.000000000000000000e+00
2.962863199999999964e+01 2.963797600000000187e+01 2.874098866666666652e+01 0.000000000000000000e+00
2.694366099999999875e+01 2.828614650000000097e+01 2.873987100000000439e+01 0.000000000000000000e+00
2.405214900000000000e+01 2.549790499999999938e+01 2.687481400000000065e+01 1.000000000000000000e+00
2.449339099999999902e+01 2.427277000000000129e+01 2.516306699999999807e+01 1.000000000000000000e+00
2.916769800000000146e+01 2.683054450000000202e+01 2.590441266666666920e+01 0.000000000000000000e+00
2.848784300000000158e+01 2.882777049999999974e+01 2.738297733333333284e+01 1.000000000000000000e+00
2.989476600000000062e+01 2.919130450000000110e+01 2.918343566666666788e+01 0.000000000000000000e+00
2.835762000000000072e+01 2.912619300000000067e+01 2.891340966666666645e+01 1.000000000000000000e+00
3.108996799999999894e+01 2.972379399999999805e+01 2.978078466666666557e+01 1.000000000000000000e+00
3.422078700000000140e+01 3.265537750000000017e+01 3.122279166666666583e+01 0.000000000000000000e+00
2.726271099999999947e+01 3.074174899999999866e+01 3.085782199999999875e+01 0.000000000000000000e+00
2.650011599999999845e+01 2.688141350000000074e+01 2.932787133333333074e+01 1.000000000000000000e+00
3.098035199999999989e+01 2.874023400000000095e+01 2.824772633333333260e+01 1.000000000000000000e+00
3.276615499999999770e+01 3.187325349999999702e+01 3.008220766666666535e+01 0.000000000000000000e+00
2.989193300000000164e+01 3.132904399999999967e+01 3.121281333333333308e+01 0.000000000000000000e+00
2.855062699999999865e+01 2.922128000000000014e+01 3.040290500000000051e+01 1.000000000000000000e+00
3.022725499999999954e+01 2.938894099999999909e+01 2.955660500000000113e+01 1.000000000000000000e+00
3.189421499999999909e+01 3.106073500000000109e+01 3.022403233333333006e+01 0.000000000000000000e+00
3.040068099999999873e+01 3.114744799999999714e+01 3.084071700000000149e+01 0.000000000000000000e+00
2.945076399999999950e+01 2.992572249999999912e+01 3.058188666666666222e+01 1.000000000000000000e+00
3.261865600000000143e+01 3.103471000000000046e+01 3.082336700000000107e+01 0.000000000000000000e+00
3.259928500000000184e+01 3.260897049999999808e+01 3.155623500000000092e+01 1.000000000000000000e+00
3.496522900000000078e+01 3.378225700000000131e+01 3.339438999999999425e+01 0.000000000000000000e+00
3.272512100000000146e+01 3.384517499999999757e+01 3.342987833333333469e+01 1.000000000000000000e+00
3.481913800000000236e+01 3.377212950000000546e+01 3.416982933333333250e+01 1.000000000000000000e+00
3.920373899999999878e+01 3.701143849999999702e+01 3.558266600000000324e+01 1.000000000000000000e+00
3.964423000000000030e+01 3.942398450000000310e+01 3.788903566666666478e+01 0.000000000000000000e+00
3.514142999999999972e+01 3.739283000000000357e+01 3.799646633333333767e+01 0.000000000000000000e+00
3.127489699999999928e+01 3.320816349999999773e+01 3.535351899999999858e+01 0.000000000000000000e+00
3.020274200000000064e+01 3.073881949999999819e+01 3.220635633333333203e+01 1.000000000000000000e+00
3.221953599999999796e+01 3.121113899999999930e+01 3.123239166666666122e+01 1.000000000000000000e+00
3.353080700000000292e+01 3.287517150000000044e+01 3.198436166666666836e+01 1.000000000000000000e+00
3.743778600000000267e+01 3.548429649999999924e+01 3.439604299999999881e+01 1.000000000000000000e+00
3.788288899999999870e+01 3.766033749999999714e+01 3.628382733333333476e+01 1.000000000000000000e+00
