1989-11-01,1.679012,1.895062,1.666667,1.814815,1.087150,67350300
1989-12-01,1.814815,1.858025,1.648148,1.808642,1.087539,66497700
1990-01-01,1.814815,1.913580,1.703704,1.734568,1.042998,106743300
1990-02-01,1.746914,1.993827,1.722222,1.962963,1.180333,88249200
1990-03-01,1.969136,2.333333,1.956790,2.259259,1.363550,149960100
1990-04-01,2.234568,2.388889,2.197531,2.308642,1.393354,93151200
1990-05-01,2.358025,3.043210,2.320988,2.993827,1.806891,184135500
1990-06-01,3.024691,3.111111,2.703704,2.851852,1.721203,161157600
1990-07-01,2.851852,3.231482,2.518518,2.537037,1.531200,162585900
1990-08-01,2.527778,2.777778,2.120370,2.509259,1.519430,265956300
1990-09-01,2.481482,2.611111,2.148148,2.250000,1.368711,136333500
1990-10-01,2.277778,2.527778,1.981481,2.175926,1.323651,215912100
1990-11-01,2.185185,2.694444,2.120370,2.648148,1.610912,179199300
1990-12-01,2.703704,3.037037,2.694444,2.861111,1.747696,127207500
1991-01-01,2.851852,3.287037,2.564815,3.203704,1.956967,182406300
1991-02-01,3.194444,3.759259,3.120370,3.611111,2.205829,198244500
1991-03-01,3.583333,4.046296,3.574074,4.000000,2.443381,122175600
1991-04-01,4.000000,4.462963,3.925926,4.259259,2.608742,159858000
1991-05-01,4.259259,4.944445,4.092593,4.879630,2.988709,150830400
1991-06-01,4.861111,5.166667,4.750000,5.013889,3.070942,132258000
1991-07-01,5.055555,5.513889,4.916667,5.388889,3.300623,145098000
1991-08-01,5.375000,6.013889,5.013889,5.986111,3.676814,137558400
1991-09-01,5.972222,6.152778,5.569445,6.055555,3.728918,102528600
1991-10-01,6.111111,6.361111,5.722222,6.333333,3.899970,123541500
1991-11-01,6.361111,6.833333,6.166667,6.694445,4.122336,140218500
1991-12-01,6.638889,7.791667,6.611111,7.486111,4.620364,141093000
1992-01-01,7.416667,7.986111,6.750000,6.847222,4.226049,227041800
1992-02-01,6.861111,7.541667,6.611111,7.111111,4.388919,140568900
1992-03-01,7.125000,7.430555,6.722222,7.194445,4.440351,124140600
1992-04-01,7.166667,7.625000,6.708333,6.930555,4.286431,172449300
1992-05-01,6.930555,7.888889,6.736111,7.847222,4.853375,144565200
1992-06-01,7.847222,7.930555,7.027778,7.472222,4.635612,157690800
1992-07-01,7.458333,8.437500,7.444445,8.375000,5.195676,105941700
1992-08-01,8.375000,8.916667,8.312500,8.895833,5.518792,127167000
1992-09-01,8.895833,9.500000,8.750000,9.229167,5.740820,107329500
1992-10-01,9.229167,9.708333,8.166667,9.645833,6.000001,143959500
1992-11-01,9.645833,10.166667,9.479167,10.166667,6.323972,110418600
1992-12-01,10.166667,11.437500,10.104167,11.250000,7.013519,121772100
1993-01-01,11.291667,11.312500,10.416667,10.854167,6.766749,126363600
1993-02-01,11.000000,11.229167,9.250000,10.604167,6.610891,178744200
1993-03-01,10.645833,10.833333,10.083333,10.541667,6.571927,137554800
1993-04-01,10.604167,10.604167,8.805555,9.388889,5.865582,262283700
1993-05-01,9.361111,10.444445,9.277778,10.277778,6.420905,115723800
1993-06-01,10.277778,10.416667,9.138889,9.722222,6.073827,113073000
1993-07-01,9.722222,10.027778,9.333333,9.805555,6.145224,64537200
1993-08-01,9.944445,10.500000,8.861111,9.500000,5.953728,189273600
1993-09-01,9.388889,9.416667,7.777778,8.555555,5.379374,224709600
1993-10-01,8.666667,8.916667,8.277778,8.805555,5.536562,95007300
1993-11-01,8.805555,9.833333,8.722222,9.222222,5.798546,117717300
1993-12-01,9.388889,9.611111,8.666667,8.777778,5.537088,89783700
1994-01-01,8.777778,9.000000,8.111111,8.666667,5.467001,147195900
1994-02-01,8.666667,9.444445,8.250000,9.250000,5.834971,119164500
1994-03-01,9.250000,9.916667,8.666667,9.055555,5.712313,137021400
1994-04-01,8.833333,9.611111,8.777778,9.333333,5.907086,77761800
1994-05-01,9.388889,10.305555,8.805555,10.027778,6.346599,116262600
1994-06-01,10.000000,10.305555,9.083333,9.361111,5.924668,98007300
1994-07-01,9.416667,9.833333,8.888889,9.083333,5.771720,80593500
1994-08-01,9.055555,10.277778,8.833333,10.055555,6.389496,130650600
1994-09-01,9.888889,10.000000,9.250000,9.333333,5.930579,89095200
1994-10-01,9.388889,10.222222,9.083333,10.111111,6.451139,88497900
1994-11-01,10.083333,10.722222,9.888889,10.277778,6.557479,123902700
1994-12-01,10.222222,10.500000,9.805555,10.222222,6.522030,90020700
1995-01-01,10.194445,10.777778,9.916667,10.388889,6.654302,75995100
1995-02-01,10.388889,11.111111,9.777778,9.972222,6.387418,136976100
1995-03-01,10.000000,10.333333,9.416667,9.833333,6.322897,156233100
1995-04-01,9.805555,9.833333,8.944445,9.277778,5.965671,149049000
1995-05-01,9.277778,10.000000,8.861111,9.250000,5.947811,239833500
1995-06-01,9.305555,9.666667,8.583333,9.055555,5.822780,256794000
1995-07-01,9.000000,10.055555,9.000000,9.777778,6.321938,150219300
1995-08-01,9.777778,9.972222,8.833333,8.888889,5.747219,121607400
1995-09-01,8.916667,9.527778,8.555555,8.861111,5.729255,226977900
1995-10-01,8.861111,8.916667,8.138889,8.277778,5.381155,184975500
1995-11-01,8.277778,9.972222,8.277778,9.861111,6.410435,182068500
1995-12-01,9.888889,10.666667,9.527778,10.611111,6.897988,135652200
1996-01-01,10.555555,10.555555,9.222222,10.222222,6.712777,161350200
1996-02-01,10.222222,10.666667,9.500000,9.611111,6.311471,132092100
1996-03-01,9.777778,11.194445,9.611111,10.611111,6.968153,175554300
1996-04-01,10.666667,10.694445,9.444445,10.527778,6.945535,151975800
1996-05-01,10.472222,11.916667,10.111111,11.361111,7.495311,164260500
1996-06-01,11.305555,12.694445,11.222222,12.000000,7.916813,122949300
1996-07-01,12.027778,12.333333,10.666667,11.194445,7.421699,143290500
1996-08-01,11.222222,12.416667,11.166667,11.805555,7.826856,105199800
1996-09-01,11.555555,13.166667,11.527778,12.638889,8.379341,100999800
1996-10-01,12.750000,13.222222,11.722222,12.194445,8.165965,115790400
1996-11-01,12.166667,12.722222,11.277778,11.583333,7.756733,177473100
1996-12-01,11.722222,11.916667,10.722222,11.138889,7.459118,151104600
1997-01-01,11.166667,11.861111,10.611111,11.000000,7.403822,219352500
1997-02-01,11.055555,12.638889,11.000000,12.138889,8.170381,240154500
1997-03-01,12.027778,13.027778,11.833333,11.888889,8.002110,133444200
1997-04-01,11.722222,12.972222,11.638889,12.888889,8.716648,119518200
1997-05-01,12.888889,14.138889,12.666667,14.027778,9.486864,173334300
1997-06-01,14.000000,15.555555,13.805555,15.333333,10.369801,134911200
1997-07-01,15.333333,16.645834,14.604167,16.604166,11.287648,119939400
1997-08-01,16.625000,16.875000,15.687500,15.729167,10.692815,106325700
1997-09-01,15.812500,18.125000,15.791667,17.375000,11.811665,127059900
1997-10-01,17.520834,18.875000,16.729166,18.583334,12.670995,136966800
1997-11-01,19.166666,19.354166,17.875000,18.687500,12.742027,93867000
1997-12-01,18.937500,20.166666,17.645834,19.625000,13.381254,103974000
1998-01-01,19.666666,20.541666,18.437500,20.166666,13.786012,87627000
1998-02-01,20.500000,22.937500,20.416666,21.291666,14.555055,107246700
1998-03-01,21.208334,23.479166,21.145834,22.541666,15.409564,136070400
1998-04-01,22.479166,24.229166,21.854166,23.229166,15.916569,121498500
1998-05-01,23.541666,26.312500,22.562500,26.187500,17.943607,120076200
1998-06-01,26.500000,28.854166,25.354166,27.687500,18.971405,145564200
1998-07-01,27.750000,32.666668,27.750000,27.916666,19.171293,160953300
1998-08-01,27.708334,30.625000,23.875000,25.416666,17.454454,150086700
1998-09-01,25.666666,29.750000,23.500000,26.333334,18.083967,154875500
1998-10-01,25.333334,29.958334,21.083334,29.041666,19.967442,186681200
1998-11-01,29.250000,34.666668,28.750000,33.166668,22.803553,105595800
1998-12-01,33.083332,41.333332,32.166668,40.791668,28.046082,106602500
1999-01-01,40.250000,40.833332,34.583332,40.333332,27.756067,139142100
1999-02-01,40.250000,41.125000,35.875000,39.791668,27.383308,101235500
1999-03-01,39.083332,44.208332,38.833332,41.500000,28.558929,111417300
1999-04-01,41.666668,45.291668,37.708332,39.833332,27.432667,117391700
1999-05-01,39.875000,41.166668,36.833332,37.708332,25.969212,124822600
1999-06-01,38.000000,43.125000,36.750000,42.958332,29.584810,104368200
1999-07-01,42.541668,46.625000,41.625000,42.541668,29.327169,87116400
1999-08-01,42.083332,44.250000,35.750000,41.000000,28.264374,119803400
1999-09-01,40.833332,46.000000,39.375000,45.750000,31.569542,101501700
1999-10-01,45.583332,52.333332,44.708332,50.500000,34.847267,126242100
1999-11-01,50.416668,55.666668,49.916668,52.791668,36.428627,116575000
1999-12-01,53.125000,69.750000,52.916668,68.750000,47.494015,139004800
2000-01-01,68.625000,69.187500,54.875000,56.625000,39.117798,134837200
2000-02-01,56.937500,62.000000,52.625000,57.500000,39.722248,125200600
2000-03-01,57.812500,69.562500,51.000000,64.500000,44.558022,147000700
2000-04-01,65.500000,70.000000,55.312500,56.500000,39.060440,108585200
2000-05-01,56.500000,57.937500,44.125000,49.000000,33.875435,145181700
2000-06-01,49.000000,54.000000,45.000000,49.937500,34.523556,131944300
2000-07-01,49.687500,58.750000,48.625000,51.750000,35.807732,92784800
2000-08-01,51.937500,60.000000,48.000000,48.062500,33.256233,145390600
2000-09-01,49.000000,56.187500,48.062500,52.937500,36.658749,105695500
2000-10-01,53.937500,56.812500,34.687500,43.000000,29.777107,269631700
2000-11-01,43.000000,44.312500,35.437500,39.187500,27.136988,159686700
2000-12-01,39.250000,47.437500,38.750000,45.687500,31.670868,175587400
2001-01-01,45.687500,52.500000,40.937500,48.200001,33.412548,224446800
2001-02-01,47.520000,48.900002,39.619999,42.500000,29.461283,141499800
2001-03-01,42.400002,45.500000,38.110001,43.099998,29.877197,179137300
2001-04-01,43.099998,48.500000,40.049999,47.099998,32.681591,139696600
2001-05-01,47.009998,53.730000,46.750000,49.290001,34.201172,143446900
2001-06-01,49.000000,51.450001,46.549999,47.240002,32.778717,118961200
2001-07-01,46.990002,50.900002,44.599998,50.369999,34.978157,106056100
2001-08-01,50.369999,50.700001,45.270000,45.950001,31.908781,124733500
2001-09-01,45.820000,48.000000,30.299999,38.369999,26.666819,193174700
2001-10-01,38.119999,43.119999,37.099998,38.230000,26.569527,173826200
2001-11-01,38.230000,47.230000,37.470001,46.650002,32.421337,172422800
2001-12-01,46.660000,52.040001,46.250000,51.009998,35.531475,134069300
2002-01-01,51.009998,51.650002,46.900002,50.090000,34.890640,129964900
2002-02-01,50.000000,52.599998,48.349998,50.000000,34.827946,129384000
2002-03-01,50.279999,50.500000,47.099998,48.610001,33.859741,154230200
2002-04-01,48.150002,50.459999,46.000000,46.369999,32.332882,131218600
2002-05-01,46.439999,49.500000,39.849998,41.689999,29.069618,235069000
2002-06-01,41.150002,42.049999,34.900002,36.730000,25.611101,204571300
2002-07-01,36.750000,38.500000,27.250000,30.879999,21.559008,357101400
2002-08-01,30.750000,34.480000,26.100000,32.930000,22.990215,357006500
2002-09-01,32.630001,34.900002,24.750000,26.100000,18.221823,219699300
2002-10-01,25.950001,31.320000,23.180000,28.879999,20.193357,319117100
2002-11-01,28.809999,29.250000,23.799999,26.400000,18.459305,356145400
2002-12-01,27.480000,27.629999,23.010000,24.020000,16.795170,284287400
2003-01-01,24.209999,24.910000,20.100000,20.900000,14.646816,393066300
2003-02-01,21.000000,23.590000,20.180000,23.450001,16.433861,231128700
2003-03-01,23.490000,25.799999,21.510000,24.360001,17.071606,229009100
2003-04-01,24.610001,28.760000,23.980000,28.129999,19.767736,220136700
2003-05-01,28.100000,32.570000,27.350000,32.490002,22.831629,250999800
2003-06-01,32.750000,34.720001,31.580000,33.119999,23.274349,182886200
2003-07-01,33.119999,34.700001,30.559999,31.200001,21.965601,197934200
2003-08-01,31.250000,34.230000,30.100000,32.160000,22.641468,200772100
2003-09-01,31.930000,34.250000,31.110001,31.850000,22.423218,215459500
2003-10-01,32.119999,37.840000,32.060001,37.070000,26.155163,173351900
2003-11-01,37.430000,37.889999,34.830002,36.759998,25.936440,129531900
2003-12-01,36.880001,36.980000,31.930000,35.490002,25.040382,193037700
2004-01-01,35.750000,36.400002,34.700001,35.470001,25.074001,183718600
2004-02-01,35.470001,37.080002,35.009998,36.310001,25.667805,144953600
2004-03-01,36.580002,37.650002,35.119999,37.360001,26.410051,158885900
2004-04-01,37.299999,37.840000,35.189999,35.189999,24.922930,133451400
2004-05-01,35.250000,36.299999,32.340000,35.919998,25.439951,170501900
2004-06-01,35.770000,36.130001,34.750000,35.200001,24.930016,171113400
2004-07-01,35.209999,35.349998,32.570000,33.720001,23.938604,129195800
2004-08-01,33.720001,36.869999,32.389999,36.560001,25.954779,144180100
2004-09-01,36.549999,39.730000,36.360001,39.200001,27.893879,140363500
2004-10-01,39.590000,41.500000,38.310001,41.080002,29.231646,130066700
2004-11-01,41.020000,44.299999,40.799999,41.750000,29.708403,156743400
2004-12-01,41.950001,43.090000,41.490002,42.740002,30.473066,122581700
2005-01-01,42.990002,43.270000,40.279999,41.259998,29.417843,125399300
2005-02-01,41.200001,42.990002,38.880001,40.020000,28.533752,134241800
2005-03-01,40.049999,40.270000,37.439999,38.240002,27.264631,171584800
2005-04-01,38.400002,38.750000,34.560001,35.369999,25.281744,175448400
2005-05-01,35.669998,40.340000,35.540001,39.349998,28.126570,165217800
2005-06-01,39.200001,40.930000,38.150002,38.900002,27.804918,140214700
2005-07-01,39.180000,43.980000,38.610001,43.509998,31.178097,148971100
2005-08-01,43.209999,43.389999,39.139999,40.320000,28.892221,188347600
2005-09-01,40.700001,42.040001,37.139999,38.139999,27.397682,201857000
2005-10-01,38.150002,41.470001,37.480000,41.040001,29.480873,212047300
2005-11-01,41.000000,43.270000,40.349998,41.779999,30.012449,188661700
2005-12-01,41.840000,42.790001,40.419998,40.480000,29.148584,123216400
2006-01-01,40.389999,43.200001,39.650002,40.549999,29.198988,190368300
2006-02-01,40.450001,43.000000,38.500000,42.150002,30.351112,169723200
2006-03-01,42.150002,43.950001,40.279999,42.299999,30.459126,192419800
2006-04-01,42.380001,42.930000,39.500000,39.930000,28.856096,142636300
2006-05-01,40.150002,41.610001,37.299999,38.119999,27.548071,264997600
2006-06-01,37.950001,38.799999,35.630001,35.790001,25.864258,297879600
2006-07-01,35.860001,35.980000,32.849998,34.709999,25.184620,294513800
2006-08-01,34.500000,35.220001,33.070000,34.290001,24.879887,284655800
2006-09-01,34.299999,37.650002,33.750000,36.270000,26.316517,245905100
2006-10-01,36.180000,38.240002,35.549999,37.330002,27.203419,268215200
2006-11-01,37.500000,38.849998,35.770000,37.970001,27.669809,355710000
2006-12-01,39.099998,40.369999,38.180000,40.160000,29.441952,323271600
2007-01-01,41.299999,41.840000,39.060001,40.740002,29.867161,316367900
2007-02-01,40.770000,42.009998,39.290001,39.590000,29.024067,258092400
2007-03-01,39.169998,39.650002,36.349998,36.740002,26.934692,326396300
2007-04-01,36.669998,39.689999,36.599998,37.869999,27.925596,250809800
2007-05-01,38.150002,39.619999,37.900002,38.869999,28.662998,276299900
2007-06-01,39.099998,41.189999,37.349998,39.349998,29.016964,370787500
2007-07-01,39.549999,41.009998,36.720001,37.169998,27.565245,417546100
2007-08-01,36.939999,38.540001,31.850000,38.310001,28.410679,769305600
2007-09-01,37.209999,37.369999,32.369999,32.439999,24.212023,515270200
2007-10-01,32.580002,34.549999,30.280001,31.510000,23.517912,400517900
2007-11-01,31.400000,31.580000,26.780001,28.559999,21.316145,406371300
2007-12-01,28.620001,29.799999,25.570000,26.940001,20.272963,330175300
2008-01-01,27.129999,31.080000,23.770000,30.639999,23.057291,482772200
2008-02-01,30.299999,30.690001,26.410000,26.549999,19.979477,356434400
2008-03-01,26.500000,30.000000,24.870001,27.969999,21.048058,375945900
2008-04-01,28.200001,30.160000,27.400000,28.799999,21.869471,315442200
2008-05-01,29.090000,30.500000,26.280001,27.360001,20.776003,358885800
2008-06-01,27.410000,28.129999,23.320000,23.420000,17.784138,367890700
2008-07-01,23.110001,25.850000,20.760000,23.830000,18.246626,397904400
2008-08-01,24.030001,28.750000,22.820000,27.120001,20.765789,407771000
2008-09-01,27.650000,30.740000,24.440001,25.889999,19.823973,621080800
2008-10-01,25.520000,26.090000,17.049999,23.590000,18.213982,628648800
2008-11-01,23.480000,23.790001,17.459999,23.110001,17.843367,459693800
2008-12-01,22.549999,25.190001,20.650000,23.020000,17.773876,439676400
2009-01-01,23.070000,25.490000,21.299999,21.530001,16.801676,431144100
2009-02-01,21.209999,23.850000,18.240000,20.889999,16.302235,454586800
2009-03-01,20.350000,24.360001,17.490000,23.559999,18.385851,533962800
2009-04-01,23.150000,27.070000,22.920000,26.320000,20.796385,398336600
2009-05-01,26.580000,26.770000,22.330000,23.160000,18.299562,425707400
2009-06-01,23.590000,25.120001,22.530001,23.629999,18.670919,350279000
2009-07-01,23.799999,26.190001,22.270000,25.940001,20.685644,299152600
2009-08-01,26.180000,27.940001,25.430000,27.290001,21.762192,343157900
2009-09-01,27.010000,28.440001,26.320000,26.639999,21.243849,255075500
2009-10-01,26.650000,28.020000,24.959999,25.090000,20.174150,327855200
2009-11-01,25.139999,27.950001,24.469999,27.360001,21.999388,324108800
2009-12-01,27.490000,29.440001,27.350000,28.930000,23.261784,272428900
2010-01-01,29.150000,29.240000,27.190001,28.010000,22.708778,305927400
2010-02-01,28.010000,31.450001,27.530001,31.200001,25.295048,358199600
2010-03-01,31.240000,32.980000,31.090000,32.349998,26.227392,311755400
2010-04-01,32.410000,37.029999,32.160000,35.230000,28.775021,371036400
2010-05-01,35.389999,36.299999,32.070000,33.860001,27.656048,522063700
2010-06-01,33.419998,34.169998,27.990000,28.070000,22.926910,445088000
2010-07-01,28.410000,29.370001,26.620001,28.510000,23.449903,375351500
2010-08-01,28.820000,29.240000,27.100000,27.820000,22.882372,279092800
2010-09-01,28.080000,32.230000,28.059999,31.680000,26.279079,235029100
2010-10-01,31.809999,32.139999,30.180000,30.900000,25.632069,248397600
2010-11-01,31.000000,32.820000,29.980000,30.209999,25.059698,285015300
2010-12-01,30.600000,35.490002,30.600000,35.060001,29.308468,242106100
2011-01-01,35.200001,38.119999,34.070000,36.770000,30.737946,229405900
2011-02-01,36.939999,39.380001,36.380001,37.470001,31.323112,174726800
2011-03-01,37.139999,37.860001,35.430000,37.060001,30.980366,225764900
2011-04-01,37.119999,38.509998,36.939999,37.150002,31.267612,192754700
2011-05-01,37.439999,37.939999,35.910000,36.279999,30.535376,205928600
2011-06-01,36.119999,36.310001,33.410000,36.220001,30.484875,267621000
2011-07-01,36.290001,37.250000,34.630001,34.930000,29.620121,200066500
2011-08-01,35.070000,35.070000,28.129999,33.380001,28.305738,451102200
2011-09-01,33.529999,35.330002,31.080000,32.869999,28.079802,280603400
2011-10-01,32.799999,37.650002,31.030001,35.799999,30.582804,242007200
2011-11-01,34.740002,39.790001,34.580002,39.220001,33.504402,231967000
2011-12-01,38.860001,42.470001,38.790001,42.040001,36.194855,230611500
2012-01-01,42.410000,45.500000,41.919998,44.389999,38.218098,196659700
2012-02-01,44.689999,48.070000,44.299999,47.570000,40.955959,189647500
2012-03-01,47.529999,50.419998,46.119999,50.310001,43.315002,197964600
2012-04-01,50.099998,52.389999,49.360001,51.790001,44.863762,176244800
2012-05-01,51.930000,52.880001,46.369999,49.340000,42.741425,286227600
2012-06-01,48.849998,53.279999,47.750000,52.990002,46.174126,287347600
2012-07-01,52.959999,54.279999,49.770000,52.180000,45.468307,205145900
2012-08-01,52.310001,57.180000,51.209999,56.750000,49.450493,188405400
2012-09-01,56.790001,60.580002,56.369999,60.369999,52.875443,144599900
2012-10-01,60.770000,63.200001,58.750000,61.380001,53.760071,197653000
2012-11-01,61.950001,65.230003,60.310001,65.070000,56.991970,178244000
2012-12-01,65.000000,65.919998,60.209999,61.849998,54.415730,143325700
2013-01-01,63.570000,68.150002,62.380001,66.919998,58.876328,127826000
2013-02-01,67.620003,69.190002,63.820000,68.500000,60.266407,143475800
2013-03-01,68.379997,71.449997,68.089996,69.779999,61.392570,128165200
2013-04-01,69.510002,74.589996,69.510002,73.349998,64.888260,155248500
2013-05-01,73.180000,81.559998,72.529999,78.660004,69.585716,158696200
2013-06-01,78.650002,79.680000,72.410004,77.470001,68.532990,177557000
2013-07-01,77.629997,81.230003,76.629997,79.029999,70.259506,125062100
2013-08-01,79.519997,80.500000,73.110001,74.489998,66.223366,169108600
2013-09-01,74.830002,78.809998,72.209999,75.849998,67.432426,147410900
2013-10-01,75.879997,78.599998,73.739998,77.889999,69.610489,164100100
2013-11-01,77.980003,82.269997,74.779999,80.669998,72.094986,138731300
2013-12-01,80.449997,82.470001,77.699997,82.339996,73.587471,128287300
2014-01-01,82.110001,82.570000,75.849998,76.849998,69.018463,137041800
2014-02-01,76.639999,83.099998,73.959999,82.029999,73.670609,147322300
2014-03-01,80.730003,83.199997,78.370003,79.129997,71.066132,129832500
2014-04-01,79.239998,81.150002,74.610001,79.510002,71.818138,161862300
2014-05-01,79.510002,80.269997,75.320000,80.230003,72.468498,120703800
2014-06-01,80.250000,81.470001,77.750000,80.959999,73.127876,129672100
2014-07-01,81.320000,82.349998,77.949997,80.849998,73.455574,127291500
2014-08-01,80.559998,93.519997,79.660004,93.500000,84.948616,148205800
2014-09-01,93.040001,93.750000,88.330002,91.739998,83.349609,153432100
2014-10-01,92.139999,99.260002,86.349998,97.519997,89.048584,145336900
2014-11-01,96.809998,99.800003,95.150002,99.400002,90.765274,103033400
2014-12-01,99.489998,106.019997,96.989998,104.970001,95.851418,118058000
2015-01-01,105.160004,107.739998,100.239998,104.419998,95.804581,109803100
2015-02-01,104.779999,117.919998,101.570000,114.750000,105.282272,110356800
2015-03-01,114.860001,117.989998,111.580002,113.610001,104.236351,104068500
2015-04-01,113.879997,116.250000,106.620003,106.980003,98.658432,95587100
2015-05-01,106.980003,116.480003,106.849998,111.419998,102.753052,100151300
2015-06-01,111.970001,113.709999,109.029999,111.129997,102.485619,104807700
2015-07-01,112.449997,118.129997,110.169998,117.029999,108.499931,97800100
2015-08-01,117.620003,123.800003,92.169998,116.459999,107.971458,134871300
2015-09-01,113.989998,119.820000,111.800003,115.489998,107.072174,121936000
2015-10-01,116.230003,125.750000,114.709999,123.639999,115.211815,97068500
2015-11-01,124.239998,135.470001,118.610001,133.880005,124.753799,111416100
2015-12-01,133.520004,134.830002,130.009995,132.250000,123.234909,99684500
2016-01-01,130.110001,131.940002,113.589996,125.760002,117.706032,147003300
2016-02-01,124.919998,127.750000,109.620003,124.120003,116.171051,135746500
2016-03-01,124.779999,134.289993,123.980003,133.429993,124.884827,94094800
2016-04-01,133.100006,137.000000,131.750000,133.889999,126.004440,82895000
2016-05-01,134.369995,137.820007,130.020004,132.119995,124.338684,112324000
2016-06-01,132.119995,132.729996,123.620003,127.690002,120.791870,114043800
2016-07-01,128.289993,138.720001,128.119995,138.240005,130.771942,78385200
2016-08-01,138.059998,139.000000,133.600006,134.119995,126.874489,91252700
2016-09-01,134.479996,135.880005,125.349998,128.679993,122.352631,107663500
2016-10-01,128.199997,130.449997,121.620003,122.010002,116.010612,97281100
2016-11-01,121.690002,132.139999,119.199997,129.399994,123.037224,133494900
2016-12-01,129.339996,137.320007,128.679993,134.080002,128.164032,99351900
2017-01-01,135.100006,139.369995,133.050003,137.580002,131.509598,83133300
2017-02-01,137.660004,146.330002,136.330002,144.910004,138.516190,75915500
2017-03-01,146.720001,150.149994,145.830002,146.830002,140.351471,92996000
2017-04-01,146.940002,156.270004,145.759995,156.100006,150.120529,75693300
2017-05-01,156.220001,160.860001,153.279999,153.509995,147.629745,93676400
2017-06-01,153.520004,159.220001,150.750000,153.399994,148.376495,100483000
2017-07-01,154.389999,154.789993,144.250000,149.600006,144.700943,102500900
2017-08-01,150.240005,156.050003,146.889999,149.869995,144.962097,114177100
2017-09-01,150.259995,163.610001,149.759995,163.559998,159.139328,110280500
2017-10-01,164.199997,167.940002,161.509995,165.779999,161.299332,71346000
2017-11-01,166.419998,180.669998,160.529999,179.820007,174.959854,103227500
2017-12-01,180.320007,191.490005,176.699997,189.529999,185.341629,103713100
2018-01-01,190.210007,207.610001,187.820007,200.899994,196.460358,92066000
2018-02-01,199.339996,202.250000,175.419998,182.270004,178.242081,127014100
2018-03-01,182.750000,184.399994,171.559998,178.240005,174.301132,109321100
2018-04-01,177.149994,187.800003,170.419998,184.800003,181.746765,101369800
2018-05-01,184.729996,191.649994,181.199997,186.550003,183.467834,103095700
2018-06-01,187.210007,201.600006,186.520004,195.100006,192.950851,93644800
2018-07-01,193.820007,204.250000,192.119995,197.520004,195.344193,67987900
2018-08-01,196.860001,203.550003,191.089996,200.770004,198.558395,88478200
2018-09-01,200.690002,215.429993,200.500000,207.149994,205.918228,83962700
