1.042998000000000092e+00 1.065268500000000174e+00 1.072562333333333173e+00 0.000000000000000000e+00
1.180333000000000077e+00 1.111665499999999973e+00 1.103623333333333401e+00 1.000000000000000000e+00
1.363550000000000040e+00 1.271941500000000058e+00 1.195626999999999995e+00 1.000000000000000000e+00
1.393353999999999981e+00 1.378452000000000011e+00 1.312412333333333292e+00 1.000000000000000000e+00
1.806891000000000025e+00 1.600122499999999892e+00 1.521264999999999867e+00 1.000000000000000000e+00
1.721203000000000038e+00 1.764047000000000143e+00 1.640482666666666534e+00 0.000000000000000000e+00
1.531199999999999894e+00 1.626201500000000078e+00 1.686431333333333393e+00 0.000000000000000000e+00
1.519430000000000058e+00 1.525314999999999976e+00 1.590610999999999997e+00 0.000000000000000000e+00
1.368711000000000011e+00 1.444070500000000035e+00 1.473113666666666655e+00 0.000000000000000000e+00
1.323650999999999911e+00 1.346181000000000072e+00 1.403930666666666660e+00 0.000000000000000000e+00
1.610911999999999900e+00 1.467281499999999905e+00 1.434424666666666681e+00 1.000000000000000000e+00
1.747695999999999916e+00 1.679303999999999908e+00 1.560753000000000057e+00 1.000000000000000000e+00
1.956966999999999901e+00 1.852331500000000020e+00 1.771858333333333313e+00 1.000000000000000000e+00
2.205829000000000040e+00 2.081398000000000081e+00 1.970163999999999804e+00 1.000000000000000000e+00
2.443381000000000025e+00 2.324605000000000032e+00 2.202059000000000211e+00 1.000000000000000000e+00
2.608741999999999894e+00 2.526061499999999960e+00 2.419317333333333320e+00 1.000000000000000000e+00
2.988709000000000060e+00 2.798725499999999755e+00 2.680277333333333178e+00 1.000000000000000000e+00
3.070942000000000061e+00 3.029825500000000282e+00 2.889464333333333190e+00 1.000000000000000000e+00
3.300622999999999863e+00 3.185782500000000184e+00 3.120091333333333328e+00 1.000000000000000000e+00
3.676813999999999805e+00 3.488718500000000056e+00 3.349459666666666724e+00 1.000000000000000000e+00
3.728918000000000177e+00 3.702866000000000213e+00 3.568785000000000096e+00 1.000000000000000000e+00
3.899970000000000159e+00 3.814443999999999946e+00 3.768567333333333380e+00 1.000000000000000000e+00
4.122335999999999778e+00 4.011153000000000191e+00 3.917074666666666705e+00 1.000000000000000000e+00
4.620364000000000360e+00 4.371349999999999625e+00 4.214223333333333876e+00 1.000000000000000000e+00
4.226048999999999722e+00 4.423206500000000041e+00 4.322916333333332695e+00 0.000000000000000000e+00
4.388918999999999571e+00 4.307483999999999646e+00 4.411777333333333218e+00 1.000000000000000000e+00
4.440350999999999715e+00 4.414634999999999643e+00 4.351772999999999669e+00 1.000000000000000000e+00
4.286431000000000324e+00 4.363391000000000020e+00 4.371900333333333499e+00 0.000000000000000000e+00
4.853374999999999773e+00 4.569903000000000048e+00 4.526718999999999937e+00 1.000000000000000000e+00
4.635612000000000066e+00 4.744493499999999919e+00 4.591806000000000054e+00 0.000000000000000000e+00
5.195675999999999739e+00 4.915644000000000347e+00 4.894887666666666526e+00 1.000000000000000000e+00
5.518792000000000364e+00 5.357234000000000052e+00 5.116693333333333982e+00 1.000000000000000000e+00
5.740820000000000256e+00 5.629806000000000310e+00 5.485095999999999528e+00 1.000000000000000000e+00
6.000001000000000140e+00 5.870410500000000198e+00 5.753204333333333587e+00 1.000000000000000000e+00
6.323972000000000371e+00 6.161986500000000255e+00 6.021597666666667514e+00 1.000000000000000000e+00
7.013518999999999615e+00 6.668745499999999993e+00 6.445830666666666708e+00 1.000000000000000000e+00
6.766748999999999903e+00 6.890133999999999759e+00 6.701413333333333888e+00 0.000000000000000000e+00
6.610890999999999629e+00 6.688819999999999766e+00 6.797052999999999123e+00 0.000000000000000000e+00
6.571926999999999630e+00 6.591408999999999629e+00 6.649855666666666387e+00 0.000000000000000000e+00
5.865581999999999852e+00 6.218754499999999297e+00 6.349466666666667258e+00 0.000000000000000000e+00
6.420905000000000307e+00 6.143243500000000523e+00 6.286138000000000225e+00 1.000000000000000000e+00
6.073826999999999643e+00 6.247365999999999531e+00 6.120104666666667192e+00 0.000000000000000000e+00
6.145223999999999798e+00 6.109525500000000164e+00 6.213318666666665990e+00 1.000000000000000000e+00
5.953727999999999909e+00 6.049476000000000298e+00 6.057592999999999783e+00 0.000000000000000000e+00
5.379374000000000322e+00 5.666551000000000116e+00 5.826108666666667268e+00 0.000000000000000000e+00
5.536561999999999983e+00 5.457968000000000153e+00 5.623221333333333405e+00 1.000000000000000000e+00
5.798545999999999978e+00 5.667553999999999981e+00 5.571494000000000391e+00 1.000000000000000000e+00
5.537087999999999788e+00 5.667816999999999439e+00 5.624065333333333250e+00 0.000000000000000000e+00
5.467000999999999777e+00 5.502044500000000227e+00 5.600878333333333181e+00 0.000000000000000000e+00
5.834971000000000352e+00 5.650985999999999621e+00 5.613019999999999676e+00 1.000000000000000000e+00
5.712312999999999974e+00 5.773642000000000607e+00 5.671428333333333960e+00 0.000000000000000000e+00
5.907085999999999615e+00 5.809699499999999794e+00 5.818123333333333314e+00 1.000000000000000000e+00
6.346599000000000323e+00 6.126842500000000413e+00 5.988665999999999379e+00 1.000000000000000000e+00
5.924667999999999601e+00 6.135633499999999962e+00 6.059451000000000143e+00 0.000000000000000000e+00
5.771720000000000184e+00 5.848193999999999448e+00 6.014329000000000036e+00 0.000000000000000000e+00
6.389496000000000286e+00 6.080607999999999791e+00 6.028628000000000320e+00 1.000000000000000000e+00
5.930578999999999823e+00 6.160037499999999611e+00 6.030598333333332839e+00 0.000000000000000000e+00
6.451139000000000401e+00 6.190858999999999668e+00 6.257071333333333207e+00 1.000000000000000000e+00
6.557478999999999836e+00 6.504309000000000118e+00 6.313065666666666687e+00 1.000000000000000000e+00
6.522029999999999994e+00 6.539754499999999915e+00 6.510215999999999781e+00 0.000000000000000000e+00
6.654302000000000383e+00 6.588166000000000189e+00 6.577936999999999479e+00 1.000000000000000000e+00
6.387418000000000262e+00 6.520860000000000767e+00 6.521249999999999325e+00 0.000000000000000000e+00
6.322897000000000212e+00 6.355157500000000681e+00 6.454872333333334211e+00 0.000000000000000000e+00
5.965671000000000390e+00 6.144284000000000745e+00 6.225328666666666955e+00 0.000000000000000000e+00
5.947810999999999737e+00 5.956741000000000064e+00 6.078793000000000113e+00 0.000000000000000000e+00
5.822779999999999845e+00 5.885295499999999791e+00 5.912087333333333028e+00 0.000000000000000000e+00
6.321938000000000279e+00 6.072359000000000506e+00 6.030842999999999954e+00 1.000000000000000000e+00
5.747219000000000300e+00 6.034578500000000290e+00 5.963979000000001029e+00 0.000000000000000000e+00
5.729255000000000209e+00 5.738236999999999810e+00 5.932803999999999967e+00 0.000000000000000000e+00
5.381154999999999688e+00 5.555204999999999949e+00 5.619209666666666436e+00 0.000000000000000000e+00
6.410434999999999661e+00 5.895794999999999675e+00 5.840281666666666816e+00 1.000000000000000000e+00
6.897987999999999786e+00 6.654211499999999724e+00 6.229859333333332749e+00 1.000000000000000000e+00
6.712776999999999994e+00 6.805382500000000334e+00 6.673733333333333739e+00 0.000000000000000000e+00
6.311471000000000053e+00 6.512124000000000024e+00 6.640745333333334166e+00 0.000000000000000000e+00
6.968153000000000041e+00 6.639812000000000047e+00 6.664133666666667288e+00 1.000000000000000000e+00
6.945534999999999570e+00 6.956844000000000250e+00 6.741719666666665667e+00 0.000000000000000000e+00
7.495311000000000057e+00 7.220423000000000258e+00 7.136333000000000482e+00 1.000000000000000000e+00
7.916813000000000322e+00 7.706062000000000189e+00 7.452553000000000871e+00 1.000000000000000000e+00
7.421699000000000268e+00 7.669256000000000739e+00 7.611274333333334141e+00 0.000000000000000000e+00
7.826856000000000257e+00 7.624277499999999819e+00 7.721789333333333616e+00 1.000000000000000000e+00
8.379341000000000150e+00 8.103098499999999760e+00 7.875965333333333263e+00 1.000000000000000000e+00
8.165964999999999918e+00 8.272653000000000034e+00 8.124053999999999220e+00 0.000000000000000000e+00
7.756732999999999656e+00 7.961349000000000231e+00 8.100679666666666279e+00 0.000000000000000000e+00
7.459118000000000137e+00 7.607925500000000341e+00 7.793938666666666570e+00 0.000000000000000000e+00
7.403821999999999903e+00 7.431470000000000020e+00 7.539890999999999899e+00 0.000000000000000000e+00
8.170381000000000782e+00 7.787101500000000343e+00 7.677773666666666941e+00 1.000000000000000000e+00
8.002110000000000056e+00 8.086245500000000419e+00 7.858770999999999951e+00 0.000000000000000000e+00
8.716647999999999286e+00 8.359379000000000559e+00 8.296379666666666708e+00 1.000000000000000000e+00
9.486864000000000630e+00 9.101755999999999958e+00 8.735207333333333324e+00 1.000000000000000000e+00
1.036980100000000071e+01 9.928332499999999783e+00 9.524437666666665692e+00 1.000000000000000000e+00
1.128764800000000079e+01 1.082872449999999986e+01 1.038143766666666679e+01 1.000000000000000000e+00
1.069281499999999951e+01 1.099023150000000015e+01 1.078342133333333130e+01 0.000000000000000000e+00
1.181166499999999964e+01 1.125224000000000046e+01 1.126404266666666665e+01 1.000000000000000000e+00
1.267099499999999956e+01 1.224132999999999960e+01 1.172515833333333291e+01 1.000000000000000000e+00
1.274202700000000021e+01 1.270651099999999900e+01 1.240822900000000040e+01 1.000000000000000000e+00
1.338125400000000020e+01 1.306164049999999932e+01 1.293142533333333155e+01 1.000000000000000000e+00
1.378601199999999949e+01 1.358363299999999896e+01 1.330309766666666604e+01 1.000000000000000000e+00
1.455505499999999941e+01 1.417053349999999945e+01 1.390744033333333185e+01 1.000000000000000000e+00
1.540956399999999960e+01 1.498230949999999950e+01 1.458354366666666557e+01 1.000000000000000000e+00
1.591656900000000086e+01 1.566306649999999934e+01 1.529372933333333329e+01 1.000000000000000000e+00
1.794360700000000008e+01 1.693008800000000136e+01 1.642324666666666744e+01 1.000000000000000000e+00
1.897140500000000074e+01 1.845750600000000219e+01 1.761052700000000115e+01 1.000000000000000000e+00
1.917129299999999859e+01 1.907134899999999789e+01 1.869543499999999980e+01 1.000000000000000000e+00
1.745445399999999836e+01 1.831287349999999847e+01 1.853238399999999686e+01 0.000000000000000000e+00
1.808396700000000124e+01 1.776921049999999980e+01 1.823657133333333391e+01 1.000000000000000000e+00
1.996744199999999836e+01 1.902570449999999980e+01 1.850195433333333384e+01 1.000000000000000000e+00
2.280355300000000085e+01 2.138549749999999960e+01 2.028498733333333348e+01 1.000000000000000000e+00
2.804608199999999840e+01 2.542481749999999963e+01 2.360569233333333372e+01 1.000000000000000000e+00
2.775606700000000160e+01 2.790107450000000000e+01 2.620190066666667050e+01 0.000000000000000000e+00
2.738330799999999954e+01 2.756968750000000057e+01 2.772848566666666770e+01 0.000000000000000000e+00
2.855892899999999912e+01 2.797111849999999933e+01 2.789943466666666794e+01 1.000000000000000000e+00
2.743266699999999858e+01 2.799579800000000063e+01 2.779163466666666693e+01 0.000000000000000000e+00
2.596921199999999885e+01 2.670093949999999694e+01 2.732026933333333218e+01 0.000000000000000000e+00
2.958481000000000094e+01 2.777701100000000167e+01 2.766222966666666494e+01 1.000000000000000000e+00
2.932716900000000138e+01 2.945598950000000116e+01 2.829373033333333254e+01 0.000000000000000000e+00
2.826437400000000011e+01 2.879577150000000074e+01 2.905878433333333533e+01 0.000000000000000000e+00
3.156954199999999844e+01 2.991695800000000105e+01 2.972036166666666546e+01 1.000000000000000000e+00
3.484726700000000221e+01 3.320840450000000033e+01 3.156039433333333477e+01 1.000000000000000000e+00
3.642862699999999876e+01 3.563794699999999693e+01 3.428181200000000217e+01 1.000000000000000000e+00
4.749401499999999743e+01 4.196132099999999809e+01 3.958996966666666140e+01 1.000000000000000000e+00
3.911779800000000051e+01 4.330590649999999897e+01 4.101347999999999416e+01 0.000000000000000000e+00
3.972224800000000045e+01 3.942002300000000048e+01 4.211135366666666613e+01 1.000000000000000000e+00
4.455802200000000113e+01 4.214013500000000079e+01 4.113268933333333166e+01 1.000000000000000000e+00
3.906043999999999983e+01 4.180923099999999692e+01 4.111357000000000284e+01 0.000000000000000000e+00
3.387543500000000307e+01 3.646793750000000500e+01 3.916463233333333704e+01 0.000000000000000000e+00
3.452355599999999924e+01 3.419949549999999761e+01 3.581981033333333642e+01 1.000000000000000000e+00
3.580773200000000145e+01 3.516564400000000035e+01 3.473557433333333222e+01 1.000000000000000000e+00
3.325623300000000171e+01 3.453198249999999803e+01 3.452917366666667220e+01 0.000000000000000000e+00
3.665874900000000025e+01 3.495749100000000453e+01 3.524090466666666543e+01 1.000000000000000000e+00
2.977710700000000088e+01 3.321792800000000057e+01 3.323069633333333428e+01 0.000000000000000000e+00
2.713698799999999878e+01 2.845704750000000161e+01 3.119094800000000234e+01 0.000000000000000000e+00
3.167086799999999869e+01 2.940392800000000051e+01 2.952832100000000182e+01 1.000000000000000000e+00
3.341254800000000103e+01 3.254170799999999986e+01 3.074013466666666616e+01 1.000000000000000000e+00
2.946128300000000166e+01 3.143691550000000134e+01 3.151489966666666831e+01 0.000000000000000000e+00
2.987719699999999889e+01 2.966924000000000206e+01 3.091700933333333623e+01 1.000000000000000000e+00
3.268159099999999739e+01 3.127939399999999637e+01 3.067335699999999932e+01 1.000000000000000000e+00
3.420117199999999968e+01 3.344138149999999854e+01 3.225331999999999510e+01 1.000000000000000000e+00
3.277871700000000033e+01 3.348994450000000001e+01 3.322049333333333010e+01 0.000000000000000000e+00
3.497815700000000305e+01 3.387843700000000524e+01 3.398601533333333435e+01 1.000000000000000000e+00
3.190878100000000117e+01 3.344346900000000034e+01 3.322188500000000744e+01 0.000000000000000000e+00
2.666681900000000027e+01 2.928780000000000072e+01 3.118458566666666698e+01 0.000000000000000000e+00
2.656952700000000078e+01 2.661817299999999875e+01 2.838170900000000074e+01 0.000000000000000000e+00
3.242133700000000118e+01 2.949543200000000098e+01 2.855256099999999719e+01 1.000000000000000000e+00
3.553147500000000036e+01 3.397640599999999722e+01 3.150744633333333411e+01 1.000000000000000000e+00
3.489063999999999766e+01 3.521105749999999546e+01 3.428115066666666166e+01 0.000000000000000000e+00
3.482794599999999718e+01 3.485929299999999387e+01 3.508335366666666033e+01 0.000000000000000000e+00
3.385974099999999964e+01 3.434384349999999841e+01 3.452610899999999816e+01 0.000000000000000000e+00
3.233288199999999790e+01 3.309631149999999877e+01 3.367352299999999587e+01 0.000000000000000000e+00
2.906961799999999840e+01 3.070124999999999815e+01 3.175408033333333080e+01 0.000000000000000000e+00
2.561110100000000145e+01 2.734035949999999815e+01 2.900453366666666355e+01 0.000000000000000000e+00
2.155900799999999862e+01 2.358505449999999826e+01 2.541324233333332927e+01 0.000000000000000000e+00
2.299021499999999918e+01 2.227461149999999890e+01 2.338677466666666760e+01 1.000000000000000000e+00
1.822182300000000055e+01 2.060601899999999986e+01 2.092368199999999945e+01 0.000000000000000000e+00
2.019335699999999889e+01 1.920758999999999972e+01 2.046846499999999835e+01 1.000000000000000000e+00
1.845930500000000052e+01 1.932633099999999970e+01 1.895816166666666547e+01 0.000000000000000000e+00
1.679516999999999882e+01 1.762723749999999967e+01 1.848261066666666608e+01 0.000000000000000000e+00
1.464681599999999939e+01 1.572099299999999999e+01 1.663376366666666684e+01 0.000000000000000000e+00
1.643386100000000027e+01 1.554033850000000072e+01 1.595861566666666675e+01 1.000000000000000000e+00
1.707160599999999917e+01 1.675273349999999795e+01 1.605076099999999784e+01 1.000000000000000000e+00
1.976773599999999931e+01 1.841967100000000102e+01 1.775773433333333173e+01 1.000000000000000000e+00
2.283162899999999951e+01 2.129968249999999941e+01 1.989032366666666718e+01 1.000000000000000000e+00
2.327434900000000084e+01 2.305298900000000017e+01 2.195790466666666774e+01 1.000000000000000000e+00
2.196560099999999949e+01 2.261997500000000016e+01 2.269052633333333446e+01 0.000000000000000000e+00
2.264146799999999971e+01 2.230353449999999782e+01 2.262713933333333216e+01 1.000000000000000000e+00
2.242321799999999854e+01 2.253234299999999735e+01 2.234342899999999688e+01 0.000000000000000000e+00
2.615516300000000172e+01 2.428919050000000013e+01 2.373994966666666429e+01 1.000000000000000000e+00
2.593644000000000105e+01 2.604580150000000316e+01 2.483827366666666592e+01 0.000000000000000000e+00
2.504038200000000103e+01 2.548841099999999926e+01 2.571066166666667030e+01 0.000000000000000000e+00
2.507400099999999910e+01 2.505719150000000184e+01 2.535027433333333136e+01 0.000000000000000000e+00
2.566780500000000131e+01 2.537090299999999843e+01 2.526072933333333381e+01 1.000000000000000000e+00
2.641005099999999928e+01 2.603892799999999852e+01 2.571728566666666538e+01 1.000000000000000000e+00
2.492293000000000092e+01 2.566649050000000187e+01 2.566692866666666717e+01 0.000000000000000000e+00
2.543995100000000065e+01 2.518144050000000078e+01 2.559097733333333125e+01 1.000000000000000000e+00
2.493001599999999840e+01 2.518498350000000130e+01 2.509763233333333332e+01 0.000000000000000000e+00
2.393860400000000155e+01 2.443430999999999997e+01 2.476952366666666805e+01 0.000000000000000000e+00
2.595477899999999849e+01 2.494669150000000002e+01 2.494113299999999711e+01 1.000000000000000000e+00
2.789387899999999831e+01 2.692432900000000018e+01 2.592908733333333160e+01 1.000000000000000000e+00
2.923164600000000135e+01 2.856276249999999806e+01 2.769343466666666487e+01 1.000000000000000000e+00
2.970840300000000056e+01 2.947002450000000096e+01 2.894464266666666674e+01 1.000000000000000000e+00
3.047306599999999932e+01 3.009073449999999994e+01 2.980437166666666826e+01 1.000000000000000000e+00
2.941784300000000130e+01 2.994545450000000031e+01 2.986643733333333373e+01 0.000000000000000000e+00
2.853375199999999978e+01 2.897579749999999876e+01 2.947488699999999895e+01 0.000000000000000000e+00
2.726463100000000139e+01 2.789919150000000059e+01 2.840540866666666986e+01 0.000000000000000000e+00
2.528174399999999977e+01 2.627318749999999881e+01 2.702670900000000032e+01 0.000000000000000000e+00
2.812657000000000096e+01 2.670415700000000214e+01 2.689098166666666501e+01 1.000000000000000000e+00
2.780491800000000069e+01 2.796574400000000082e+01 2.707107733333333499e+01 0.000000000000000000e+00
3.117809700000000106e+01 2.949150750000000087e+01 2.903652833333333660e+01 1.000000000000000000e+00
2.889222099999999926e+01 3.003515900000000016e+01 2.929174533333333486e+01 0.000000000000000000e+00
2.739768199999999965e+01 2.814495149999999768e+01 2.915600000000000236e+01 0.000000000000000000e+00
2.948087299999999900e+01 2.843927749999999932e+01 2.859025866666666715e+01 1.000000000000000000e+00
3.001244900000000015e+01 2.974666099999999958e+01 2.896366799999999841e+01 1.000000000000000000e+00
2.914858399999999961e+01 2.958051650000000166e+01 2.954730200000000195e+01 0.000000000000000000e+00
2.919898799999999994e+01 2.917378599999999977e+01 2.945334033333333323e+01 0.000000000000000000e+00
3.035111200000000053e+01 2.977505000000000024e+01 2.956622799999999884e+01 1.000000000000000000e+00
3.045912600000000126e+01 3.040511899999999912e+01 3.000307533333333154e+01 0.000000000000000000e+00
2.885609600000000086e+01 2.965761100000000283e+01 2.988877800000000207e+01 0.000000000000000000e+00
2.754807100000000020e+01 2.820208350000000053e+01 2.895443099999999959e+01 0.000000000000000000e+00
2.586425799999999953e+01 2.670616449999999986e+01 2.742280833333333590e+01 0.000000000000000000e+00
2.518461999999999890e+01 2.552443900000000099e+01 2.619898299999999836e+01 0.000000000000000000e+00
2.487988700000000009e+01 2.503225349999999949e+01 2.530958833333333402e+01 0.000000000000000000e+00
2.631651700000000105e+01 2.559820200000000057e+01 2.546034133333333216e+01 1.000000000000000000e+00
2.720341900000000024e+01 2.675996800000000064e+01 2.613327433333333261e+01 1.000000000000000000e+00
2.766980900000000076e+01 2.743661399999999873e+01 2.706324833333333402e+01 1.000000000000000000e+00
2.944195200000000057e+01 2.855588050000000067e+01 2.810505999999999815e+01 1.000000000000000000e+00
2.986716099999999940e+01 2.965455649999999821e+01 2.899297400000000025e+01 1.000000000000000000e+00
2.902406699999999873e+01 2.944561399999999907e+01 2.944439333333333408e+01 0.000000000000000000e+00
2.693469199999999830e+01 2.797937950000000029e+01 2.860863999999999763e+01 0.000000000000000000e+00
2.792559599999999875e+01 2.743014399999999853e+01 2.796145166666666526e+01 1.000000000000000000e+00
2.866299800000000175e+01 2.829429700000000025e+01 2.784109533333333175e+01 1.000000000000000000e+00
2.901696400000000153e+01 2.883998100000000164e+01 2.853518599999999950e+01 1.000000000000000000e+00
2.756524500000000089e+01 2.829110450000000299e+01 2.841506900000000257e+01 0.000000000000000000e+00
2.841067899999999824e+01 2.798796199999999956e+01 2.833096266666666807e+01 1.000000000000000000e+00
2.421202299999999852e+01 2.631135099999999838e+01 2.672931566666666470e+01 0.000000000000000000e+00
2.351791199999999904e+01 2.386496749999999878e+01 2.538020466666666763e+01 0.000000000000000000e+00
2.131614499999999879e+01 2.241702850000000069e+01 2.301535999999999760e+01 0.000000000000000000e+00
2.027296300000000073e+01 2.079455399999999798e+01 2.170234000000000307e+01 0.000000000000000000e+00
2.305729099999999931e+01 2.166512699999999825e+01 2.154879966666666746e+01 1.000000000000000000e+00
1.997947699999999926e+01 2.151838399999999751e+01 2.110324366666666762e+01 0.000000000000000000e+00
2.104805800000000104e+01 2.051376750000000015e+01 2.136160866666666536e+01 1.000000000000000000e+00
2.186947100000000077e+01 2.145876450000000091e+01 2.096566866666666940e+01 1.000000000000000000e+00
2.077600299999999933e+01 2.132273700000000005e+01 2.123117733333333490e+01 0.000000000000000000e+00
1.778413799999999867e+01 1.928007050000000078e+01 2.014320400000000078e+01 0.000000000000000000e+00
1.824662599999999912e+01 1.801538199999999890e+01 1.893558900000000023e+01 1.000000000000000000e+00
2.076578900000000161e+01 1.950620750000000214e+01 1.893218433333333550e+01 1.000000000000000000e+00
1.982397299999999873e+01 2.029488100000000017e+01 1.961212933333333197e+01 0.000000000000000000e+00
1.821398200000000145e+01 1.901897749999999832e+01 1.960124800000000178e+01 0.000000000000000000e+00
1.784336700000000064e+01 1.802867450000000105e+01 1.862710733333333124e+01 0.000000000000000000e+00
1.777387600000000134e+01 1.780862150000000099e+01 1.794374166666666781e+01 0.000000000000000000e+00
1.680167600000000050e+01 1.728777600000000092e+01 1.747297299999999964e+01 0.000000000000000000e+00
1.630223499999999959e+01 1.655195549999999827e+01 1.695926233333333144e+01 0.000000000000000000e+00
1.838585099999999883e+01 1.734404299999999921e+01 1.716325399999999846e+01 1.000000000000000000e+00
2.079638500000000079e+01 1.959111800000000159e+01 1.849482366666666522e+01 1.000000000000000000e+00
1.829956200000000166e+01 1.954797350000000122e+01 1.916059933333333376e+01 0.000000000000000000e+00
1.867091900000000138e+01 1.848524050000000329e+01 1.925562200000000246e+01 1.000000000000000000e+00
2.068564399999999992e+01 1.967828150000000065e+01 1.921870833333333550e+01 1.000000000000000000e+00
2.176219199999999887e+01 2.122391799999999762e+01 2.037291833333333457e+01 1.000000000000000000e+00
2.124384900000000087e+01 2.150302049999999809e+01 2.123056166666666300e+01 0.000000000000000000e+00
2.017415000000000092e+01 2.070899950000000089e+01 2.106006366666666452e+01 0.000000000000000000e+00
2.199938799999999972e+01 2.108676900000000032e+01 2.113912900000000050e+01 1.000000000000000000e+00
2.326178399999999868e+01 2.263058600000000098e+01 2.181177399999999977e+01 1.000000000000000000e+00
2.270877799999999880e+01 2.298528100000000052e+01 2.265664999999999907e+01 0.000000000000000000e+00
2.529504800000000131e+01 2.400191300000000183e+01 2.375520333333333767e+01 1.000000000000000000e+00
2.622739199999999826e+01 2.576122000000000156e+01 2.474373933333333397e+01 1.000000000000000000e+00
2.877502099999999885e+01 2.750120649999999856e+01 2.676582033333333399e+01 1.000000000000000000e+00
2.765604799999999841e+01 2.821553449999999685e+01 2.755282033333332947e+01 0.000000000000000000e+00
2.292690999999999946e+01 2.529147899999999893e+01 2.645265966666666557e+01 0.000000000000000000e+00
2.344990299999999905e+01 2.318840649999999926e+01 2.467762033333333349e+01 1.000000000000000000e+00
2.288237200000000016e+01 2.316613749999999783e+01 2.308639499999999956e+01 0.000000000000000000e+00
2.627907899999999941e+01 2.458072549999999978e+01 2.420378466666666384e+01 1.000000000000000000e+00
2.563206900000000132e+01 2.595557399999999859e+01 2.493117333333333363e+01 0.000000000000000000e+00
2.505969800000000092e+01 2.534588349999999934e+01 2.565694866666666485e+01 0.000000000000000000e+00
2.930846800000000130e+01 2.718408300000000111e+01 2.666674500000000236e+01 1.000000000000000000e+00
3.073794600000000088e+01 3.002320699999999931e+01 2.836870399999999748e+01 1.000000000000000000e+00
3.132311199999999829e+01 3.103052900000000136e+01 3.045650866666666445e+01 1.000000000000000000e+00
3.098036600000000007e+01 3.115173899999999918e+01 3.101380800000000093e+01 0.000000000000000000e+00
3.126761199999999974e+01 3.112398900000000168e+01 3.119036333333333388e+01 1.000000000000000000e+00
3.053537599999999941e+01 3.090149399999999957e+01 3.092778466666666759e+01 0.000000000000000000e+00
3.048487499999999883e+01 3.051012550000000090e+01 3.076262099999999933e+01 0.000000000000000000e+00
2.962012100000000103e+01 3.005249799999999993e+01 3.021345733333333428e+01 0.000000000000000000e+00
2.830573800000000162e+01 2.896292950000000133e+01 2.947024466666666953e+01 0.000000000000000000e+00
2.807980200000000082e+01 2.819277000000000299e+01 2.866855366666666782e+01 0.000000000000000000e+00
3.058280399999999943e+01 2.933130299999999835e+01 2.898944799999999944e+01 1.000000000000000000e+00
3.350440199999999891e+01 3.204360299999999739e+01 3.072233599999999853e+01 1.000000000000000000e+00
3.619485499999999689e+01 3.484962849999999435e+01 3.342735366666666863e+01 1.000000000000000000e+00
3.821809799999999768e+01 3.720647649999999373e+01 3.597245166666666449e+01 1.000000000000000000e+00
4.095595900000000000e+01 3.958702850000000240e+01 3.845630399999999582e+01 1.000000000000000000e+00
4.331500199999999978e+01 4.213548049999999989e+01 4.082968633333333486e+01 1.000000000000000000e+00
4.486376200000000125e+01 4.408938200000000052e+01 4.304490766666666701e+01 1.000000000000000000e+00
4.274142499999999956e+01 4.380259350000000040e+01 4.364006299999999783e+01 0.000000000000000000e+00
4.617412600000000111e+01 4.445777549999999678e+01 4.459310433333333634e+01 1.000000000000000000e+00
4.546830700000000292e+01 4.582121650000000557e+01 4.479461933333333690e+01 0.000000000000000000e+00
4.945049300000000159e+01 4.745940000000000225e+01 4.703097533333333757e+01 1.000000000000000000e+00
5.287544299999999708e+01 5.116296799999999934e+01 4.926474766666666483e+01 1.000000000000000000e+00
5.376007100000000349e+01 5.331775700000000029e+01 5.202866900000000072e+01 1.000000000000000000e+00
5.699197000000000202e+01 5.537602050000000276e+01 5.454249466666666990e+01 1.000000000000000000e+00
5.441573000000000349e+01 5.570385000000000275e+01 5.505592366666667203e+01 0.000000000000000000e+00
5.887632800000000088e+01 5.664602899999999863e+01 5.676134266666667116e+01 1.000000000000000000e+00
6.026640700000000095e+01 5.957136750000000092e+01 5.785282166666667081e+01 1.000000000000000000e+00
6.139256999999999920e+01 6.082948849999999652e+01 6.017843500000000034e+01 1.000000000000000000e+00
6.488826000000000249e+01 6.314041500000000440e+01 6.218241233333333184e+01 1.000000000000000000e+00
6.958571600000000501e+01 6.723698799999999665e+01 6.528884866666668074e+01 1.000000000000000000e+00
6.853298999999999808e+01 6.905935300000000154e+01 6.766898866666666379e+01 0.000000000000000000e+00
7.025950600000000179e+01 6.939624799999999993e+01 6.945940400000000636e+01 1.000000000000000000e+00
6.622336599999999862e+01 6.824143599999999310e+01 6.833862066666667090e+01 0.000000000000000000e+00
6.743242600000000664e+01 6.682789600000000974e+01 6.797176600000000235e+01 1.000000000000000000e+00
6.961048900000000117e+01 6.852145749999999680e+01 6.775542700000001162e+01 1.000000000000000000e+00
7.209498600000000579e+01 7.085273750000000348e+01 6.971263366666666172e+01 1.000000000000000000e+00
7.358747099999999364e+01 7.284122849999999971e+01 7.176431533333332879e+01 1.000000000000000000e+00
6.901846299999999701e+01 7.130296699999999532e+01 7.156697333333333688e+01 0.000000000000000000e+00
7.367060899999999890e+01 7.134453600000000506e+01 7.209218099999999652e+01 1.000000000000000000e+00
7.106613199999999608e+01 7.236837049999999749e+01 7.125173466666666400e+01 0.000000000000000000e+00
7.181813800000000469e+01 7.144213500000000749e+01 7.218495966666667130e+01 1.000000000000000000e+00
7.246849799999999675e+01 7.214331799999999362e+01 7.178425600000001339e+01 1.000000000000000000e+00
7.312787600000000054e+01 7.279818699999999865e+01 7.247150399999999593e+01 1.000000000000000000e+00
7.345557399999999859e+01 7.329172499999999957e+01 7.301731599999999389e+01 0.000000000000000000e+00
8.494861600000000124e+01 7.920209499999999991e+01 7.717735533333332398e+01 1.000000000000000000e+00
8.334960900000000095e+01 8.414911250000000109e+01 8.058459966666667640e+01 0.000000000000000000e+00
8.904858400000000529e+01 8.619909649999999601e+01 8.578226966666666442e+01 1.000000000000000000e+00
9.076527400000000512e+01 8.990692900000000520e+01 8.772115566666666098e+01 1.000000000000000000e+00
9.585141799999999535e+01 9.330834600000000023e+01 9.188842533333333051e+01 1.000000000000000000e+00
9.580458099999999888e+01 9.582799950000000422e+01 9.414042433333332838e+01 0.000000000000000000e+00
1.052822720000000061e+02 1.005434265000000096e+02 9.897942366666666203e+01 1.000000000000000000e+00
1.042363509999999991e+02 1.047593114999999955e+02 1.017744013333333442e+02 0.000000000000000000e+00
9.865843200000000479e+01 1.014473915000000090e+02 1.027256849999999986e+02 0.000000000000000000e+00
1.027530519999999967e+02 1.007057420000000008e+02 1.018826116666666621e+02 1.000000000000000000e+00
1.024856189999999998e+02 1.026193355000000054e+02 1.012990343333333385e+02 0.000000000000000000e+00
1.084999310000000037e+02 1.054927749999999946e+02 1.045795340000000095e+02 1.000000000000000000e+00
1.079714579999999984e+02 1.082356944999999939e+02 1.063190026666666625e+02 0.000000000000000000e+00
1.070721740000000040e+02 1.075218160000000012e+02 1.078478543333333306e+02 0.000000000000000000e+00
1.152118150000000014e+02 1.111419945000000098e+02 1.100851490000000013e+02 1.000000000000000000e+00
1.247537990000000008e+02 1.199828070000000082e+02 1.156792626666666735e+02 1.000000000000000000e+00
1.232349090000000018e+02 1.239943540000000013e+02 1.210668410000000108e+02 0.000000000000000000e+00
1.177060319999999933e+02 1.204704705000000047e+02 1.218982466666666795e+02 0.000000000000000000e+00
1.161710510000000056e+02 1.169385414999999995e+02 1.190373306666666622e+02 0.000000000000000000e+00
1.248848270000000014e+02 1.205279390000000035e+02 1.195873033333333382e+02 1.000000000000000000e+00
1.260044400000000024e+02 1.254446335000000090e+02 1.223534393333333270e+02 1.000000000000000000e+00
1.243386840000000007e+02 1.251715619999999944e+02 1.250759836666666729e+02 0.000000000000000000e+00
1.207918700000000030e+02 1.225652770000000089e+02 1.237116646666666639e+02 0.000000000000000000e+00
1.307719419999999957e+02 1.257819059999999922e+02 1.253008320000000140e+02 1.000000000000000000e+00
1.268744889999999970e+02 1.288232155000000034e+02 1.261461003333333224e+02 0.000000000000000000e+00
1.223526310000000024e+02 1.246135600000000068e+02 1.266663539999999983e+02 0.000000000000000000e+00
1.160106119999999947e+02 1.191816215000000057e+02 1.217459106666666599e+02 0.000000000000000000e+00
1.230372239999999948e+02 1.195239179999999948e+02 1.204668223333333259e+02 1.000000000000000000e+00
1.281640319999999917e+02 1.256006280000000004e+02 1.224039559999999938e+02 1.000000000000000000e+00
1.315095980000000111e+02 1.298368150000000014e+02 1.275702846666666801e+02 1.000000000000000000e+00
1.385161899999999946e+02 1.350128940000000171e+02 1.327299399999999991e+02 1.000000000000000000e+00
1.403514710000000036e+02 1.394338304999999991e+02 1.367924196666666887e+02 1.000000000000000000e+00
1.501205290000000048e+02 1.452359999999999900e+02 1.429960633333333533e+02 1.000000000000000000e+00
1.476297450000000140e+02 1.488751369999999952e+02 1.460339150000000075e+02 0.000000000000000000e+00
1.483764950000000056e+02 1.480031200000000240e+02 1.487089229999999986e+02 1.000000000000000000e+00
1.447009429999999952e+02 1.465387190000000146e+02 1.469023943333333477e+02 0.000000000000000000e+00
1.449620970000000000e+02 1.448315200000000118e+02 1.460131783333333431e+02 0.000000000000000000e+00
1.591393280000000061e+02 1.520507125000000030e+02 1.496007893333333243e+02 1.000000000000000000e+00
1.612993319999999926e+02 1.602193300000000136e+02 1.551335856666666757e+02 1.000000000000000000e+00
1.749598540000000071e+02 1.681295929999999998e+02 1.651328380000000209e+02 1.000000000000000000e+00
1.853416290000000117e+02 1.801507415000000094e+02 1.738669383333333371e+02 1.000000000000000000e+00
1.964603580000000136e+02 1.909009935000000269e+02 1.855872803333333252e+02 1.000000000000000000e+00
1.782420810000000131e+02 1.873512195000000133e+02 1.866813560000000223e+02 0.000000000000000000e+00
1.743011319999999955e+02 1.762716065000000185e+02 1.830011903333333123e+02 0.000000000000000000e+00
1.817467650000000106e+02 1.780239485000000172e+02 1.780966593333333492e+02 1.000000000000000000e+00
1.834678340000000105e+02 1.826072995000000105e+02 1.798385770000000150e+02 1.000000000000000000e+00
1.929508510000000001e+02 1.882093424999999911e+02 1.860551499999999976e+02 1.000000000000000000e+00
1.953441929999999900e+02 1.941475219999999808e+02 1.905876260000000002e+02 1.000000000000000000e+00
1.985583949999999902e+02 1.969512939999999901e+02 1.956178129999999840e+02 1.000000000000000000e+00
