1989-11-01,6.500000,6.562500,6.125000,6.406250,3.184962,1734000
1989-12-01,6.406250,6.531250,6.250000,6.281250,3.122818,1609600
1990-01-01,6.343750,6.500000,6.156250,6.312500,3.138355,3239600
1990-02-01,6.312500,6.312500,5.218750,5.593750,2.781018,1378800
1990-03-01,5.562500,5.718750,5.093750,5.531250,2.749945,2341600
1990-04-01,5.343750,6.031250,5.312500,5.562500,2.814509,2892400
1990-05-01,5.531250,6.000000,5.531250,5.906250,2.988438,1859600
1990-06-01,5.968750,5.968750,5.500000,5.812500,2.941004,1725600
1990-07-01,5.843750,6.000000,5.500000,5.718750,2.893569,1056800
1990-08-01,5.656250,5.656250,4.812500,5.500000,2.782887,1368800
1990-09-01,5.406250,5.531250,4.625000,4.718750,2.387589,1148400
1990-10-01,4.625000,5.812500,4.625000,5.312500,2.741458,1754800
1990-11-01,5.250000,5.437500,5.000000,5.125000,2.644701,1116800
1990-12-01,4.968750,5.156250,4.687500,4.843750,2.499565,1219200
1991-01-01,4.812500,4.875000,4.343750,4.375000,2.257671,2606400
1991-02-01,4.406250,5.687500,4.375000,5.312500,2.741458,4116800
1991-03-01,5.250000,5.687500,5.218750,5.281250,2.725332,1661600
1991-04-01,5.218750,5.562500,4.937500,5.125000,2.692680,1178800
1991-05-01,5.156250,5.156250,4.656250,4.937500,2.594166,3689600
1991-06-01,5.093750,5.437500,5.000000,5.375000,2.824028,3039200
1991-07-01,5.437500,5.718750,5.218750,5.500000,2.889705,1844400
1991-08-01,5.468750,5.500000,4.625000,5.500000,2.889705,1544400
1991-09-01,5.343750,6.000000,5.343750,5.968750,3.135986,1706400
1991-10-01,5.968750,6.187500,5.687500,5.750000,3.080981,2621200
1991-11-01,5.843750,6.000000,5.500000,5.562500,2.980514,1251200
1991-12-01,5.500000,6.000000,5.375000,5.937500,3.181446,1206800
1992-01-01,5.968750,6.375000,5.312500,6.031250,3.231679,2103600
1992-02-01,5.937500,6.062500,5.406250,5.718750,3.064235,1282800
1992-03-01,5.625000,5.843750,5.343750,5.718750,3.064235,1197600
1992-04-01,5.687500,6.343750,5.562500,5.937500,3.244416,1648800
1992-05-01,5.812500,6.062500,5.687500,5.937500,3.244416,766800
1992-06-01,5.968750,5.968750,5.312500,5.500000,3.005356,1172800
1992-07-01,5.531250,5.593750,4.437500,4.968750,2.715064,2006800
1992-08-01,4.937500,5.250000,4.750000,5.093750,2.783368,1520000
1992-09-01,5.031250,5.718750,4.937500,5.187500,2.834595,2111600
1992-10-01,5.187500,5.406250,4.937500,5.156250,2.875059,1968400
1992-11-01,5.156250,5.500000,4.875000,5.500000,3.066730,1016800
1992-12-01,5.500000,5.656250,5.156250,5.187500,2.892484,2320400
1993-01-01,5.250000,5.406250,4.968750,5.312500,2.962182,802800
1993-02-01,5.343750,5.593750,5.281250,5.531250,3.084154,684000
1993-03-01,5.531250,6.375000,5.406250,6.375000,3.554620,1582000
1993-04-01,6.312500,6.656250,6.125000,6.593750,3.756988,1588400
1993-05-01,6.593750,6.593750,6.156250,6.281250,3.578931,600800
1993-06-01,6.187500,6.500000,5.781250,5.781250,3.294040,889600
1993-07-01,6.000000,6.531250,5.750000,6.500000,3.703569,651600
1993-08-01,6.531250,7.031250,6.468750,7.000000,3.988459,1355200
1993-09-01,6.968750,7.343750,6.843750,7.156250,4.077488,716000
1993-10-01,7.156250,7.843750,7.062500,7.375000,4.281116,967200
1993-11-01,7.343750,7.593750,6.062500,6.281250,3.646204,505200
1993-12-01,6.593750,7.062500,6.156250,6.812500,3.954590,812400
1994-01-01,6.812500,8.187500,6.781250,8.156250,4.734623,1364000
1994-02-01,7.843750,8.500000,7.125000,8.437500,4.897885,1579200
1994-03-01,8.437500,8.468750,8.000000,8.093750,4.698341,741600
1994-04-01,8.062500,8.625000,8.000000,8.250000,4.873002,688800
1994-05-01,8.250000,9.062500,8.156250,9.031250,5.334460,970800
1994-06-01,9.125000,9.437500,8.781250,8.781250,5.186793,1857200
1994-07-01,8.718750,9.250000,8.531250,8.687500,5.131417,1124400
1994-08-01,8.687500,8.750000,8.156250,8.218750,4.854543,782000
1994-09-01,8.281250,8.437500,7.906250,8.343750,4.928375,967600
1994-10-01,8.343750,8.937500,8.312500,8.718750,5.236920,1267600
1994-11-01,8.687500,8.750000,8.250000,8.312500,4.992904,513200
1994-12-01,8.406250,8.937500,8.312500,8.875000,5.330770,486000
1995-01-01,8.812500,8.968750,7.937500,7.937500,4.767659,680800
1995-02-01,7.750000,8.031250,7.625000,7.718750,4.636270,468400
1995-03-01,7.718750,8.312500,7.468750,8.218750,4.936593,990400
1995-04-01,8.156250,8.531250,7.843750,8.187500,5.026374,602800
1995-05-01,8.250000,8.500000,7.312500,7.593750,4.661867,1094400
1995-06-01,7.406250,7.843750,6.875000,7.687500,4.719422,1458000
1995-07-01,7.687500,8.312500,7.593750,8.093750,4.968822,777600
1995-08-01,8.093750,8.781250,7.968750,8.718750,5.352514,1130000
1995-09-01,8.781250,8.968750,7.843750,8.906250,5.467621,842400
1995-10-01,8.656250,9.312500,8.656250,8.875000,5.541399,1024800
1995-11-01,8.687500,9.312500,8.625000,9.031250,5.638959,956800
1995-12-01,9.093750,10.625000,9.093750,10.437500,6.517000,992000
1996-01-01,10.437500,11.562500,10.250000,11.062500,6.907234,2151200
1996-02-01,11.125000,11.500000,10.468750,10.625000,6.634071,2774400
1996-03-01,10.468750,11.187500,10.093750,10.750000,6.712118,1599200
1996-04-01,10.656250,11.375000,10.500000,11.312500,7.145287,1352400
1996-05-01,11.250000,12.187500,10.875000,11.937500,7.540053,1345200
1996-06-01,11.906250,13.750000,11.875000,12.750000,8.053254,2135200
1996-07-01,12.843750,13.000000,11.500000,12.000000,7.579532,1462000
1996-08-01,12.031250,12.312500,11.500000,11.531250,7.283452,1357600
1996-09-01,11.468750,12.781250,11.375000,12.656250,7.994040,1076800
1996-10-01,12.687500,12.937500,11.812500,11.906250,7.594426,1970000
1996-11-01,11.875000,15.312500,11.812500,14.843750,9.468113,1507200
1996-12-01,14.593750,14.812500,13.656250,14.156250,9.029593,1358800
1997-01-01,14.156250,14.312500,13.000000,13.500000,8.611005,2583200
1997-02-01,13.375000,16.093750,12.812500,15.625000,9.966434,9160800
1997-03-01,15.437500,16.281250,14.187500,14.625000,9.328584,10248400
1997-04-01,14.750000,15.656250,14.531250,15.625000,10.056269,2144400
1997-05-01,15.375000,16.718750,14.468750,15.125000,9.734468,8138000
1997-06-01,15.343750,15.500000,14.250000,15.046875,9.684187,5569600
1997-07-01,14.750000,16.687500,14.437500,16.515625,10.629474,5539600
1997-08-01,16.281250,16.375000,15.062500,15.125000,9.734468,2205600
1997-09-01,15.125000,18.062500,15.125000,17.437500,11.222798,2700800
1997-10-01,17.859375,18.781250,15.500000,16.718750,10.844021,2344800
1997-11-01,16.875000,17.765625,15.828125,17.750000,11.512901,1628800
1997-12-01,18.234375,19.140625,17.375000,18.468750,11.979093,1818400
1998-01-01,18.250000,19.125000,17.250000,18.484375,11.989232,1293600
1998-02-01,18.484375,18.671875,16.937500,17.593750,11.411559,1700800
1998-03-01,17.500000,18.359375,16.703125,17.750000,11.512901,1626000
1998-04-01,17.750000,18.312500,16.953125,18.203125,11.891705,1915600
1998-05-01,18.140625,18.250000,16.562500,16.625000,10.860748,1360400
1998-06-01,16.562500,17.906250,16.390625,17.859375,11.667137,1167200
1998-07-01,18.093750,20.000000,17.890625,18.500000,12.085643,2144000
1998-08-01,18.125000,18.187500,16.343750,16.750000,10.942408,1485200
1998-09-01,17.140625,18.625000,14.828125,15.171875,9.911452,1410800
1998-10-01,15.109375,16.375000,12.828125,15.343750,10.090046,1462000
1998-11-01,16.156250,19.968750,15.906250,18.109375,11.908722,1362400
1998-12-01,18.015625,18.500000,15.734375,16.687500,10.973697,1144000
1999-01-01,16.062500,18.593750,16.015625,18.593750,12.227247,2338400
1999-02-01,18.468750,19.156250,17.718750,18.968750,12.473843,1043200
1999-03-01,19.031250,23.187500,18.406250,22.281250,14.652144,2713600
1999-04-01,23.218750,23.500000,20.531250,22.093750,14.635228,2176000
1999-05-01,22.218750,22.468750,20.281250,20.531250,13.600201,1081600
1999-06-01,21.406250,22.718750,20.937500,21.687500,14.366120,2056400
1999-07-01,21.531250,22.531250,21.203125,21.515625,14.252265,1284000
1999-08-01,21.500000,22.687500,20.125000,20.265625,13.424253,1757600
1999-09-01,20.343750,21.750000,20.265625,20.453125,13.548452,1194400
1999-10-01,20.703125,21.078125,18.859375,21.031250,14.075488,1404000
1999-11-01,21.031250,21.796875,19.375000,20.671875,13.834974,1884000
1999-12-01,20.937500,21.781250,17.562500,19.125000,12.799695,2133600
2000-01-01,19.062500,19.062500,16.250000,16.406250,10.980137,2241200
2000-02-01,16.781250,19.000000,16.500000,16.875000,11.293854,1634800
2000-03-01,16.781250,20.312500,16.625000,20.312500,13.594453,2239600
2000-04-01,20.250000,22.250000,19.750000,22.125000,14.982928,1664800
2000-05-01,22.343750,22.687500,16.765625,16.953125,11.480567,2528400
2000-06-01,17.625000,18.031250,16.125000,17.187500,11.639281,1422800
2000-07-01,16.750000,18.609375,16.718750,18.343750,12.422288,953600
2000-08-01,17.937500,20.031250,16.859375,18.125000,12.274153,1432000
2000-09-01,18.625000,19.468750,17.250000,18.296875,12.390545,1053200
2000-10-01,18.031250,18.375000,16.250000,17.296875,11.824949,943200
2000-11-01,17.687500,18.578125,16.562500,17.281250,11.814263,788000
2000-12-01,17.562500,18.531250,16.875000,18.468750,12.626092,1947600
2001-01-01,18.531250,20.093750,17.953125,19.137501,13.083283,2170000
2001-02-01,19.375000,20.500000,19.375000,19.750000,13.502015,1688400
2001-03-01,19.012501,21.400000,18.275000,20.525000,14.031839,3603200
2001-04-01,20.000000,20.799999,19.075001,20.577499,14.195373,2979600
2001-05-01,21.900000,22.837500,20.787500,20.912500,14.426480,2693200
2001-06-01,20.912500,22.400000,20.424999,21.997499,15.174959,1670400
2001-07-01,22.437500,22.980000,21.107500,22.975000,15.849290,2051600
2001-08-01,22.740000,23.087500,18.037500,18.250000,12.589752,2058400
2001-09-01,17.787500,20.174999,13.647500,16.062500,11.080707,4012800
2001-10-01,16.650000,18.947500,16.510000,18.150000,12.673636,3451600
2001-11-01,18.400000,19.897499,17.812500,19.000000,13.267163,3183600
2001-12-01,19.250000,20.562500,18.562500,20.377501,14.229035,2200800
2002-01-01,20.410000,20.950001,18.799999,20.240000,14.133027,4209500
2002-02-01,20.100000,20.240000,18.120001,19.910000,13.902595,2279200
2002-03-01,20.150000,22.830000,20.000000,21.170000,14.782415,3051700
2002-04-01,20.690001,22.910000,20.000000,22.690001,15.876702,3121300
2002-05-01,23.200001,23.850000,21.549999,21.719999,15.197973,5130900
2002-06-01,21.969999,21.990000,19.200001,20.709999,14.491251,4107700
2002-07-01,20.780001,23.100000,20.200001,21.000000,14.694172,4751500
2002-08-01,20.590000,22.190001,19.700001,21.200001,14.834115,3177200
2002-09-01,20.719999,21.500000,19.650000,19.870001,13.903484,3872800
2002-10-01,19.900000,20.990000,17.510000,18.080000,12.685946,5322100
2002-11-01,18.100000,19.200001,17.010000,19.010000,13.338492,4098900
2002-12-01,18.990000,19.139999,17.770000,18.059999,12.671913,3070600
2003-01-01,18.150000,18.750000,16.400000,16.700001,11.717662,4287800
2003-02-01,17.500000,18.620001,16.850000,18.370001,12.889425,2754800
2003-03-01,18.780001,18.799999,16.590000,16.600000,11.647499,6314800
2003-04-01,16.700001,17.500000,15.470000,16.680000,11.742075,10984600
2003-05-01,16.680000,17.980000,16.420000,17.959999,12.643145,6921800
2003-06-01,18.059999,19.950001,17.840000,19.049999,13.410460,6152400
2003-07-01,18.799999,21.450001,18.540001,19.760000,13.910284,13670400
2003-08-01,19.750000,21.100000,19.170000,20.360001,14.332656,6819300
2003-09-01,20.400000,23.590000,20.000000,20.160000,14.191856,8292000
2003-10-01,19.959999,21.150000,19.299999,20.049999,14.163711,12112300
2003-11-01,20.150000,20.860001,18.809999,20.230000,14.290874,7565600
2003-12-01,20.320000,22.530001,20.110001,22.500000,15.894444,7563200
2004-01-01,22.500000,23.400000,20.549999,21.340000,15.074990,11419800
2004-02-01,21.340000,22.150000,20.660000,21.809999,15.407009,7234400
2004-03-01,21.950001,23.400000,21.500000,23.139999,16.346554,9050400
2004-04-01,22.690001,23.150000,20.110001,20.150000,14.297258,13019200
2004-05-01,19.750000,21.790001,19.250000,21.600000,15.326087,10492300
2004-06-01,21.750000,24.850000,21.360001,24.320000,17.256037,6794000
2004-07-01,24.450001,24.480000,22.559999,24.270000,17.220566,5275900
2004-08-01,24.200001,24.980000,22.650000,24.980000,17.724335,4189400
2004-09-01,24.799999,25.400000,23.660000,24.360001,17.284414,5686300
2004-10-01,24.750000,24.950001,23.549999,24.290001,17.323154,4616700
2004-11-01,24.200001,25.500000,23.900000,23.950001,17.080675,6885800
2004-12-01,23.820000,26.100000,23.820000,26.059999,18.585482,5740800
2005-01-01,26.190001,26.740000,25.230000,26.250000,18.720995,5417900
2005-02-01,26.250000,26.990000,25.700001,26.850000,19.148901,5923000
2005-03-01,26.850000,27.299999,24.920000,25.040001,17.858046,6875900
2005-04-01,25.200001,26.000000,23.750000,24.100000,17.279497,4734800
2005-05-01,23.980000,24.950001,23.799999,24.719999,17.724035,5634000
2005-06-01,24.670000,25.400000,24.450001,24.610001,17.645168,4714300
2005-07-01,24.750000,25.770000,24.059999,25.770000,18.476877,7037200
2005-08-01,25.900000,26.920000,25.379999,26.920000,19.301414,6027100
2005-09-01,26.639999,29.080000,26.350000,28.400000,20.362566,7272600
2005-10-01,28.510000,29.590000,27.100000,27.809999,20.064621,7269900
2005-11-01,27.700001,28.700001,26.500000,27.959999,20.172846,9462000
2005-12-01,28.400000,29.700001,28.200001,28.969999,20.901541,9519700
2006-01-01,29.139999,30.360001,27.100000,28.450001,20.526375,13793800
2006-02-01,28.709999,30.240000,28.440001,29.379999,21.197355,9238800
2006-03-01,29.980000,31.740000,28.570000,30.959999,22.337309,9741900
2006-04-01,31.100000,35.939999,31.100000,35.430000,25.773525,10268800
2006-05-01,35.619999,37.950001,32.590000,33.029999,24.027645,11666200
2006-06-01,32.959999,33.770000,29.129999,31.820000,23.147430,14249400
2006-07-01,32.200001,33.570000,29.430000,32.950001,23.969456,7486100
2006-08-01,32.950001,35.000000,32.570000,33.880001,24.645983,8718500
2006-09-01,33.950001,34.250000,32.020000,33.630001,24.464115,11742700
2006-10-01,34.450001,36.200001,33.490002,35.330002,25.903633,8231800
2006-11-01,35.939999,36.590000,34.009998,35.290001,25.874304,8556700
2006-12-01,35.049999,39.869999,34.560001,39.540001,28.990370,8890400
2007-01-01,39.810001,40.700001,37.619999,39.330002,28.940758,13957300
2007-02-01,39.470001,40.820000,36.369999,37.150002,27.336613,14766300
2007-03-01,35.500000,37.360001,34.639999,34.869999,25.658884,13221900
2007-04-01,34.590000,36.189999,33.619999,34.430000,25.449871,17524400
2007-05-01,34.009998,35.389999,33.299999,35.330002,26.115135,16278300
2007-06-01,35.470001,36.590000,34.150002,36.290001,26.824747,13902000
2007-07-01,37.000000,37.799999,35.020000,36.020000,26.754599,17296600
2007-08-01,35.900002,36.049999,31.290001,32.919998,24.452009,22184400
2007-09-01,33.299999,33.939999,32.340000,33.360001,24.778835,11931900
2007-10-01,33.500000,37.639999,32.450001,37.430000,27.948595,12353600
2007-11-01,37.419998,37.540001,32.660000,34.410000,25.693584,12111800
2007-12-01,34.400002,35.200001,32.139999,33.139999,24.745296,7819400
2008-01-01,33.029999,33.610001,27.350000,31.540001,23.693821,20258600
2008-02-01,31.830000,32.480000,29.120001,30.600000,22.987663,11253200
2008-03-01,29.950001,30.870001,27.010000,28.809999,21.642962,13431500
2008-04-01,29.590000,32.880001,27.690001,31.750000,24.010733,14617400
2008-05-01,31.959999,33.500000,30.549999,33.230000,25.129974,10470100
2008-06-01,33.799999,36.400002,33.150002,34.029999,25.734970,24311400
2008-07-01,33.700001,35.669998,31.900000,31.990000,24.332319,29430600
2008-08-01,32.770000,33.990002,30.070000,32.560001,24.765875,14146700
2008-09-01,31.469999,34.290001,28.200001,30.110001,22.902346,24265400
2008-10-01,29.950001,30.080000,18.940001,24.770000,18.977108,35164800
2008-11-01,24.850000,27.620001,18.910000,22.080000,16.916212,21824700
2008-12-01,21.309999,23.770000,17.350000,21.340000,16.349272,43978100
2009-01-01,21.410000,25.150000,20.280001,22.660000,17.459270,30414300
2009-02-01,22.190001,25.580000,21.950001,23.629999,18.206638,31980700
2009-03-01,23.219999,25.030001,20.719999,23.700001,18.260574,32149400
2009-04-01,24.889999,29.590000,24.830000,29.059999,22.488539,27028800
2009-05-01,28.719999,31.000000,27.450001,29.030001,22.465322,20042400
2009-06-01,29.250000,29.959999,26.270000,27.370001,21.180702,17572200
2009-07-01,27.309999,32.490002,25.000000,32.130001,24.963131,15470000
2009-08-01,32.500000,32.990002,31.219999,31.330000,24.341574,11520000
2009-09-01,31.600000,32.169998,29.830000,30.309999,23.549091,11188900
2009-10-01,30.420000,32.840000,28.820000,30.969999,24.152397,16028500
2009-11-01,31.190001,32.669998,30.049999,30.990000,24.167995,10840200
2009-12-01,32.029999,34.520000,31.940001,33.900002,26.437401,9662200
2010-01-01,34.250000,37.230000,33.290001,33.910000,26.532661,10288700
2010-02-01,33.810001,36.639999,33.270000,34.610001,27.080366,14426900
2010-03-01,34.560001,36.700001,34.509998,35.290001,27.612431,9312600
2010-04-01,35.369999,36.160000,33.730000,33.790001,26.564766,11084800
2010-05-01,33.849998,34.000000,30.160000,30.389999,23.891781,17180900
2010-06-01,30.110001,30.930000,28.330000,28.750000,22.602459,18331400
2010-07-01,28.850000,31.920000,28.430000,31.770000,25.128008,11128000
2010-08-01,32.439999,33.959999,31.770000,32.930000,26.045488,14421600
2010-09-01,33.279999,35.889999,32.820000,35.590000,28.149382,8556400
2010-10-01,35.950001,37.029999,35.500000,36.029999,28.643406,8744500
2010-11-01,34.919998,38.090000,33.820000,36.230000,28.802412,13607800
2010-12-01,37.049999,39.689999,36.860001,39.500000,31.402020,7466700
2011-01-01,39.840000,43.610001,38.669998,43.540001,34.816620,12222300
2011-02-01,43.660000,44.560001,42.200001,43.689999,34.936569,11695400
2011-03-01,44.009998,44.009998,36.509998,37.509998,29.994749,25671900
2011-04-01,36.849998,38.900002,33.759998,38.349998,30.822628,26244100
2011-05-01,39.299999,39.590000,36.630001,38.000000,30.541325,14199600
2011-06-01,38.220001,38.740002,35.750000,38.610001,31.031607,11735100
2011-07-01,38.540001,41.230000,38.540001,39.779999,32.164471,11065800
2011-08-01,40.610001,40.720001,30.350000,32.470001,26.253910,25304100
2011-09-01,32.980000,33.259998,28.900000,29.150000,23.569492,13264800
2011-10-01,29.320000,32.650002,28.040001,29.900000,24.333014,19190800
2011-11-01,30.059999,31.760000,27.520000,31.650000,25.757183,11900200
2011-12-01,31.629999,32.000000,28.600000,30.549999,24.861988,18779400
2012-01-01,31.180000,35.590000,31.110001,34.049999,27.925446,11265800
2012-02-01,35.240002,38.880001,34.980000,38.119999,31.263374,10337100
2012-03-01,38.119999,39.349998,36.230000,38.430000,31.517616,12667700
2012-04-01,38.439999,38.959999,34.669998,36.040001,29.738455,7991900
2012-05-01,35.070000,35.380001,31.639999,31.790001,26.231567,24758600
2012-06-01,31.049999,34.669998,30.299999,34.660000,28.599751,8528100
2012-07-01,34.470001,34.660000,30.290001,31.500000,26.184944,5936500
2012-08-01,30.920000,33.759998,28.500000,31.889999,26.509144,13316700
2012-09-01,31.540001,34.810001,30.760000,30.900000,25.686190,8854300
2012-10-01,30.820000,32.830002,29.559999,30.160000,25.249189,9831000
2012-11-01,29.980000,33.610001,29.260000,33.299999,27.877918,11040000
2012-12-01,32.830002,37.000000,32.549999,36.939999,30.925228,9847900
2013-01-01,37.689999,38.750000,36.180000,37.689999,31.733732,18041800
2013-02-01,38.009998,38.660000,36.279999,37.439999,31.523251,11749000
2013-03-01,37.340000,40.000000,37.139999,38.259998,32.213657,7290500
2013-04-01,37.070000,41.029999,36.369999,39.980000,33.832096,15023100
2013-05-01,39.389999,42.130001,37.570000,37.570000,31.792685,14405800
2013-06-01,37.320000,37.900002,35.150002,37.250000,31.521893,11632100
2013-07-01,37.349998,39.439999,37.000000,37.139999,31.609745,8992300
2013-08-01,37.060001,39.090000,35.860001,35.939999,30.588430,6862700
2013-09-01,37.040001,39.860001,36.320000,38.139999,32.887283,9313700
2013-10-01,38.400002,40.590000,37.709999,39.959999,34.630089,6464900
2013-11-01,39.970001,42.959999,39.090000,42.360001,36.709969,5438200
2013-12-01,42.349998,42.470001,39.810001,41.349998,35.834690,5439600
2014-01-01,41.099998,41.380001,37.369999,37.509998,32.662846,8304700
2014-02-01,37.160000,37.369999,35.419998,36.049999,31.391508,11528900
2014-03-01,36.459999,37.400002,34.240002,35.340000,30.773256,15640700
2014-04-01,35.270000,35.700001,32.419998,33.299999,29.178663,24970900
2014-05-01,33.560001,35.230000,32.680000,35.180000,30.825993,19037900
2014-06-01,35.279999,35.919998,34.459999,34.990002,30.659508,10801500
2014-07-01,35.060001,36.020000,34.650002,34.880001,30.749544,12366300
2014-08-01,34.930000,34.980000,33.549999,34.049999,30.017839,15111800
2014-09-01,33.820000,34.849998,33.680000,34.279999,30.220608,14444600
2014-10-01,34.139999,34.160000,29.299999,32.119999,28.468088,38953400
2014-11-01,32.110001,32.430000,30.250000,30.320000,26.872738,21958600
2014-12-01,30.389999,31.250000,28.830000,29.520000,26.163698,33897100
2015-01-01,29.670000,31.400000,28.610001,30.219999,26.947460,24416300
2015-02-01,31.350000,33.720001,30.910000,33.139999,29.551256,17296100
2015-03-01,33.080002,34.619999,32.599998,32.759998,29.212406,18895900
2015-04-01,32.689999,36.439999,32.419998,33.529999,30.057350,17554600
2015-05-01,34.099998,35.400002,33.599998,34.220001,30.675901,16429800
2015-06-01,34.340000,34.610001,32.000000,32.400002,29.044390,11551700
2015-07-01,32.070000,34.419998,30.889999,33.959999,30.442825,11631900
2015-08-01,34.799999,35.990002,29.000000,31.480000,28.382753,17805100
2015-09-01,30.230000,32.310001,29.280001,29.900000,26.958208,9753200
2015-10-01,30.000000,33.869999,29.750000,33.130001,30.044981,10056800
2015-11-01,33.029999,33.470001,32.020000,32.680000,29.636883,9307400
2015-12-01,33.180000,33.419998,31.180000,31.930000,28.956722,10742600
2016-01-01,30.860001,31.000000,26.410000,27.020000,24.650772,17342400
2016-02-01,27.620001,27.930000,24.559999,25.709999,23.455639,15791300
2016-03-01,26.040001,28.260000,25.990000,27.340000,24.942717,12785900
2016-04-01,26.340000,28.740000,25.530001,26.959999,24.791868,15621900
2016-05-01,27.100000,28.260000,26.230000,27.980000,25.729841,19333500
2016-06-01,27.809999,27.809999,24.520000,25.330000,23.292953,20263100
2016-07-01,25.110001,27.360001,24.030001,27.120001,25.382217,17499800
2016-08-01,27.120001,31.059999,27.120001,30.809999,28.835770,14544400
2016-09-01,30.969999,31.180000,28.620001,28.920000,27.066874,16753900
2016-10-01,28.959999,30.500000,28.900000,29.830000,28.106846,14955100
2016-11-01,29.400000,29.799999,27.510000,29.740000,28.022045,13474500
2016-12-01,29.610001,30.660000,29.090000,29.190001,27.503815,13246500
2017-01-01,29.480000,30.969999,29.420000,29.719999,28.202267,14255500
2017-02-01,30.230000,32.169998,29.889999,30.969999,29.388432,18722500
2017-03-01,31.260000,31.440001,30.180000,30.260000,28.714691,11365800
2017-04-01,30.200001,30.209999,28.160000,29.100000,27.613928,15320900
2017-05-01,28.980000,29.170000,27.360001,27.930000,26.503679,20997500
2017-06-01,28.040001,28.730000,27.070000,27.389999,25.991255,16937900
2017-07-01,27.480000,28.129999,27.049999,28.020000,26.799810,10190400
2017-08-01,28.799999,28.950001,27.360001,28.100000,26.876326,11269100
2017-09-01,28.190001,30.040001,27.910000,29.559999,28.272743,7893100
2017-10-01,29.559999,31.150000,29.559999,31.090000,30.162165,9730200
2017-11-01,31.709999,33.750000,31.580000,33.340000,32.345013,18351600
2017-12-01,33.400002,34.450001,33.040001,34.080002,33.062935,8991200
2018-01-01,34.310001,36.520000,34.090000,35.290001,34.471100,11352200
2018-02-01,35.099998,37.290001,33.849998,36.090000,35.252537,20936900
2018-03-01,35.939999,36.009998,32.860001,34.730000,33.924095,15582600
2018-04-01,34.380001,35.439999,33.779999,34.360001,33.810822,12147900
2018-05-01,34.000000,34.049999,31.370001,31.760000,31.252377,13869900
2018-06-01,31.889999,32.759998,29.110001,29.270000,28.802176,10025400
2018-07-01,28.860001,30.889999,28.770000,30.660000,30.415031,10811400
2018-08-01,30.850000,30.950001,29.200001,29.629999,29.393261,12231400
2018-09-01,29.100000,31.040001,28.000000,30.080000,29.839666,10456200
