3.138354999999999784e+00 3.130586499999999717e+00 3.148711666666666797e+00 0.000000000000000000e+00
2.781017999999999990e+00 2.959686500000000109e+00 3.014063666666666474e+00 0.000000000000000000e+00
2.749944999999999862e+00 2.765481499999999926e+00 2.889772666666666989e+00 1.000000000000000000e+00
2.814509000000000150e+00 2.782226999999999784e+00 2.781824000000000296e+00 1.000000000000000000e+00
2.988437999999999928e+00 2.901473499999999817e+00 2.850963999999999832e+00 0.000000000000000000e+00
2.941003999999999952e+00 2.964720999999999940e+00 2.914650333333332899e+00 0.000000000000000000e+00
2.893568999999999836e+00 2.917286499999999894e+00 2.941003666666666572e+00 0.000000000000000000e+00
2.782887000000000111e+00 2.838227999999999973e+00 2.872486666666666633e+00 0.000000000000000000e+00
2.387589000000000183e+00 2.585238000000000369e+00 2.688015000000000043e+00 1.000000000000000000e+00
2.741458000000000172e+00 2.564523499999999956e+00 2.637311333333333341e+00 0.000000000000000000e+00
2.644700999999999969e+00 2.693079500000000071e+00 2.591249333333333293e+00 0.000000000000000000e+00
2.499565000000000037e+00 2.572133000000000003e+00 2.628574666666666726e+00 0.000000000000000000e+00
2.257671000000000205e+00 2.378618000000000343e+00 2.467312333333333552e+00 1.000000000000000000e+00
2.741458000000000172e+00 2.499564499999999967e+00 2.499564666666666657e+00 0.000000000000000000e+00
2.725331999999999866e+00 2.733394999999999797e+00 2.574820333333333267e+00 0.000000000000000000e+00
2.692680000000000184e+00 2.709006000000000025e+00 2.719823333333332815e+00 0.000000000000000000e+00
2.594165999999999972e+00 2.643423000000000300e+00 2.670726000000000155e+00 1.000000000000000000e+00
2.824028000000000205e+00 2.709096999999999866e+00 2.703624666666666787e+00 1.000000000000000000e+00
2.889705000000000190e+00 2.856866500000000197e+00 2.769299666666666493e+00 0.000000000000000000e+00
2.889705000000000190e+00 2.889705000000000190e+00 2.867812666666667010e+00 1.000000000000000000e+00
3.135985999999999940e+00 3.012845500000000065e+00 2.971798666666666922e+00 0.000000000000000000e+00
3.080980999999999970e+00 3.108483500000000177e+00 3.035557333333333219e+00 0.000000000000000000e+00
2.980513999999999886e+00 3.030747499999999928e+00 3.065827000000000080e+00 1.000000000000000000e+00
3.181446000000000218e+00 3.080980000000000274e+00 3.080980333333333210e+00 1.000000000000000000e+00
3.231679000000000190e+00 3.206562500000000426e+00 3.131213000000000246e+00 0.000000000000000000e+00
3.064235000000000042e+00 3.147956999999999894e+00 3.159120000000000150e+00 0.000000000000000000e+00
3.064235000000000042e+00 3.064235000000000042e+00 3.120049666666666610e+00 1.000000000000000000e+00
3.244416000000000189e+00 3.154325500000000115e+00 3.124295333333333868e+00 0.000000000000000000e+00
3.244416000000000189e+00 3.244416000000000189e+00 3.184355666666666806e+00 0.000000000000000000e+00
3.005355999999999916e+00 3.124886000000000053e+00 3.164729333333333727e+00 0.000000000000000000e+00
2.715063999999999922e+00 2.860209999999999919e+00 2.988278666666666528e+00 1.000000000000000000e+00
2.783367999999999842e+00 2.749215999999999660e+00 2.834595999999999894e+00 1.000000000000000000e+00
2.834595000000000198e+00 2.808981499999999798e+00 2.777675666666666654e+00 1.000000000000000000e+00
2.875058999999999809e+00 2.854827000000000226e+00 2.831007333333333431e+00 1.000000000000000000e+00
3.066730000000000178e+00 2.970894499999999994e+00 2.925461333333333247e+00 0.000000000000000000e+00
2.892484000000000055e+00 2.979607000000000117e+00 2.944757666666666385e+00 1.000000000000000000e+00
2.962181999999999871e+00 2.927332999999999963e+00 2.973798666666666701e+00 1.000000000000000000e+00
3.084153999999999840e+00 3.023168000000000077e+00 2.979606666666666737e+00 1.000000000000000000e+00
3.554619999999999891e+00 3.319386999999999865e+00 3.200318666666666534e+00 1.000000000000000000e+00
3.756988000000000216e+00 3.655803999999999832e+00 3.465253999999999834e+00 0.000000000000000000e+00
3.578930999999999862e+00 3.667959500000000261e+00 3.630179666666666805e+00 0.000000000000000000e+00
3.294039999999999857e+00 3.436485499999999860e+00 3.543319666666666645e+00 1.000000000000000000e+00
3.703568999999999889e+00 3.498804499999999873e+00 3.525513333333333055e+00 1.000000000000000000e+00
3.988459000000000199e+00 3.846014000000000266e+00 3.662022666666666648e+00 1.000000000000000000e+00
4.077487999999999779e+00 4.032973499999999767e+00 3.923171999999999660e+00 1.000000000000000000e+00
4.281115999999999921e+00 4.179301999999999850e+00 4.115687666666666189e+00 0.000000000000000000e+00
3.646204000000000001e+00 3.963659999999999961e+00 4.001602666666666863e+00 1.000000000000000000e+00
3.954590000000000050e+00 3.800397000000000247e+00 3.960636666666666361e+00 1.000000000000000000e+00
4.734623000000000026e+00 4.344606500000000260e+00 4.111805666666666248e+00 1.000000000000000000e+00
4.897884999999999600e+00 4.816253999999999813e+00 4.529032666666666707e+00 0.000000000000000000e+00
4.698341000000000101e+00 4.798112999999999850e+00 4.776949666666666872e+00 1.000000000000000000e+00
4.873001999999999612e+00 4.785671499999999412e+00 4.823075999999999475e+00 1.000000000000000000e+00
5.334459999999999980e+00 5.103730999999999796e+00 4.968600999999999601e+00 0.000000000000000000e+00
5.186792999999999765e+00 5.260626499999999872e+00 5.131418333333333415e+00 0.000000000000000000e+00
5.131416999999999895e+00 5.159105000000000274e+00 5.217556666666666843e+00 0.000000000000000000e+00
4.854542999999999608e+00 4.992979999999999308e+00 5.057584333333333682e+00 1.000000000000000000e+00
4.928374999999999950e+00 4.891458999999999335e+00 4.971444999999999226e+00 1.000000000000000000e+00
5.236919999999999575e+00 5.082647500000000207e+00 5.006612666666666378e+00 0.000000000000000000e+00
4.992904000000000231e+00 5.114912000000000347e+00 5.052732999999999919e+00 1.000000000000000000e+00
5.330770000000000231e+00 5.161837000000000231e+00 5.186864666666667567e+00 0.000000000000000000e+00
4.767659000000000091e+00 5.049214499999999717e+00 5.030444333333333518e+00 0.000000000000000000e+00
4.636269999999999669e+00 4.701964499999999880e+00 4.911566333333333034e+00 1.000000000000000000e+00
4.936593000000000231e+00 4.786431499999999950e+00 4.780173999999999701e+00 1.000000000000000000e+00
5.026373999999999675e+00 4.981483499999999509e+00 4.866412333333332896e+00 0.000000000000000000e+00
4.661866999999999983e+00 4.844120499999999829e+00 4.874944666666666926e+00 1.000000000000000000e+00
4.719421999999999784e+00 4.690644499999999439e+00 4.802554333333333147e+00 1.000000000000000000e+00
4.968822000000000294e+00 4.844122000000000483e+00 4.783370333333333058e+00 1.000000000000000000e+00
5.352514000000000216e+00 5.160668000000000255e+00 5.013586000000000098e+00 1.000000000000000000e+00
5.467621000000000286e+00 5.410067500000000251e+00 5.262985666666666340e+00 1.000000000000000000e+00
5.541399000000000186e+00 5.504509999999999792e+00 5.453844666666666008e+00 1.000000000000000000e+00
5.638958999999999833e+00 5.590179000000000009e+00 5.549326333333333139e+00 1.000000000000000000e+00
6.517000000000000348e+00 6.077979499999999646e+00 5.899119333333334048e+00 1.000000000000000000e+00
6.907233999999999874e+00 6.712117000000000111e+00 6.354397666666666389e+00 0.000000000000000000e+00
6.634070999999999607e+00 6.770652499999999741e+00 6.686101666666666610e+00 1.000000000000000000e+00
6.712118000000000251e+00 6.673094499999999485e+00 6.751140999999999615e+00 1.000000000000000000e+00
7.145286999999999722e+00 6.928702499999999986e+00 6.830491999999999564e+00 1.000000000000000000e+00
7.540053000000000338e+00 7.342670000000000030e+00 7.132486000000000104e+00 1.000000000000000000e+00
8.053254000000000801e+00 7.796653500000000570e+00 7.579531333333332732e+00 0.000000000000000000e+00
7.579532000000000380e+00 7.816393000000000590e+00 7.724279666666667765e+00 0.000000000000000000e+00
7.283451999999999593e+00 7.431492000000000431e+00 7.638746000000000258e+00 1.000000000000000000e+00
7.994040000000000035e+00 7.638745999999999370e+00 7.619008000000000891e+00 0.000000000000000000e+00
7.594426000000000343e+00 7.794233000000000189e+00 7.623972666666666953e+00 1.000000000000000000e+00
9.468113000000000667e+00 8.531269500000000505e+00 8.352192999999999756e+00 0.000000000000000000e+00
9.029593000000000202e+00 9.248853000000000435e+00 8.697377333333333738e+00 0.000000000000000000e+00
8.611005000000000464e+00 8.820299000000000333e+00 9.036236999999999853e+00 1.000000000000000000e+00
9.966433999999999571e+00 9.288719499999999130e+00 9.202344000000000079e+00 0.000000000000000000e+00
9.328583999999999321e+00 9.647508999999999446e+00 9.302007666666666452e+00 1.000000000000000000e+00
1.005626900000000035e+01 9.692426499999999834e+00 9.783762333333333672e+00 0.000000000000000000e+00
9.734467999999999677e+00 9.895368500000000012e+00 9.706440333333333115e+00 0.000000000000000000e+00
9.684186999999999657e+00 9.709327500000000555e+00 9.824974666666667744e+00 1.000000000000000000e+00
1.062947400000000009e+01 1.015683049999999987e+01 1.001604300000000158e+01 0.000000000000000000e+00
9.734467999999999677e+00 1.018197100000000077e+01 1.001604299999999981e+01 1.000000000000000000e+00
1.122279799999999916e+01 1.047863299999999853e+01 1.052891333333333357e+01 0.000000000000000000e+00
1.084402099999999969e+01 1.103340949999999943e+01 1.060042899999999833e+01 1.000000000000000000e+00
1.151290099999999939e+01 1.117846099999999865e+01 1.119323999999999764e+01 1.000000000000000000e+00
1.197909300000000066e+01 1.174599699999999913e+01 1.144533833333333206e+01 0.000000000000000000e+00
1.198923199999999945e+01 1.198416250000000005e+01 1.182707533333333316e+01 0.000000000000000000e+00
1.141155900000000045e+01 1.170039549999999906e+01 1.179329466666666804e+01 1.000000000000000000e+00
1.151290099999999939e+01 1.146222999999999992e+01 1.163789733333333309e+01 1.000000000000000000e+00
1.189170499999999997e+01 1.170230300000000057e+01 1.160538833333333208e+01 0.000000000000000000e+00
1.086074799999999918e+01 1.137622649999999958e+01 1.142178466666666736e+01 1.000000000000000000e+00
1.166713700000000031e+01 1.126394249999999886e+01 1.147319666666666649e+01 1.000000000000000000e+00
1.208564299999999925e+01 1.187639000000000067e+01 1.153784266666666447e+01 0.000000000000000000e+00
1.094240800000000036e+01 1.151402549999999891e+01 1.156506266666666782e+01 0.000000000000000000e+00
9.911452000000000595e+00 1.042693000000000048e+01 1.097983433333333458e+01 1.000000000000000000e+00
1.009004599999999918e+01 1.000074899999999900e+01 1.031463533333333338e+01 1.000000000000000000e+00
1.190872199999999914e+01 1.099938399999999916e+01 1.063673999999999786e+01 0.000000000000000000e+00
1.097369699999999959e+01 1.144120949999999937e+01 1.099082166666666716e+01 1.000000000000000000e+00
1.222724700000000020e+01 1.160047199999999989e+01 1.170322199999999846e+01 1.000000000000000000e+00
1.247384300000000046e+01 1.235054500000000033e+01 1.189159566666666734e+01 1.000000000000000000e+00
1.465214399999999983e+01 1.356299350000000103e+01 1.311774466666666683e+01 0.000000000000000000e+00
1.463522799999999968e+01 1.464368599999999887e+01 1.392040500000000058e+01 0.000000000000000000e+00
1.360020100000000021e+01 1.411771449999999994e+01 1.429585766666666480e+01 1.000000000000000000e+00
1.436612000000000045e+01 1.398316050000000033e+01 1.420051633333333285e+01 0.000000000000000000e+00
1.425226499999999952e+01 1.430919249999999998e+01 1.407286200000000065e+01 0.000000000000000000e+00
1.342425300000000021e+01 1.383825900000000075e+01 1.401421266666666554e+01 1.000000000000000000e+00
1.354845199999999927e+01 1.348635249999999886e+01 1.374165666666666574e+01 1.000000000000000000e+00
1.407548800000000000e+01 1.381196999999999875e+01 1.368273099999999864e+01 0.000000000000000000e+00
1.383497400000000077e+01 1.395523100000000127e+01 1.381963799999999942e+01 0.000000000000000000e+00
1.279969499999999982e+01 1.331733450000000119e+01 1.357005233333333472e+01 0.000000000000000000e+00
1.098013699999999915e+01 1.188991599999999949e+01 1.253826866666666717e+01 1.000000000000000000e+00
1.129385399999999962e+01 1.113699549999999938e+01 1.169122866666666560e+01 1.000000000000000000e+00
1.359445299999999968e+01 1.244415349999999876e+01 1.195614799999999889e+01 1.000000000000000000e+00
1.498292799999999936e+01 1.428869049999999952e+01 1.329041166666666562e+01 0.000000000000000000e+00
1.148056700000000063e+01 1.323174750000000088e+01 1.335264933333333204e+01 1.000000000000000000e+00
1.163928100000000043e+01 1.155992400000000053e+01 1.270092533333333584e+01 1.000000000000000000e+00
1.242228800000000000e+01 1.203078449999999933e+01 1.184737866666666584e+01 0.000000000000000000e+00
1.227415300000000009e+01 1.234822050000000004e+01 1.211190733333333291e+01 1.000000000000000000e+00
1.239054499999999948e+01 1.233234900000000067e+01 1.236232866666666474e+01 0.000000000000000000e+00
1.182494900000000015e+01 1.210774699999999982e+01 1.216321566666666776e+01 0.000000000000000000e+00
1.181426300000000040e+01 1.181960600000000028e+01 1.200991900000000179e+01 1.000000000000000000e+00
1.262609199999999987e+01 1.222017750000000014e+01 1.208843466666666622e+01 1.000000000000000000e+00
1.308328299999999977e+01 1.285468750000000071e+01 1.250787933333333335e+01 1.000000000000000000e+00
1.350201500000000010e+01 1.329264900000000083e+01 1.307046333333333443e+01 1.000000000000000000e+00
1.403183899999999973e+01 1.376692699999999903e+01 1.353904566666666653e+01 1.000000000000000000e+00
1.419537300000000002e+01 1.411360600000000076e+01 1.390974233333333210e+01 1.000000000000000000e+00
1.442647999999999975e+01 1.431092650000000077e+01 1.421789733333333317e+01 1.000000000000000000e+00
1.517495899999999942e+01 1.480071949999999958e+01 1.459893733333333365e+01 1.000000000000000000e+00
1.584928999999999988e+01 1.551212449999999876e+01 1.515024299999999791e+01 0.000000000000000000e+00
1.258975200000000072e+01 1.421952100000000030e+01 1.453800033333333452e+01 0.000000000000000000e+00
1.108070700000000031e+01 1.183522950000000051e+01 1.317324966666666874e+01 1.000000000000000000e+00
1.267363600000000012e+01 1.187717149999999933e+01 1.211469833333333490e+01 1.000000000000000000e+00
1.326716300000000004e+01 1.297039949999999919e+01 1.234050200000000075e+01 1.000000000000000000e+00
1.422903499999999966e+01 1.374809899999999985e+01 1.338994466666666483e+01 0.000000000000000000e+00
1.413302700000000023e+01 1.418103100000000083e+01 1.387640833333333212e+01 0.000000000000000000e+00
1.390259499999999981e+01 1.401781100000000002e+01 1.408821900000000049e+01 1.000000000000000000e+00
1.478241500000000030e+01 1.434250499999999917e+01 1.427267900000000189e+01 1.000000000000000000e+00
1.587670199999999987e+01 1.532955850000000098e+01 1.485390400000000000e+01 0.000000000000000000e+00
1.519797299999999929e+01 1.553733749999999958e+01 1.528569666666666649e+01 0.000000000000000000e+00
1.449125100000000010e+01 1.484461199999999970e+01 1.518864199999999975e+01 1.000000000000000000e+00
1.469417200000000001e+01 1.459271150000000006e+01 1.479446533333333313e+01 1.000000000000000000e+00
1.483411500000000061e+01 1.476414349999999942e+01 1.467317933333333180e+01 0.000000000000000000e+00
1.390348400000000062e+01 1.436879950000000150e+01 1.447725699999999982e+01 0.000000000000000000e+00
1.268594599999999950e+01 1.329471500000000006e+01 1.380784833333333417e+01 1.000000000000000000e+00
1.333849200000000046e+01 1.301221899999999998e+01 1.330930733333333471e+01 0.000000000000000000e+00
1.267191299999999998e+01 1.300520249999999933e+01 1.289878366666666665e+01 0.000000000000000000e+00
1.171766200000000069e+01 1.219478750000000034e+01 1.257602233333333253e+01 1.000000000000000000e+00
1.288942499999999924e+01 1.230354349999999997e+01 1.242633333333333212e+01 0.000000000000000000e+00
1.164749899999999982e+01 1.226846199999999953e+01 1.208486200000000110e+01 1.000000000000000000e+00
1.174207499999999982e+01 1.169478699999999982e+01 1.209299966666666570e+01 1.000000000000000000e+00
1.264314500000000052e+01 1.219261000000000017e+01 1.201090633333333280e+01 1.000000000000000000e+00
1.341046000000000049e+01 1.302680250000000051e+01 1.259856000000000087e+01 1.000000000000000000e+00
1.391028400000000076e+01 1.366037200000000063e+01 1.332129633333333452e+01 1.000000000000000000e+00
1.433265600000000006e+01 1.412147000000000041e+01 1.388446666666666829e+01 0.000000000000000000e+00
1.419185599999999958e+01 1.426225600000000071e+01 1.414493199999999895e+01 0.000000000000000000e+00
1.416371099999999927e+01 1.417778350000000032e+01 1.422940766666666690e+01 1.000000000000000000e+00
1.429087400000000052e+01 1.422729250000000079e+01 1.421548033333333372e+01 1.000000000000000000e+00
1.589444400000000002e+01 1.509265900000000116e+01 1.478300966666666660e+01 0.000000000000000000e+00
1.507498999999999967e+01 1.548471699999999984e+01 1.508676933333333459e+01 1.000000000000000000e+00
1.540700900000000040e+01 1.524099950000000092e+01 1.545881433333333455e+01 1.000000000000000000e+00
1.634655400000000114e+01 1.587678149999999988e+01 1.560951766666666707e+01 0.000000000000000000e+00
1.429725799999999936e+01 1.532190600000000025e+01 1.535027366666666637e+01 1.000000000000000000e+00
1.532608699999999935e+01 1.481167250000000024e+01 1.532329966666666543e+01 1.000000000000000000e+00
1.725603699999999918e+01 1.629106200000000015e+01 1.562646066666666655e+01 0.000000000000000000e+00
1.722056600000000159e+01 1.723830149999999861e+01 1.660089666666666730e+01 1.000000000000000000e+00
1.772433499999999995e+01 1.747245050000000077e+01 1.740031266666666454e+01 0.000000000000000000e+00
1.728441400000000172e+01 1.750437450000000084e+01 1.740977166666666776e+01 0.000000000000000000e+00
1.732315399999999883e+01 1.730378400000000028e+01 1.744396766666666565e+01 0.000000000000000000e+00
1.708067499999999939e+01 1.720191450000000088e+01 1.722941433333333450e+01 1.000000000000000000e+00
1.858548199999999895e+01 1.783307849999999917e+01 1.766310366666666809e+01 1.000000000000000000e+00
1.872099499999999850e+01 1.865323850000000050e+01 1.812905066666666798e+01 1.000000000000000000e+00
1.914890099999999862e+01 1.893494799999999856e+01 1.881845933333333321e+01 0.000000000000000000e+00
1.785804600000000164e+01 1.850347349999999835e+01 1.857598066666666625e+01 0.000000000000000000e+00
1.727949699999999922e+01 1.756877150000000043e+01 1.809548133333333197e+01 1.000000000000000000e+00
1.772403500000000065e+01 1.750176599999999993e+01 1.762052600000000169e+01 0.000000000000000000e+00
1.764516800000000174e+01 1.768460149999999942e+01 1.754956666666666720e+01 1.000000000000000000e+00
1.847687700000000177e+01 1.806102249999999998e+01 1.794869333333333472e+01 1.000000000000000000e+00
1.930141400000000118e+01 1.888914550000000148e+01 1.847448633333333490e+01 1.000000000000000000e+00
2.036256600000000105e+01 1.983199000000000112e+01 1.938028566666666919e+01 0.000000000000000000e+00
2.006462099999999893e+01 2.021359350000000177e+01 1.990953366666666469e+01 1.000000000000000000e+00
2.017284599999999983e+01 2.011873349999999760e+01 2.020001099999999994e+01 1.000000000000000000e+00
2.090154100000000170e+01 2.053719350000000077e+01 2.037966933333333230e+01 0.000000000000000000e+00
2.052637500000000159e+01 2.071395800000000165e+01 2.053358733333333319e+01 1.000000000000000000e+00
2.119735500000000172e+01 2.086186500000000166e+01 2.087509033333333619e+01 1.000000000000000000e+00
2.233730900000000119e+01 2.176733200000000323e+01 2.135367966666666817e+01 1.000000000000000000e+00
2.577352499999999935e+01 2.405541699999999850e+01 2.310272966666666505e+01 0.000000000000000000e+00
2.402764499999999970e+01 2.490058499999999952e+01 2.404615966666666438e+01 0.000000000000000000e+00
2.314742999999999995e+01 2.358753749999999982e+01 2.431619999999999848e+01 1.000000000000000000e+00
2.396945600000000098e+01 2.355844300000000047e+01 2.371484366666666688e+01 1.000000000000000000e+00
2.464598300000000108e+01 2.430771950000000103e+01 2.392095633333333282e+01 0.000000000000000000e+00
2.446411499999999961e+01 2.455504900000000035e+01 2.435985133333333508e+01 1.000000000000000000e+00
2.590363299999999924e+01 2.518387399999999943e+01 2.500457700000000116e+01 0.000000000000000000e+00
2.587430399999999864e+01 2.588896849999999716e+01 2.541401733333333368e+01 1.000000000000000000e+00
2.899036999999999864e+01 2.743233699999999686e+01 2.692276899999999884e+01 0.000000000000000000e+00
2.894075799999999887e+01 2.896556400000000053e+01 2.793514399999999753e+01 0.000000000000000000e+00
2.733661299999999983e+01 2.813868550000000113e+01 2.842258033333333245e+01 0.000000000000000000e+00
2.565888400000000047e+01 2.649774850000000015e+01 2.731208499999999972e+01 0.000000000000000000e+00
2.544987100000000169e+01 2.555437750000000108e+01 2.614845599999999948e+01 1.000000000000000000e+00
2.611513499999999866e+01 2.578250299999999839e+01 2.574129666666666694e+01 1.000000000000000000e+00
2.682474699999999856e+01 2.646994099999999861e+01 2.612991766666666749e+01 0.000000000000000000e+00
2.675459899999999891e+01 2.678967300000000051e+01 2.656482699999999753e+01 0.000000000000000000e+00
2.445200900000000033e+01 2.560330400000000139e+01 2.601045166666666830e+01 1.000000000000000000e+00
2.477883500000000083e+01 2.461542200000000236e+01 2.532848100000000002e+01 1.000000000000000000e+00
2.794859500000000097e+01 2.636371499999999912e+01 2.572647966666666619e+01 0.000000000000000000e+00
2.569358400000000131e+01 2.682108949999999936e+01 2.614033799999999985e+01 0.000000000000000000e+00
2.474529599999999974e+01 2.521943999999999875e+01 2.612915833333333282e+01 0.000000000000000000e+00
2.369382099999999980e+01 2.421955849999999799e+01 2.471090033333333125e+01 0.000000000000000000e+00
2.298766300000000129e+01 2.334074199999999877e+01 2.380892666666666457e+01 0.000000000000000000e+00
2.164296200000000070e+01 2.231531250000000099e+01 2.277481533333333275e+01 1.000000000000000000e+00
2.401073299999999833e+01 2.282684749999999951e+01 2.288045266666666677e+01 1.000000000000000000e+00
2.512997400000000070e+01 2.457035349999999951e+01 2.359455633333333324e+01 1.000000000000000000e+00
2.573497000000000057e+01 2.543247200000000063e+01 2.495855899999999750e+01 0.000000000000000000e+00
2.433231899999999825e+01 2.503364450000000119e+01 2.506575433333333081e+01 1.000000000000000000e+00
2.476587500000000119e+01 2.454909699999999972e+01 2.494438800000000356e+01 0.000000000000000000e+00
2.290234600000000142e+01 2.383411050000000131e+01 2.400018000000000029e+01 0.000000000000000000e+00
1.897710800000000120e+01 2.093972700000000131e+01 2.221510966666666675e+01 0.000000000000000000e+00
1.691621200000000158e+01 1.794666000000000139e+01 1.959855533333333355e+01 0.000000000000000000e+00
1.634927199999999914e+01 1.663274200000000036e+01 1.741419733333333397e+01 1.000000000000000000e+00
1.745927000000000007e+01 1.690427100000000138e+01 1.690825133333333596e+01 1.000000000000000000e+00
1.820663800000000165e+01 1.783295400000000086e+01 1.733839333333333244e+01 0.000000000000000000e+00
1.826057399999999831e+01 1.823360600000000176e+01 1.797549400000000119e+01 1.000000000000000000e+00
2.248853899999999939e+01 2.037455649999999707e+01 1.965191700000000097e+01 0.000000000000000000e+00
2.246532200000000046e+01 2.247693050000000170e+01 2.107147833333333153e+01 0.000000000000000000e+00
2.118070200000000014e+01 2.182301199999999852e+01 2.204485433333333333e+01 1.000000000000000000e+00
2.496313100000000063e+01 2.307191650000000038e+01 2.286971833333333493e+01 0.000000000000000000e+00
2.434157400000000138e+01 2.465235249999999922e+01 2.349513566666666975e+01 0.000000000000000000e+00
2.354909100000000066e+01 2.394533249999999924e+01 2.428459866666666755e+01 1.000000000000000000e+00
2.415239700000000056e+01 2.385074399999999883e+01 2.401435399999999731e+01 0.000000000000000000e+00
2.416799500000000123e+01 2.416019599999999912e+01 2.395649433333333533e+01 1.000000000000000000e+00
2.643740100000000126e+01 2.530269799999999947e+01 2.491926433333333080e+01 0.000000000000000000e+00
2.653266100000000094e+01 2.648503099999999932e+01 2.571268566666666899e+01 1.000000000000000000e+00
2.708036600000000149e+01 2.680651350000000122e+01 2.668347599999999886e+01 1.000000000000000000e+00
2.761243100000000084e+01 2.734639849999999939e+01 2.707515266666666776e+01 0.000000000000000000e+00
2.656476599999999877e+01 2.708859849999999980e+01 2.708585433333333370e+01 0.000000000000000000e+00
2.389178100000000171e+01 2.522827350000000024e+01 2.602299266666666711e+01 0.000000000000000000e+00
2.260245899999999963e+01 2.324712000000000245e+01 2.435300200000000004e+01 1.000000000000000000e+00
2.512800800000000123e+01 2.386523350000000221e+01 2.387408266666666989e+01 1.000000000000000000e+00
2.604548799999999886e+01 2.558674800000000005e+01 2.459198500000000465e+01 1.000000000000000000e+00
2.814938199999999924e+01 2.709743499999999727e+01 2.644095933333333548e+01 1.000000000000000000e+00
2.864340599999999881e+01 2.839639400000000080e+01 2.761275866666666445e+01 1.000000000000000000e+00
2.880241200000000035e+01 2.872290900000000136e+01 2.853173333333333517e+01 1.000000000000000000e+00
3.140202000000000027e+01 3.010221599999999853e+01 2.961594599999999744e+01 1.000000000000000000e+00
3.481662000000000035e+01 3.310931999999999675e+01 3.167368399999999795e+01 0.000000000000000000e+00
3.493656899999999865e+01 3.487659449999999595e+01 3.371840299999999502e+01 0.000000000000000000e+00
2.999474899999999877e+01 3.246565900000000227e+01 3.324931266666666119e+01 1.000000000000000000e+00
3.082262800000000169e+01 3.040868850000000023e+01 3.191798200000000563e+01 0.000000000000000000e+00
3.054132500000000050e+01 3.068197650000000110e+01 3.045290066666666462e+01 1.000000000000000000e+00
3.103160700000000105e+01 3.078646600000000078e+01 3.079851999999999990e+01 1.000000000000000000e+00
3.216447099999999892e+01 3.159803899999999999e+01 3.124580100000000016e+01 0.000000000000000000e+00
2.625391000000000119e+01 2.920919049999999828e+01 2.981666266666666942e+01 0.000000000000000000e+00
2.356949200000000033e+01 2.491170100000000076e+01 2.732929099999999778e+01 1.000000000000000000e+00
2.433301399999999859e+01 2.395125300000000124e+01 2.471880533333333574e+01 1.000000000000000000e+00
2.575718300000000127e+01 2.504509850000000171e+01 2.455322966666666673e+01 0.000000000000000000e+00
2.486198800000000020e+01 2.530958550000000074e+01 2.498406166666666550e+01 1.000000000000000000e+00
2.792544600000000088e+01 2.639371700000000232e+01 2.618153900000000078e+01 1.000000000000000000e+00
3.126337399999999889e+01 2.959440999999999988e+01 2.801693600000000117e+01 1.000000000000000000e+00
3.151761600000000030e+01 3.139049500000000137e+01 3.023547866666666550e+01 0.000000000000000000e+00
2.973845499999999831e+01 3.062803549999999930e+01 3.083981500000000153e+01 0.000000000000000000e+00
2.623156699999999830e+01 2.798501100000000008e+01 2.916254600000000252e+01 1.000000000000000000e+00
2.859975100000000126e+01 2.741565899999999800e+01 2.818992433333333381e+01 0.000000000000000000e+00
2.618494400000000155e+01 2.739234749999999963e+01 2.700542066666666585e+01 1.000000000000000000e+00
2.650914399999999915e+01 2.634704400000000035e+01 2.709794633333332925e+01 0.000000000000000000e+00
2.568618999999999986e+01 2.609766700000000128e+01 2.612675933333333589e+01 0.000000000000000000e+00
2.524918900000000122e+01 2.546768949999999876e+01 2.581484100000000126e+01 1.000000000000000000e+00
2.787791800000000109e+01 2.656355350000000115e+01 2.627109900000000309e+01 1.000000000000000000e+00
3.092522800000000061e+01 2.940157299999999907e+01 2.801744499999999860e+01 1.000000000000000000e+00
3.173373199999999983e+01 3.132948000000000022e+01 3.017895933333333502e+01 0.000000000000000000e+00
3.152325099999999836e+01 3.162849149999999909e+01 3.139407033333333175e+01 1.000000000000000000e+00
3.221365699999999777e+01 3.186845399999999984e+01 3.182354666666666887e+01 1.000000000000000000e+00
3.383209599999999995e+01 3.302287649999999530e+01 3.252300133333333321e+01 0.000000000000000000e+00
3.179268499999999875e+01 3.281239049999999935e+01 3.261281266666666312e+01 0.000000000000000000e+00
3.152189299999999861e+01 3.165728899999999868e+01 3.238222466666666577e+01 0.000000000000000000e+00
3.160974500000000020e+01 3.156581899999999763e+01 3.164144100000000037e+01 0.000000000000000000e+00
3.058842999999999890e+01 3.109908749999999955e+01 3.124002266666666472e+01 1.000000000000000000e+00
3.288728299999999649e+01 3.173785649999999947e+01 3.169515266666666164e+01 1.000000000000000000e+00
3.463008899999999812e+01 3.375868599999999731e+01 3.270193400000000139e+01 1.000000000000000000e+00
3.670996900000000096e+01 3.567002899999999954e+01 3.474244699999999852e+01 0.000000000000000000e+00
3.583469000000000193e+01 3.627232949999999789e+01 3.572491600000000034e+01 0.000000000000000000e+00
3.266284600000000182e+01 3.424876799999999832e+01 3.506916833333333017e+01 0.000000000000000000e+00
3.139150800000000174e+01 3.202717700000000178e+01 3.329634800000000183e+01 0.000000000000000000e+00
3.077325599999999994e+01 3.108238200000000262e+01 3.160920333333333687e+01 0.000000000000000000e+00
2.917866300000000024e+01 2.997595950000000187e+01 3.044780900000000301e+01 1.000000000000000000e+00
3.082599300000000042e+01 3.000232799999999855e+01 3.025930400000000020e+01 0.000000000000000000e+00
3.065950799999999887e+01 3.074275049999999965e+01 3.022138800000000103e+01 0.000000000000000000e+00
3.074954400000000021e+01 3.070452600000000132e+01 3.074501499999999865e+01 0.000000000000000000e+00
3.001783899999999861e+01 3.038369149999999763e+01 3.047563033333333138e+01 1.000000000000000000e+00
3.022060799999999858e+01 3.011922349999999682e+01 3.032933033333333128e+01 0.000000000000000000e+00
2.846808800000000161e+01 2.934434800000000010e+01 2.956884499999999960e+01 0.000000000000000000e+00
2.687273799999999824e+01 2.767041299999999993e+01 2.852047799999999711e+01 0.000000000000000000e+00
2.616369800000000012e+01 2.651821799999999740e+01 2.716817466666666903e+01 1.000000000000000000e+00
2.694745999999999952e+01 2.655557900000000160e+01 2.666129866666666359e+01 1.000000000000000000e+00
2.955125599999999864e+01 2.824935800000000086e+01 2.755413799999999824e+01 0.000000000000000000e+00
2.921240600000000143e+01 2.938183099999999826e+01 2.857037400000000105e+01 1.000000000000000000e+00
3.005734999999999957e+01 2.963487800000000050e+01 2.960700399999999988e+01 1.000000000000000000e+00
3.067590099999999964e+01 3.036662549999999783e+01 2.998188566666666688e+01 0.000000000000000000e+00
2.904438999999999993e+01 2.986014550000000156e+01 2.992588033333332831e+01 1.000000000000000000e+00
3.044282499999999914e+01 2.974360749999999953e+01 3.005437200000000075e+01 0.000000000000000000e+00
2.838275300000000101e+01 2.941278900000000007e+01 2.928998933333333454e+01 0.000000000000000000e+00
2.695820799999999906e+01 2.767048050000000003e+01 2.859459533333333070e+01 1.000000000000000000e+00
3.004498099999999994e+01 2.850159449999999950e+01 2.846198066666666548e+01 0.000000000000000000e+00
2.963688300000000098e+01 2.984093200000000223e+01 2.888002400000000236e+01 0.000000000000000000e+00
2.895672199999999918e+01 2.929680249999999830e+01 2.954619533333333337e+01 0.000000000000000000e+00
2.465077199999999991e+01 2.680374700000000132e+01 2.774812566666666669e+01 0.000000000000000000e+00
2.345563900000000146e+01 2.405320550000000068e+01 2.568771100000000374e+01 1.000000000000000000e+00
2.494271699999999825e+01 2.419917799999999986e+01 2.434970933333333321e+01 0.000000000000000000e+00
2.479186800000000090e+01 2.486729249999999780e+01 2.439674133333333472e+01 1.000000000000000000e+00
2.572984100000000041e+01 2.526085450000000066e+01 2.515480866666666770e+01 0.000000000000000000e+00
2.329295300000000069e+01 2.451139700000000232e+01 2.460488733333333400e+01 1.000000000000000000e+00
2.538221700000000070e+01 2.433758500000000069e+01 2.480167033333333393e+01 1.000000000000000000e+00
2.883577000000000012e+01 2.710899350000000041e+01 2.583698000000000050e+01 0.000000000000000000e+00
2.706687399999999855e+01 2.795132199999999756e+01 2.709495366666666882e+01 1.000000000000000000e+00
2.810684600000000088e+01 2.758686000000000149e+01 2.800316333333333318e+01 0.000000000000000000e+00
2.802204499999999854e+01 2.806444549999999793e+01 2.773192166666666481e+01 0.000000000000000000e+00
2.750381499999999946e+01 2.776292999999999722e+01 2.787756866666666511e+01 1.000000000000000000e+00
2.820226699999999909e+01 2.785304099999999750e+01 2.790937566666666569e+01 1.000000000000000000e+00
2.938843200000000166e+01 2.879534950000000038e+01 2.836483800000000244e+01 0.000000000000000000e+00
2.871469099999999841e+01 2.905156149999999826e+01 2.876846333333333305e+01 0.000000000000000000e+00
2.761392800000000136e+01 2.816430950000000166e+01 2.857235033333333263e+01 0.000000000000000000e+00
2.650367900000000176e+01 2.705880350000000334e+01 2.761076600000000170e+01 0.000000000000000000e+00
2.599125499999999889e+01 2.624746700000000033e+01 2.670295400000000186e+01 1.000000000000000000e+00
2.679981000000000080e+01 2.639553250000000162e+01 2.643158133333333737e+01 0.000000000000000000e+00
2.687632599999999883e+01 2.683806799999999981e+01 2.655579700000000187e+01 1.000000000000000000e+00
2.827274299999999840e+01 2.757453449999999862e+01 2.731629300000000171e+01 1.000000000000000000e+00
3.016216500000000167e+01 2.921745400000000004e+01 2.843707799999999963e+01 1.000000000000000000e+00
3.234501300000000157e+01 3.125358900000000162e+01 3.025997366666666721e+01 1.000000000000000000e+00
3.306293500000000307e+01 3.270397400000000232e+01 3.185670433333333662e+01 1.000000000000000000e+00
3.447109999999999985e+01 3.376701750000000146e+01 3.329301600000000150e+01 1.000000000000000000e+00
3.525253699999999668e+01 3.486181849999999827e+01 3.426219066666666890e+01 0.000000000000000000e+00
3.392409500000000122e+01 3.458831599999999895e+01 3.454924399999999451e+01 0.000000000000000000e+00
3.381082200000000171e+01 3.386745849999999791e+01 3.432915133333333557e+01 0.000000000000000000e+00
3.125237699999999919e+01 3.253159949999999867e+01 3.299576466666666619e+01 0.000000000000000000e+00
2.880217599999999933e+01 3.002727649999999926e+01 3.128845833333333459e+01 1.000000000000000000e+00
3.041503099999999904e+01 2.960860350000000096e+01 3.015652799999999800e+01 0.000000000000000000e+00
2.939326099999999897e+01 2.990414599999999723e+01 2.953682266666666578e+01 1.000000000000000000e+00
