6.632789999999999964e+00 6.481471499999999608e+00 6.403569999999999318e+00 1.000000000000000000e+00
6.985865000000000435e+00 6.809327500000000200e+00 6.649602666666666551e+00 1.000000000000000000e+00
7.506494000000000000e+00 7.246179500000000218e+00 7.041716333333333466e+00 1.000000000000000000e+00
7.709857999999999656e+00 7.608176000000000272e+00 7.400739000000000622e+00 1.000000000000000000e+00
8.487913999999999959e+00 8.098886000000000251e+00 7.901422000000000168e+00 1.000000000000000000e+00
8.696348999999999663e+00 8.592131500000000699e+00 8.298040333333332796e+00 0.000000000000000000e+00
8.252278000000000446e+00 8.474313500000000943e+00 8.478847000000000023e+00 0.000000000000000000e+00
7.539920999999999651e+00 7.896099500000000049e+00 8.162849333333333846e+00 1.000000000000000000e+00
8.241904999999999148e+00 7.890912999999999400e+00 8.011367999999999157e+00 0.000000000000000000e+00
8.174108000000000374e+00 8.208006499999999761e+00 7.985311333333332762e+00 1.000000000000000000e+00
8.803630000000000067e+00 8.488869000000001108e+00 8.406547666666666530e+00 1.000000000000000000e+00
9.164491999999999194e+00 8.984061000000000519e+00 8.714076666666667137e+00 1.000000000000000000e+00
1.027963699999999925e+01 9.722064499999998333e+00 9.415919666666667354e+00 1.000000000000000000e+00
1.044184300000000043e+01 1.036073999999999984e+01 9.961990666666665106e+00 0.000000000000000000e+00
9.601744999999999308e+00 1.002179399999999987e+01 1.010774166666666751e+01 0.000000000000000000e+00
8.684777999999999665e+00 9.143261499999999486e+00 9.576121999999999801e+00 1.000000000000000000e+00
8.948271999999999338e+00 8.816524999999998613e+00 9.078265000000000029e+00 0.000000000000000000e+00
8.590652999999999651e+00 8.769462499999999494e+00 8.741234333333332884e+00 1.000000000000000000e+00
8.955505000000000493e+00 8.773078999999999184e+00 8.831476666666667086e+00 0.000000000000000000e+00
8.568540999999999741e+00 8.762022999999999229e+00 8.704899666666666036e+00 1.000000000000000000e+00
9.626903999999999684e+00 9.097722499999999712e+00 9.050316666666665455e+00 0.000000000000000000e+00
9.127558000000000504e+00 9.377231000000000094e+00 9.107667666666666051e+00 0.000000000000000000e+00
8.593372999999999706e+00 8.860465500000000105e+00 9.115944999999999965e+00 1.000000000000000000e+00
8.696063999999999794e+00 8.644718499999999750e+00 8.805664999999999409e+00 1.000000000000000000e+00
8.793765999999999750e+00 8.744914999999998884e+00 8.694400999999999158e+00 0.000000000000000000e+00
8.488429000000000002e+00 8.641097500000000764e+00 8.659419666666666515e+00 1.000000000000000000e+00
8.615650000000000475e+00 8.552039499999999350e+00 8.632615000000001260e+00 1.000000000000000000e+00
9.363711000000000340e+00 8.989680500000000407e+00 8.822596666666667531e+00 0.000000000000000000e+00
9.363711000000000340e+00 9.363711000000000340e+00 9.114357333333332534e+00 1.000000000000000000e+00
1.065096699999999963e+01 1.000733899999999998e+01 9.792796333333333436e+00 0.000000000000000000e+00
1.031089599999999962e+01 1.048093150000000051e+01 1.010852466666666594e+01 0.000000000000000000e+00
9.426712999999999454e+00 9.868804499999999535e+00 1.012952533333333349e+01 0.000000000000000000e+00
9.277454999999999785e+00 9.352083999999999619e+00 9.671687999999999619e+00 0.000000000000000000e+00
7.683339000000000141e+00 8.480396999999999963e+00 8.795835666666667052e+00 1.000000000000000000e+00
7.841319999999999624e+00 7.762329499999999882e+00 8.267371333333333183e+00 0.000000000000000000e+00
6.229402000000000328e+00 7.035360999999999976e+00 7.251353666666666697e+00 1.000000000000000000e+00
6.368522999999999712e+00 6.298962500000000020e+00 6.813081666666666258e+00 1.000000000000000000e+00
6.724040999999999713e+00 6.546281999999999712e+00 6.440655333333332955e+00 0.000000000000000000e+00
6.568757999999999875e+00 6.646399499999999350e+00 6.553773999999999766e+00 0.000000000000000000e+00
6.278251000000000026e+00 6.423504499999999950e+00 6.523683333333333501e+00 1.000000000000000000e+00
6.810850000000000293e+00 6.544550499999999715e+00 6.552619666666667619e+00 0.000000000000000000e+00
6.666731999999999658e+00 6.738790999999999976e+00 6.585277666666666363e+00 0.000000000000000000e+00
6.008499999999999730e+00 6.337615999999999694e+00 6.495360666666666560e+00 1.000000000000000000e+00
6.177278000000000269e+00 6.092888999999999555e+00 6.284169999999999590e+00 0.000000000000000000e+00
5.801681999999999562e+00 5.989480000000000359e+00 5.995819999999999261e+00 1.000000000000000000e+00
6.354225999999999708e+00 6.077954000000000079e+00 6.111062000000000438e+00 1.000000000000000000e+00
7.442042999999999964e+00 6.898134499999999392e+00 6.532650333333333670e+00 1.000000000000000000e+00
7.961523999999999823e+00 7.701783499999999449e+00 7.252597666666666498e+00 0.000000000000000000e+00
7.961523999999999823e+00 7.961523999999999823e+00 7.788363666666666241e+00 0.000000000000000000e+00
7.450718000000000174e+00 7.706120999999999555e+00 7.791255333333332977e+00 1.000000000000000000e+00
7.837907000000000401e+00 7.644312499999999844e+00 7.750049666666666504e+00 1.000000000000000000e+00
8.250427000000000177e+00 8.044166999999999845e+00 7.846350666666666029e+00 1.000000000000000000e+00
9.039599000000000828e+00 8.645013000000000503e+00 8.375977666666665655e+00 0.000000000000000000e+00
8.578329000000000093e+00 8.808963999999999572e+00 8.622785000000000366e+00 1.000000000000000000e+00
9.034629999999999939e+00 8.806479500000000016e+00 8.884185999999999694e+00 1.000000000000000000e+00
1.000196599999999947e+01 9.518297999999999703e+00 9.204974999999999241e+00 1.000000000000000000e+00
1.033020100000000063e+01 1.016608349999999916e+01 9.788932333333333347e+00 1.000000000000000000e+00
1.105350100000000069e+01 1.069185099999999977e+01 1.046188933333333360e+01 0.000000000000000000e+00
1.049711800000000039e+01 1.077530950000000054e+01 1.062693999999999939e+01 1.000000000000000000e+00
1.105554500000000040e+01 1.077633150000000128e+01 1.086872133333333323e+01 0.000000000000000000e+00
1.084872299999999967e+01 1.095213400000000092e+01 1.080046200000000134e+01 1.000000000000000000e+00
1.131877099999999992e+01 1.108374699999999891e+01 1.107434633333333274e+01 1.000000000000000000e+00
1.252066600000000030e+01 1.191971850000000011e+01 1.156271999999999878e+01 1.000000000000000000e+00
1.442639299999999913e+01 1.347352949999999971e+01 1.275527666666666704e+01 0.000000000000000000e+00
1.417865300000000062e+01 1.430252300000000076e+01 1.370857066666666668e+01 1.000000000000000000e+00
1.479297799999999974e+01 1.448581550000000107e+01 1.446600800000000042e+01 1.000000000000000000e+00
1.677694299999999927e+01 1.578496050000000039e+01 1.524952466666666773e+01 0.000000000000000000e+00
1.592941700000000083e+01 1.635318000000000183e+01 1.583311266666666661e+01 0.000000000000000000e+00
1.469683299999999981e+01 1.531312499999999943e+01 1.580106433333333449e+01 1.000000000000000000e+00
1.512452299999999994e+01 1.491067800000000076e+01 1.525025766666666449e+01 0.000000000000000000e+00
1.502731299999999948e+01 1.507591799999999971e+01 1.494955633333333367e+01 0.000000000000000000e+00
1.435619799999999913e+01 1.469175549999999930e+01 1.483601133333333166e+01 1.000000000000000000e+00
1.704675699999999949e+01 1.570147749999999931e+01 1.547675599999999996e+01 1.000000000000000000e+00
1.926598900000000114e+01 1.815637300000000209e+01 1.688964799999999755e+01 0.000000000000000000e+00
1.763248799999999861e+01 1.844923849999999987e+01 1.798174466666666760e+01 0.000000000000000000e+00
1.707775699999999830e+01 1.735512250000000023e+01 1.799207799999999935e+01 0.000000000000000000e+00
1.691925600000000074e+01 1.699850649999999774e+01 1.720983366666666825e+01 0.000000000000000000e+00
1.590119600000000055e+01 1.641022600000000153e+01 1.663273633333333024e+01 1.000000000000000000e+00
1.726645299999999850e+01 1.658382449999999864e+01 1.669563499999999934e+01 1.000000000000000000e+00
1.837068599999999918e+01 1.781856949999999884e+01 1.717944499999999763e+01 1.000000000000000000e+00
2.025563199999999853e+01 1.931315899999999885e+01 1.863092366666666422e+01 1.000000000000000000e+00
2.098776399999999853e+01 2.062169799999999853e+01 1.987136066666666423e+01 1.000000000000000000e+00
2.592964900000000128e+01 2.345870649999999813e+01 2.239101499999999945e+01 0.000000000000000000e+00
2.491623500000000035e+01 2.542294199999999904e+01 2.394454933333333102e+01 1.000000000000000000e+00
2.580021999999999949e+01 2.535822749999999814e+01 2.554870133333333015e+01 0.000000000000000000e+00
2.364164200000000093e+01 2.472093100000000021e+01 2.478603233333333478e+01 0.000000000000000000e+00
2.278709599999999824e+01 2.321436899999999781e+01 2.407631933333333407e+01 1.000000000000000000e+00
2.664720000000000155e+01 2.471714800000000167e+01 2.435864599999999669e+01 1.000000000000000000e+00
2.872253600000000162e+01 2.768486800000000159e+01 2.605227733333333617e+01 1.000000000000000000e+00
3.026027300000000153e+01 2.949140450000000158e+01 2.854333633333333253e+01 1.000000000000000000e+00
3.545732900000000143e+01 3.285880099999999970e+01 3.148004600000000153e+01 0.000000000000000000e+00
3.399040200000000311e+01 3.472386550000000227e+01 3.323600133333333417e+01 1.000000000000000000e+00
3.567344299999999890e+01 3.483192250000000456e+01 3.504039133333333211e+01 0.000000000000000000e+00
3.314937599999999662e+01 3.441140949999999776e+01 3.427107366666666621e+01 1.000000000000000000e+00
3.685134099999999790e+01 3.500035849999999726e+01 3.522471999999999781e+01 0.000000000000000000e+00
3.534830900000000042e+01 3.609982499999999561e+01 3.511634199999999595e+01 0.000000000000000000e+00
3.336339600000000161e+01 3.435585249999999746e+01 3.518768199999999524e+01 1.000000000000000000e+00
3.528495800000000315e+01 3.432417700000000593e+01 3.466555433333333269e+01 0.000000000000000000e+00
3.523647299999999660e+01 3.526071550000000343e+01 3.462827566666666712e+01 1.000000000000000000e+00
3.930711000000000155e+01 3.727179149999999908e+01 3.660951366666666473e+01 1.000000000000000000e+00
3.985835300000000103e+01 3.958273150000000129e+01 3.813397866666667113e+01 0.000000000000000000e+00
3.909270099999999815e+01 3.947552699999999959e+01 3.941938799999999787e+01 1.000000000000000000e+00
4.511514300000000333e+01 4.210392199999999718e+01 4.135539899999999847e+01 0.000000000000000000e+00
3.834787000000000035e+01 4.173150650000000184e+01 4.085190466666666254e+01 1.000000000000000000e+00
4.390321000000000140e+01 4.112554000000000087e+01 4.245540766666666599e+01 1.000000000000000000e+00
5.073638900000000262e+01 4.731979950000000201e+01 4.432915633333333716e+01 1.000000000000000000e+00
5.641647700000000043e+01 5.357643300000000153e+01 5.035202533333333719e+01 1.000000000000000000e+00
6.317998500000000206e+01 5.979823100000000125e+01 5.677761699999999934e+01 0.000000000000000000e+00
6.279450599999999838e+01 6.298724550000000022e+01 6.079698933333332889e+01 0.000000000000000000e+00
5.816844900000000251e+01 6.048147749999999689e+01 6.138098000000000098e+01 1.000000000000000000e+00
6.089986799999999789e+01 5.953415850000000376e+01 6.062094099999999486e+01 1.000000000000000000e+00
7.187300899999999615e+01 6.638643849999999702e+01 6.364710866666666789e+01 1.000000000000000000e+00
7.971098299999999881e+01 7.579199599999999748e+01 7.082795333333332621e+01 1.000000000000000000e+00
8.901734199999999930e+01 8.436416249999999195e+01 8.020044466666666949e+01 0.000000000000000000e+00
8.656376600000000110e+01 8.779055400000000020e+01 8.509736366666665219e+01 0.000000000000000000e+00
8.578894800000000487e+01 8.617635699999999588e+01 8.712335199999999702e+01 0.000000000000000000e+00
8.341663400000000195e+01 8.460279099999999630e+01 8.525644933333332176e+01 0.000000000000000000e+00
6.773294099999999673e+01 7.557478749999999934e+01 7.897950766666666311e+01 1.000000000000000000e+00
7.105067400000000077e+01 6.939180749999999875e+01 7.406674966666666649e+01 1.000000000000000000e+00
7.446734600000000626e+01 7.275901000000000352e+01 7.108365366666667740e+01 1.000000000000000000e+00
7.748744999999999550e+01 7.597739799999999377e+01 7.433515666666666277e+01 0.000000000000000000e+00
7.092952699999999311e+01 7.420848849999998720e+01 7.429477433333333636e+01 1.000000000000000000e+00
8.180165900000000079e+01 7.636559299999998984e+01 7.673954533333332506e+01 0.000000000000000000e+00
7.705072800000000655e+01 7.942619350000001077e+01 7.659397133333332874e+01 0.000000000000000000e+00
7.415705099999999561e+01 7.560388950000000818e+01 7.766981266666667238e+01 1.000000000000000000e+00
7.580321499999999446e+01 7.498013299999999504e+01 7.567033133333333694e+01 1.000000000000000000e+00
7.766260499999999922e+01 7.673291000000000395e+01 7.587429033333332029e+01 1.000000000000000000e+00
9.133788300000000504e+01 8.450024400000000924e+01 8.160123433333333764e+01 0.000000000000000000e+00
7.800924700000000200e+01 8.467356499999999642e+01 8.233657833333334963e+01 0.000000000000000000e+00
6.822566199999999981e+01 7.311745450000000801e+01 7.919093066666665948e+01 0.000000000000000000e+00
6.476240500000000111e+01 6.649403350000000046e+01 7.033243800000001045e+01 0.000000000000000000e+00
5.894980999999999938e+01 6.185610750000000024e+01 6.397929233333334054e+01 1.000000000000000000e+00
7.767503399999999658e+01 6.831242199999999798e+01 6.712908299999999429e+01 0.000000000000000000e+00
6.928337100000000248e+01 7.347920249999999953e+01 6.863607166666666615e+01 0.000000000000000000e+00
6.677948800000000062e+01 6.803142950000000155e+01 7.124596433333333323e+01 1.000000000000000000e+00
7.994374100000000283e+01 7.336161450000000173e+01 7.200220000000000198e+01 0.000000000000000000e+00
7.762476300000000151e+01 7.878425200000000928e+01 7.478266399999999692e+01 1.000000000000000000e+00
7.890036800000000028e+01 7.826256549999999379e+01 7.882295733333334908e+01 0.000000000000000000e+00
7.313751200000000097e+01 7.601894000000000062e+01 7.655421433333333425e+01 0.000000000000000000e+00
6.948096499999999764e+01 7.130923849999999220e+01 7.383961499999999489e+01 0.000000000000000000e+00
6.384394100000000094e+01 6.666245299999999929e+01 6.882080599999999038e+01 1.000000000000000000e+00
7.522475400000000434e+01 6.953434749999999553e+01 6.951655333333333431e+01 1.000000000000000000e+00
8.045926699999999698e+01 7.784201050000000066e+01 7.317598733333333882e+01 1.000000000000000000e+00
8.430106399999999667e+01 8.238016550000000393e+01 7.999502833333333740e+01 0.000000000000000000e+00
7.519215400000000216e+01 7.974660900000000652e+01 7.998416166666667948e+01 0.000000000000000000e+00
6.838309499999999730e+01 7.178762449999999262e+01 7.595877099999999871e+01 1.000000000000000000e+00
7.257667499999999450e+01 7.047988499999999590e+01 7.205064133333333132e+01 0.000000000000000000e+00
5.845214099999999746e+01 6.551440800000000309e+01 6.647063699999999642e+01 0.000000000000000000e+00
5.614222300000000132e+01 5.729718199999999939e+01 6.239034633333333346e+01 0.000000000000000000e+00
5.034407800000000321e+01 5.324315049999999871e+01 5.497948066666666733e+01 0.000000000000000000e+00
4.922533800000000070e+01 4.978470800000000196e+01 5.190387966666666131e+01 1.000000000000000000e+00
5.270747399999999772e+01 5.096640599999999921e+01 5.075896333333333388e+01 0.000000000000000000e+00
4.086198799999999665e+01 4.678473099999999363e+01 4.759826666666666739e+01 1.000000000000000000e+00
5.531891300000000200e+01 4.809045050000000288e+01 4.962945833333333212e+01 1.000000000000000000e+00
6.091105999999999909e+01 5.811498650000000055e+01 5.236398700000000161e+01 0.000000000000000000e+00
5.440972500000000167e+01 5.766039250000000038e+01 5.687989933333333425e+01 1.000000000000000000e+00
5.490117300000000000e+01 5.465544900000000439e+01 5.674065266666666929e+01 0.000000000000000000e+00
5.472565099999999916e+01 5.481341199999999958e+01 5.467884966666667168e+01 1.000000000000000000e+00
5.516976900000000228e+01 5.494771000000000072e+01 5.493219766666666715e+01 1.000000000000000000e+00
5.972092800000000068e+01 5.744534850000000148e+01 5.653878266666666974e+01 1.000000000000000000e+00
6.192969099999999827e+01 6.082530950000000303e+01 5.894012933333333848e+01 0.000000000000000000e+00
5.813900399999999991e+01 6.003434749999999553e+01 5.992987433333333769e+01 0.000000000000000000e+00
5.725811000000000206e+01 5.769855700000000098e+01 5.910893499999999534e+01 1.000000000000000000e+00
5.779368199999999689e+01 5.752589600000000303e+01 5.773026533333333532e+01 1.000000000000000000e+00
6.237247800000000097e+01 6.008307999999999538e+01 5.914142333333333568e+01 1.000000000000000000e+00
6.318452099999999660e+01 6.277849949999999524e+01 6.111689366666666245e+01 1.000000000000000000e+00
6.393301799999999702e+01 6.355876949999999681e+01 6.316333900000000057e+01 1.000000000000000000e+00
6.556266800000000217e+01 6.474784300000000314e+01 6.422673566666667000e+01 1.000000000000000000e+00
7.019621300000000019e+01 6.787944050000000118e+01 6.656396633333334023e+01 0.000000000000000000e+00
6.826496099999999956e+01 6.923058699999999988e+01 6.800794733333333397e+01 0.000000000000000000e+00
6.507378400000000340e+01 6.666937250000000859e+01 6.784498600000000579e+01 0.000000000000000000e+00
6.247337300000000226e+01 6.377357849999999928e+01 6.527070600000000411e+01 0.000000000000000000e+00
6.277094999999999914e+01 6.262216150000000425e+01 6.343936899999999923e+01 0.000000000000000000e+00
6.258583500000000299e+01 6.267839250000000106e+01 6.261005266666666813e+01 0.000000000000000000e+00
6.181903799999999904e+01 6.220243650000000457e+01 6.239194100000000276e+01 0.000000000000000000e+00
6.012926499999999663e+01 6.097415149999999784e+01 6.151137933333333763e+01 1.000000000000000000e+00
6.100366199999999850e+01 6.056646349999999757e+01 6.098398833333333613e+01 1.000000000000000000e+00
6.385672000000000281e+01 6.243019100000000066e+01 6.166321566666666598e+01 1.000000000000000000e+00
6.705136099999999999e+01 6.545404050000000495e+01 6.397058100000000280e+01 1.000000000000000000e+00
7.027484900000000323e+01 6.866310500000000161e+01 6.706097666666666157e+01 0.000000000000000000e+00
6.659645100000000184e+01 6.843565000000000964e+01 6.797422033333333502e+01 0.000000000000000000e+00
6.599761999999999773e+01 6.629703549999999268e+01 6.762297333333333427e+01 0.000000000000000000e+00
6.526644100000000037e+01 6.563203049999999905e+01 6.595350399999999524e+01 0.000000000000000000e+00
5.455299800000000232e+01 5.990971950000000135e+01 6.193901966666666681e+01 0.000000000000000000e+00
5.396017799999999909e+01 5.425658800000000070e+01 5.792653899999999823e+01 0.000000000000000000e+00
5.313672600000000301e+01 5.354845199999999750e+01 5.388330066666666340e+01 1.000000000000000000e+00
5.976809300000000036e+01 5.645240950000000169e+01 5.562166566666666512e+01 0.000000000000000000e+00
5.773426800000000014e+01 5.875118050000000380e+01 5.687969566666667021e+01 0.000000000000000000e+00
5.758597600000000227e+01 5.766012200000000121e+01 5.836277900000001040e+01 1.000000000000000000e+00
5.877760299999999916e+01 5.818178950000000071e+01 5.803261566666666482e+01 1.000000000000000000e+00
6.381692100000000067e+01 6.129726200000000347e+01 6.006016666666666737e+01 0.000000000000000000e+00
5.914880000000000138e+01 6.148286050000000103e+01 6.058110800000000040e+01 0.000000000000000000e+00
5.850119800000000225e+01 5.882499900000000537e+01 6.048897300000000854e+01 0.000000000000000000e+00
5.773845299999999980e+01 5.811982550000000458e+01 5.846281700000000114e+01 1.000000000000000000e+00
5.949211499999999830e+01 5.861528400000000261e+01 5.857725533333333345e+01 0.000000000000000000e+00
5.939833500000000299e+01 5.944522500000000065e+01 5.887630100000000510e+01 0.000000000000000000e+00
5.763817199999999730e+01 5.851825350000000014e+01 5.884287399999999479e+01 0.000000000000000000e+00
5.561668399999999934e+01 5.662742799999999477e+01 5.755106366666666418e+01 1.000000000000000000e+00
5.604383099999999729e+01 5.583025750000000187e+01 5.643289566666665991e+01 1.000000000000000000e+00
5.862120399999999876e+01 5.733251749999999447e+01 5.676057300000000083e+01 1.000000000000000000e+00
5.956008500000000083e+01 5.909064449999999624e+01 5.807504000000000133e+01 1.000000000000000000e+00
6.711229699999999809e+01 6.333619099999999946e+01 6.176452866666667063e+01 0.000000000000000000e+00
6.681428499999999815e+01 6.696329099999999812e+01 6.449555566666667517e+01 1.000000000000000000e+00
7.084497799999999756e+01 6.882963150000000496e+01 6.825718666666666934e+01 1.000000000000000000e+00
7.230347399999999425e+01 7.157422599999999591e+01 6.998757899999999665e+01 0.000000000000000000e+00
6.777490199999999732e+01 7.003918799999999578e+01 7.030778466666666304e+01 1.000000000000000000e+00
6.894464899999999830e+01 6.835977549999999781e+01 6.967434166666666329e+01 1.000000000000000000e+00
7.475950600000000179e+01 7.185207750000000715e+01 7.049301900000000387e+01 1.000000000000000000e+00
7.797048999999999808e+01 7.636499799999999993e+01 7.389154833333333272e+01 0.000000000000000000e+00
7.728270700000000204e+01 7.762659850000000006e+01 7.667090100000000064e+01 1.000000000000000000e+00
8.124781799999999521e+01 7.926526250000000573e+01 7.883367166666666037e+01 1.000000000000000000e+00
8.568286899999999662e+01 8.346534349999998881e+01 8.140446466666666936e+01 1.000000000000000000e+00
8.680376400000000103e+01 8.624331649999999172e+01 8.457815033333332622e+01 0.000000000000000000e+00
8.556579600000000596e+01 8.618478000000000350e+01 8.601747633333332033e+01 0.000000000000000000e+00
7.750440999999999292e+01 8.153510299999999233e+01 8.329132333333332383e+01 1.000000000000000000e+00
7.993864399999999648e+01 7.872152699999999470e+01 8.100294999999999845e+01 0.000000000000000000e+00
7.920652800000000582e+01 7.957258600000000115e+01 7.888319400000000314e+01 1.000000000000000000e+00
8.419808199999999943e+01 8.170230499999999552e+01 8.111441800000000057e+01 1.000000000000000000e+00
8.547015399999999374e+01 8.483411799999998948e+01 8.295825466666666159e+01 1.000000000000000000e+00
8.959742699999999616e+01 8.753379049999999495e+01 8.642188766666664890e+01 1.000000000000000000e+00
9.607782699999999920e+01 9.283762699999999768e+01 9.038180266666665830e+01 0.000000000000000000e+00
8.834630599999999845e+01 9.221206649999999172e+01 9.134052000000001215e+01 1.000000000000000000e+00
9.538981599999999617e+01 9.186806099999999731e+01 9.327131633333333127e+01 0.000000000000000000e+00
9.073137699999999484e+01 9.306059650000000261e+01 9.148916633333332982e+01 0.000000000000000000e+00
8.751561700000000599e+01 8.912349700000000041e+01 9.121227000000000373e+01 0.000000000000000000e+00
6.956501799999999491e+01 7.854031750000000045e+01 8.260400399999998911e+01 0.000000000000000000e+00
6.105741499999999888e+01 6.531121650000000045e+01 7.271268333333333089e+01 1.000000000000000000e+00
6.332495899999999978e+01 6.219118699999999933e+01 6.464913066666666452e+01 1.000000000000000000e+00
6.896071600000000501e+01 6.614283749999999884e+01 6.444769666666667263e+01 0.000000000000000000e+00
6.924662800000000118e+01 6.910367200000000310e+01 6.717743433333333769e+01 1.000000000000000000e+00
7.330008700000000488e+01 7.127335750000000303e+01 7.050247699999999895e+01 1.000000000000000000e+00
7.808134499999999889e+01 7.569071600000000899e+01 7.354268666666666832e+01 1.000000000000000000e+00
8.040389299999999650e+01 7.924261899999999059e+01 7.726177500000000009e+01 0.000000000000000000e+00
7.940936299999999903e+01 7.990662799999999777e+01 7.929820033333332674e+01 1.000000000000000000e+00
8.968344100000000196e+01 8.454640200000000050e+01 8.316556566666666583e+01 0.000000000000000000e+00
8.977469600000000582e+01 8.972906850000001100e+01 8.628916666666667368e+01 1.000000000000000000e+00
9.138531500000000563e+01 9.058000549999999862e+01 9.028115066666667587e+01 1.000000000000000000e+00
9.214932299999999543e+01 9.176731900000000053e+01 9.110311133333333089e+01 1.000000000000000000e+00
9.653485100000000330e+01 9.434208699999999226e+01 9.335649633333332531e+01 1.000000000000000000e+00
1.004600219999999950e+02 9.849743649999999207e+01 9.638139866666665512e+01 0.000000000000000000e+00
9.392899300000000551e+01 9.719450750000000028e+01 9.697462199999999655e+01 1.000000000000000000e+00
9.758972900000000550e+01 9.575936100000001261e+01 9.732624800000000675e+01 1.000000000000000000e+00
9.886647800000000075e+01 9.822810350000000312e+01 9.679506666666668480e+01 1.000000000000000000e+00
9.944464100000000428e+01 9.915555950000000962e+01 9.863361600000000351e+01 0.000000000000000000e+00
9.656153100000000222e+01 9.800308599999999615e+01 9.829088333333334049e+01 0.000000000000000000e+00
9.567729199999999423e+01 9.611941149999999823e+01 9.722782133333332411e+01 1.000000000000000000e+00
9.948946399999999812e+01 9.758337799999999618e+01 9.724276233333334574e+01 0.000000000000000000e+00
9.540607500000000130e+01 9.744776949999999260e+01 9.685761033333334069e+01 1.000000000000000000e+00
1.044520720000000011e+02 9.992907350000000122e+01 9.978253699999999071e+01 1.000000000000000000e+00
1.118183750000000032e+02 1.081352234999999951e+02 1.038921739999999971e+02 0.000000000000000000e+00
1.101519930000000045e+02 1.109851840000000038e+02 1.088074799999999982e+02 1.000000000000000000e+00
1.147868579999999952e+02 1.124694254999999998e+02 1.122524086666666676e+02 1.000000000000000000e+00
1.267066729999999950e+02 1.207467654999999951e+02 1.172151746666666696e+02 0.000000000000000000e+00
1.266128460000000047e+02 1.266597595000000069e+02 1.227021256666666744e+02 1.000000000000000000e+00
1.280485229999999888e+02 1.273306844999999896e+02 1.271226806666666675e+02 1.000000000000000000e+00
1.339456790000000126e+02 1.309971009999999865e+02 1.295356826666666450e+02 0.000000000000000000e+00
1.326500090000000114e+02 1.332978439999999978e+02 1.315480703333333281e+02 1.000000000000000000e+00
1.353097380000000101e+02 1.339798734999999965e+02 1.339684753333333447e+02 1.000000000000000000e+00
1.434338989999999967e+02 1.393718185000000176e+02 1.371312153333333299e+02 0.000000000000000000e+00
1.355937040000000025e+02 1.395138014999999996e+02 1.381124470000000031e+02 1.000000000000000000e+00
1.385290369999999882e+02 1.370613705000000095e+02 1.391855466666666814e+02 1.000000000000000000e+00
1.462607730000000004e+02 1.423949049999999943e+02 1.401278379999999970e+02 1.000000000000000000e+00
1.489303740000000005e+02 1.475955735000000004e+02 1.445733946666666725e+02 0.000000000000000000e+00
1.462521969999999953e+02 1.475912854999999979e+02 1.471477813333333415e+02 1.000000000000000000e+00
1.531877589999999998e+02 1.497199779999999976e+02 1.494567766666666557e+02 1.000000000000000000e+00
1.564726410000000101e+02 1.548301999999999907e+02 1.519708656666666684e+02 1.000000000000000000e+00
1.665996399999999937e+02 1.615361404999999877e+02 1.587533466666666584e+02 0.000000000000000000e+00
1.653460389999999904e+02 1.659728394999999921e+02 1.628061066666666648e+02 0.000000000000000000e+00
1.540237879999999961e+02 1.596849134999999933e+02 1.619898223333333362e+02 1.000000000000000000e+00
1.568179470000000038e+02 1.554208674999999857e+02 1.587292579999999873e+02 0.000000000000000000e+00
1.571386569999999949e+02 1.569783019999999851e+02 1.559934639999999888e+02 0.000000000000000000e+00
1.562325739999999996e+02 1.566856154999999831e+02 1.567297259999999994e+02 1.000000000000000000e+00
1.670455929999999967e+02 1.616390834999999981e+02 1.601389413333333209e+02 0.000000000000000000e+00
1.566419679999999914e+02 1.618437804999999798e+02 1.599733783333333292e+02 0.000000000000000000e+00
1.530506289999999865e+02 1.548462984999999890e+02 1.589127299999999821e+02 1.000000000000000000e+00
1.549174189999999953e+02 1.539840239999999767e+02 1.548700053333333244e+02 1.000000000000000000e+00
1.642343140000000119e+02 1.595758665000000178e+02 1.574007873333333407e+02 0.000000000000000000e+00
1.624227140000000134e+02 1.633285140000000126e+02 1.605248156666666830e+02 1.000000000000000000e+00
1.732340240000000051e+02 1.678283690000000092e+02 1.666303506666666863e+02 0.000000000000000000e+00
1.644951629999999909e+02 1.688645935000000122e+02 1.667173003333333270e+02 1.000000000000000000e+00
1.689458160000000078e+02 1.667204894999999851e+02 1.688916676666666774e+02 0.000000000000000000e+00
1.559396669999999858e+02 1.624427415000000110e+02 1.631268819999999948e+02 1.000000000000000000e+00
1.591463929999999891e+02 1.575430299999999875e+02 1.613439586666666798e+02 0.000000000000000000e+00
1.487265170000000012e+02 1.539364549999999952e+02 1.546041923333333159e+02 1.000000000000000000e+00
1.518562929999999938e+02 1.502914049999999975e+02 1.532430676666666614e+02 0.000000000000000000e+00
1.469606479999999920e+02 1.494084704999999929e+02 1.491811526666666623e+02 0.000000000000000000e+00
1.473460239999999999e+02 1.471533359999999959e+02 1.487209883333333380e+02 1.000000000000000000e+00
1.546423189999999863e+02 1.509941714999999931e+02 1.496496636666666689e+02 0.000000000000000000e+00
1.456639859999999942e+02 1.501531524999999760e+02 1.492174430000000029e+02 1.000000000000000000e+00
1.526635589999999922e+02 1.491637724999999932e+02 1.509899546666666481e+02 1.000000000000000000e+00
1.595685880000000054e+02 1.561160734999999988e+02 1.526320443333333117e+02 1.000000000000000000e+00
1.628679050000000075e+02 1.612182465000000207e+02 1.583666839999999922e+02 0.000000000000000000e+00
1.528290709999999990e+02 1.578484880000000032e+02 1.584218546666666896e+02 0.000000000000000000e+00
1.511424100000000124e+02 1.519857405000000199e+02 1.556131286666666540e+02 1.000000000000000000e+00
1.598139189999999985e+02 1.554781644999999912e+02 1.545951333333333366e+02 0.000000000000000000e+00
1.603391880000000072e+02 1.600765534999999886e+02 1.570985056666666821e+02 0.000000000000000000e+00
1.592157750000000078e+02 1.597774815000000217e+02 1.597896273333333284e+02 0.000000000000000000e+00
1.378869320000000016e+02 1.485513535000000047e+02 1.524806316666666817e+02 0.000000000000000000e+00
1.360165409999999895e+02 1.369517364999999813e+02 1.443730826666666474e+02 0.000000000000000000e+00
1.354865259999999978e+02 1.357515334999999936e+02 1.364633330000000058e+02 0.000000000000000000e+00
1.294654850000000010e+02 1.324760054999999852e+02 1.336561839999999961e+02 1.000000000000000000e+00
1.367532809999999870e+02 1.331093829999999798e+02 1.339017639999999858e+02 0.000000000000000000e+00
1.364880070000000103e+02 1.366206439999999986e+02 1.342355909999999994e+02 1.000000000000000000e+00
1.456637269999999944e+02 1.410758670000000166e+02 1.396350050000000067e+02 0.000000000000000000e+00
1.442690729999999917e+02 1.449663999999999930e+02 1.421402690000000177e+02 0.000000000000000000e+00
1.404453279999999893e+02 1.423572004999999763e+02 1.434593759999999918e+02 0.000000000000000000e+00
1.398668519999999944e+02 1.401560900000000061e+02 1.415270843333333062e+02 0.000000000000000000e+00
1.276924900000000065e+02 1.337796710000000076e+02 1.360015566666666871e+02 0.000000000000000000e+00
1.262103730000000041e+02 1.269514315000000124e+02 1.312565716666666731e+02 0.000000000000000000e+00
1.219531250000000000e+02 1.240817490000000021e+02 1.252853293333333369e+02 0.000000000000000000e+00
1.213785550000000057e+02 1.216658400000000029e+02 1.231806843333333319e+02 0.000000000000000000e+00
1.209353640000000070e+02 1.211569594999999993e+02 1.214223479999999995e+02 0.000000000000000000e+00
1.096608200000000011e+02 1.152980919999999969e+02 1.173249129999999951e+02 1.000000000000000000e+00
1.151442949999999996e+02 1.124025575000000003e+02 1.152468263333333311e+02 1.000000000000000000e+00
1.344481049999999982e+02 1.247961999999999989e+02 1.197510733333333377e+02 0.000000000000000000e+00
1.295566709999999944e+02 1.320023879999999963e+02 1.263830236666666593e+02 1.000000000000000000e+00
1.364810029999999870e+02 1.330188369999999907e+02 1.334952596666666693e+02 1.000000000000000000e+00
1.373468320000000062e+02 1.369139174999999966e+02 1.344615019999999959e+02 1.000000000000000000e+00
1.453461910000000046e+02 1.413465115000000196e+02 1.397246753333333515e+02 0.000000000000000000e+00
1.437716670000000079e+02 1.445589290000000062e+02 1.421548966666666729e+02 1.000000000000000000e+00
1.449860229999999888e+02 1.443788450000000125e+02 1.447012936666666576e+02 0.000000000000000000e+00
1.402763520000000028e+02 1.426311875000000100e+02 1.430113473333333332e+02 1.000000000000000000e+00
1.480618900000000053e+02 1.441691210000000183e+02 1.444414216666666846e+02 1.000000000000000000e+00
1.528772739999999999e+02 1.504695820000000026e+02 1.470718386666666788e+02 1.000000000000000000e+00
1.607334439999999915e+02 1.568053590000000099e+02 1.538908693333333133e+02 1.000000000000000000e+00
1.656147459999999967e+02 1.631740949999999941e+02 1.597418213333333199e+02 0.000000000000000000e+00
1.616515960000000121e+02 1.636331710000000044e+02 1.626665953333333334e+02 0.000000000000000000e+00
1.487948299999999904e+02 1.552232129999999870e+02 1.586870573333333425e+02 0.000000000000000000e+00
1.416842039999999940e+02 1.452395169999999780e+02 1.507102099999999893e+02 1.000000000000000000e+00
1.441930849999999964e+02 1.429386445000000094e+02 1.448907063333333269e+02 0.000000000000000000e+00
1.356069180000000074e+02 1.399000015000000019e+02 1.404947356666666849e+02 0.000000000000000000e+00
1.340696869999999876e+02 1.348383024999999975e+02 1.379565633333333210e+02 1.000000000000000000e+00
1.374280550000000005e+02 1.357488710000000083e+02 1.357015533333333224e+02 1.000000000000000000e+00
1.459344480000000033e+02 1.416812515000000019e+02 1.391440633333333210e+02 0.000000000000000000e+00
1.412549740000000043e+02 1.435947110000000180e+02 1.415391590000000122e+02 1.000000000000000000e+00
1.467807770000000005e+02 1.440178755000000024e+02 1.446567330000000027e+02 1.000000000000000000e+00
1.566159360000000049e+02 1.516983564999999885e+02 1.482172290000000032e+02 0.000000000000000000e+00
1.490865019999999959e+02 1.528512190000000146e+02 1.508277383333333148e+02 0.000000000000000000e+00
1.482356110000000058e+02 1.486610565000000008e+02 1.513126830000000211e+02 0.000000000000000000e+00
1.400523680000000013e+02 1.441439895000000035e+02 1.457914936666666677e+02 0.000000000000000000e+00
1.365259550000000104e+02 1.382891615000000058e+02 1.416046446666666725e+02 0.000000000000000000e+00
1.364687500000000000e+02 1.364973525000000052e+02 1.376823576666666611e+02 1.000000000000000000e+00
1.415777740000000051e+02 1.390232619999999883e+02 1.381908263333333480e+02 1.000000000000000000e+00
1.430919189999999901e+02 1.423348464999999976e+02 1.403794809999999700e+02 1.000000000000000000e+00
