6.288540000000000241e-01 5.890535000000000077e-01 5.771129999999999871e-01 1.625068800000000000e+09 1.000000000000000000e+00
6.407950000000000035e-01 6.348245000000000138e-01 6.063006666666667099e-01 9.057280000000000000e+08 1.000000000000000000e+00
6.646750000000000158e-01 6.527350000000000652e-01 6.447746666666667181e-01 1.354588800000000000e+09 0.000000000000000000e+00
6.288540000000000241e-01 6.467644999999999644e-01 6.447746666666667181e-01 1.090665600000000000e+09 1.000000000000000000e+00
7.681569999999999787e-01 6.985055000000000014e-01 6.872286666666665989e-01 1.603756800000000000e+09 0.000000000000000000e+00
7.482569999999999499e-01 7.582069999999999643e-01 7.150893333333332436e-01 9.077536000000000000e+08 0.000000000000000000e+00
7.084559999999999746e-01 7.283564999999999623e-01 7.416233333333334121e-01 1.415872000000000000e+09 0.000000000000000000e+00
5.313419999999999810e-01 6.198989999999999778e-01 6.626849999999999685e-01 1.970364800000000000e+09 0.000000000000000000e+00
5.293520000000000447e-01 5.303470000000000129e-01 5.897166666666666668e-01 1.079324800000000000e+09 1.000000000000000000e+00
5.333320000000000283e-01 5.313419999999999810e-01 5.313419999999999810e-01 1.356022400000000000e+09 1.000000000000000000e+00
5.970130000000000159e-01 5.651725000000000776e-01 5.532323333333333260e-01 8.978208000000000000e+08 1.000000000000000000e+00
6.129339999999999788e-01 6.049735000000000529e-01 5.810930000000000817e-01 8.746624000000000000e+08 1.000000000000000000e+00
7.283560000000000034e-01 6.706449999999999356e-01 6.461010000000000364e-01 1.716937600000000000e+09 1.000000000000000000e+00
7.601970000000000116e-01 7.442765000000000075e-01 7.004956666666665166e-01 1.227955200000000000e+09 0.000000000000000000e+00
7.442769999999999664e-01 7.522370000000000445e-01 7.442766666666665865e-01 1.613091200000000000e+09 1.000000000000000000e+00
7.840780000000000527e-01 7.641774999999999540e-01 7.628506666666666769e-01 1.460339200000000000e+09 1.000000000000000000e+00
8.875600000000000156e-01 8.358190000000000897e-01 8.053050000000000486e-01 1.573110400000000000e+09 0.000000000000000000e+00
7.402969999999999828e-01 8.139285000000000547e-01 8.039783333333333504e-01 1.910780800000000000e+09 1.000000000000000000e+00
7.482569999999999499e-01 7.442769999999999664e-01 7.920380000000001308e-01 1.601216000000000000e+09 1.000000000000000000e+00
7.880580000000000362e-01 7.681575000000000486e-01 7.588706666666666933e-01 1.278780800000000000e+09 0.000000000000000000e+00
6.726349999999999829e-01 7.303465000000000096e-01 7.363166666666667304e-01 1.657193600000000000e+09 0.000000000000000000e+00
6.467650000000000343e-01 6.596999999999999531e-01 7.024860000000000548e-01 1.391708800000000000e+09 1.000000000000000000e+00
6.527349999999999541e-01 6.497500000000000497e-01 6.573783333333332868e-01 1.100080000000000000e+09 1.000000000000000000e+00
7.800979999999999581e-01 7.164165000000000116e-01 6.931993333333332785e-01 1.043036800000000000e+09 1.000000000000000000e+00
9.532310000000000505e-01 8.666644999999999488e-01 7.953546666666667653e-01 2.359977600000000000e+09 1.000000000000000000e+00
1.010942999999999925e+00 9.820869999999999322e-01 9.147573333333332002e-01 1.361203200000000000e+09 0.000000000000000000e+00
8.795990000000000197e-01 9.452709999999999724e-01 9.479243333333332577e-01 1.698380800000000000e+09 0.000000000000000000e+00
8.517390000000000239e-01 8.656690000000000218e-01 9.140936666666666932e-01 1.772044800000000000e+09 0.000000000000000000e+00
7.960180000000000033e-01 8.238784999999999581e-01 8.424520000000000897e-01 1.200016000000000000e+09 1.000000000000000000e+00
9.074609999999999621e-01 8.517394999999999827e-01 8.517393333333332928e-01 1.387920000000000000e+09 1.000000000000000000e+00
9.512410000000000032e-01 9.293510000000000382e-01 8.849066666666667302e-01 1.166182400000000000e+09 0.000000000000000000e+00
9.233799999999999786e-01 9.373104999999999354e-01 9.273606666666666110e-01 7.892864000000000000e+08 1.000000000000000000e+00
1.046764000000000028e+00 9.850719999999999477e-01 9.737949999999999662e-01 1.204592000000000000e+09 1.000000000000000000e+00
1.074624000000000024e+00 1.060694000000000026e+00 1.014922666666666640e+00 1.556710400000000000e+09 1.000000000000000000e+00
1.195287999999999906e+00 1.134955999999999854e+00 1.105558666666666801e+00 1.046403200000000000e+09 1.000000000000000000e+00
1.454406000000000088e+00 1.324847000000000108e+00 1.241439333333333339e+00 1.923811200000000000e+09 1.000000000000000000e+00
1.784572999999999965e+00 1.619489500000000026e+00 1.478088999999999986e+00 2.980275200000000000e+09 1.000000000000000000e+00
2.004455999999999793e+00 1.894514499999999879e+00 1.747811666666666541e+00 2.405235200000000000e+09 0.000000000000000000e+00
1.978647000000000045e+00 1.991551499999999919e+00 1.922558666666666527e+00 2.026496000000000000e+09 0.000000000000000000e+00
1.636686000000000085e+00 1.807666500000000065e+00 1.873262999999999900e+00 3.788163200000000000e+09 1.000000000000000000e+00
1.977540000000000076e+00 1.807113000000000191e+00 1.864290999999999920e+00 1.689148800000000000e+09 0.000000000000000000e+00
1.961932999999999927e+00 1.969736500000000001e+00 1.858719666666666770e+00 1.431424000000000000e+09 0.000000000000000000e+00
1.863836999999999966e+00 1.912884999999999946e+00 1.934436666666666582e+00 1.232262400000000000e+09 1.000000000000000000e+00
2.328758999999999801e+00 2.096297999999999995e+00 2.051509666666666565e+00 1.492656000000000000e+09 1.000000000000000000e+00
2.564353000000000105e+00 2.446556000000000175e+00 2.252316333333333365e+00 1.282339200000000000e+09 0.000000000000000000e+00
2.292513000000000023e+00 2.428433000000000064e+00 2.395208333333333162e+00 2.020817600000000000e+09 0.000000000000000000e+00
2.258217000000000141e+00 2.275364999999999860e+00 2.371694333333333571e+00 1.562139200000000000e+09 1.000000000000000000e+00
2.276577000000000073e+00 2.267396999999999885e+00 2.275768999999999931e+00 1.491811200000000000e+09 1.000000000000000000e+00
2.395913999999999877e+00 2.336245499999999975e+00 2.310235999999999734e+00 1.974097600000000000e+09 1.000000000000000000e+00
2.556588000000000083e+00 2.476250999999999980e+00 2.409693000000000307e+00 1.389000000000000000e+09 0.000000000000000000e+00
2.510104999999999809e+00 2.533346499999999946e+00 2.487535666666666589e+00 1.662636800000000000e+09 0.000000000000000000e+00
2.268390999999999824e+00 2.389247999999999816e+00 2.445028000000000201e+00 1.856948800000000000e+09 1.000000000000000000e+00
2.356142000000000181e+00 2.312266499999999780e+00 2.378212666666666752e+00 1.274883200000000000e+09 0.000000000000000000e+00
2.205347999999999864e+00 2.280745000000000022e+00 2.276626999999999956e+00 1.182070400000000000e+09 1.000000000000000000e+00
2.233620999999999857e+00 2.219484500000000082e+00 2.265036999999999967e+00 1.286740800000000000e+09 1.000000000000000000e+00
2.483058999999999905e+00 2.358340000000000103e+00 2.307342666666666542e+00 1.555363200000000000e+09 0.000000000000000000e+00
2.322556000000000065e+00 2.402807499999999763e+00 2.346412000000000386e+00 1.301622400000000000e+09 1.000000000000000000e+00
2.346159000000000106e+00 2.334357500000000307e+00 2.383924666666666692e+00 1.679555200000000000e+09 1.000000000000000000e+00
2.423934000000000033e+00 2.385046500000000069e+00 2.364216333333333697e+00 1.661600000000000000e+09 1.000000000000000000e+00
2.452732000000000134e+00 2.438333000000000084e+00 2.407608333333333572e+00 2.126796800000000000e+09 1.000000000000000000e+00
2.663926000000000016e+00 2.558329000000000075e+00 2.513530666666666580e+00 1.992945600000000000e+09 1.000000000000000000e+00
3.104931999999999803e+00 2.884428999999999910e+00 2.740529999999999688e+00 1.553358400000000000e+09 1.000000000000000000e+00
3.304466999999999821e+00 3.204699499999999812e+00 3.024441666666666695e+00 1.952177600000000000e+09 1.000000000000000000e+00
3.985802000000000067e+00 3.645134500000000166e+00 3.465066999999999897e+00 2.062513600000000000e+09 1.000000000000000000e+00
4.414178999999999853e+00 4.199990500000000182e+00 3.901482666666666432e+00 2.722372800000000000e+09 1.000000000000000000e+00
4.979471000000000203e+00 4.696825000000000472e+00 4.459817333333333522e+00 1.989096000000000000e+09 1.000000000000000000e+00
5.112190000000000012e+00 5.045830500000000107e+00 4.835280000000000022e+00 2.233384000000000000e+09 0.000000000000000000e+00
4.849660000000000082e+00 4.980925000000000047e+00 4.980440333333333136e+00 1.973017600000000000e+09 0.000000000000000000e+00
4.750888999999999918e+00 4.800274500000000444e+00 4.904246333333333041e+00 1.444776800000000000e+09 1.000000000000000000e+00
5.521302999999999628e+00 5.136096000000000217e+00 5.040617333333333505e+00 1.745368800000000000e+09 0.000000000000000000e+00
4.832937000000000261e+00 5.177120000000000388e+00 5.035043000000000823e+00 1.635819200000000000e+09 0.000000000000000000e+00
4.505446000000000062e+00 4.669191500000000161e+00 4.953228666666666946e+00 1.242437600000000000e+09 0.000000000000000000e+00
4.385117000000000154e+00 4.445281500000000108e+00 4.574500000000000455e+00 2.392518400000000000e+09 1.000000000000000000e+00
4.696801999999999921e+00 4.540959499999999593e+00 4.529121666666666712e+00 1.135956000000000000e+09 0.000000000000000000e+00
4.542069999999999830e+00 4.619436000000000320e+00 4.541329666666666043e+00 1.386664000000000000e+09 1.000000000000000000e+00
5.410555999999999699e+00 4.976312999999999320e+00 4.883142666666667076e+00 1.652880000000000000e+09 1.000000000000000000e+00
6.057464999999999655e+00 5.734010500000000121e+00 5.336697000000000024e+00 1.272625600000000000e+09 0.000000000000000000e+00
5.891988999999999699e+00 5.974726999999999677e+00 5.786669999999999980e+00 1.112619200000000000e+09 1.000000000000000000e+00
6.027378999999999820e+00 5.959683999999999315e+00 5.992277666666666391e+00 1.964907200000000000e+09 1.000000000000000000e+00
6.439091000000000342e+00 6.233235000000000525e+00 6.119486333333333583e+00 1.239524800000000000e+09 1.000000000000000000e+00
7.699676000000000187e+00 7.069383500000000708e+00 6.722048666666666783e+00 1.289012000000000000e+09 1.000000000000000000e+00
8.864464999999999151e+00 8.282070499999999669e+00 7.667743999999999893e+00 1.783640000000000000e+09 1.000000000000000000e+00
1.027567600000000070e+01 9.570070499999999925e+00 8.946605666666666679e+00 1.672116800000000000e+09 1.000000000000000000e+00
1.060470399999999991e+01 1.044019000000000119e+01 9.914948333333333252e+00 1.807088800000000000e+09 1.000000000000000000e+00
1.314072400000000052e+01 1.187271400000000021e+01 1.134036799999999978e+01 2.230825600000000000e+09 0.000000000000000000e+00
1.152130099999999935e+01 1.233101249999999993e+01 1.175557633333333207e+01 2.158319200000000000e+09 0.000000000000000000e+00
1.129798399999999958e+01 1.140964250000000035e+01 1.198666966666666589e+01 2.181638400000000000e+09 1.000000000000000000e+00
1.243488100000000074e+01 1.186643250000000016e+01 1.175138866666666537e+01 2.472320800000000000e+09 0.000000000000000000e+00
1.233690499999999979e+01 1.238589299999999938e+01 1.202325666666666670e+01 2.384592800000000000e+09 0.000000000000000000e+00
1.154803599999999975e+01 1.194247049999999888e+01 1.210660733333333461e+01 2.101756800000000000e+09 1.000000000000000000e+00
1.495290100000000066e+01 1.325046850000000020e+01 1.294594733333333103e+01 1.892300800000000000e+09 1.000000000000000000e+00
1.502425500000000014e+01 1.498857800000000040e+01 1.384173066666666863e+01 1.411278800000000000e+09 1.000000000000000000e+00
1.505483500000000063e+01 1.503954500000000039e+01 1.501066366666666774e+01 1.034391600000000000e+09 0.000000000000000000e+00
1.255758600000000058e+01 1.380621050000000061e+01 1.421222533333333438e+01 1.986799200000000000e+09 1.000000000000000000e+00
1.267741200000000035e+01 1.261749900000000046e+01 1.342994433333333326e+01 1.272398000000000000e+09 0.000000000000000000e+00
1.147296099999999974e+01 1.207518650000000093e+01 1.223598633333333474e+01 1.414142800000000000e+09 1.000000000000000000e+00
1.322860400000000070e+01 1.235078250000000111e+01 1.245965900000000204e+01 1.358238800000000000e+09 1.000000000000000000e+00
1.466964499999999916e+01 1.394912449999999993e+01 1.312373666666666772e+01 1.333076000000000000e+09 0.000000000000000000e+00
1.276821200000000012e+01 1.371892850000000053e+01 1.355548699999999940e+01 1.701521600000000000e+09 1.000000000000000000e+00
1.321801100000000062e+01 1.299311150000000126e+01 1.355195599999999878e+01 1.546118800000000000e+09 0.000000000000000000e+00
1.170230899999999963e+01 1.246016000000000012e+01 1.256284400000000012e+01 1.087710800000000000e+09 1.000000000000000000e+00
1.214254900000000070e+01 1.192242900000000105e+01 1.235428966666666639e+01 1.440325200000000000e+09 1.000000000000000000e+00
1.383185899999999968e+01 1.298720400000000019e+01 1.255890566666666786e+01 1.585564800000000000e+09 0.000000000000000000e+00
1.166135200000000083e+01 1.274660550000000114e+01 1.254525333333333492e+01 1.761071600000000000e+09 1.000000000000000000e+00
1.406746200000000080e+01 1.286440699999999993e+01 1.318689100000000103e+01 1.476413200000000000e+09 1.000000000000000000e+00
1.463139400000000023e+01 1.434942799999999963e+01 1.345340266666666729e+01 1.574883200000000000e+09 1.000000000000000000e+00
1.765609900000000110e+01 1.614374649999999889e+01 1.545165166666666856e+01 1.293696800000000000e+09 1.000000000000000000e+00
1.948488599999999948e+01 1.857049250000000029e+01 1.725745966666666575e+01 1.208676800000000000e+09 1.000000000000000000e+00
2.316206599999999938e+01 2.132347599999999943e+01 2.010101699999999880e+01 1.393780000000000000e+09 0.000000000000000000e+00
1.971086299999999980e+01 2.143646449999999959e+01 2.078593833333333407e+01 1.444981200000000000e+09 0.000000000000000000e+00
1.955949000000000026e+01 1.963517650000000003e+01 2.081080633333333196e+01 1.706606800000000000e+09 1.000000000000000000e+00
2.013538700000000148e+01 1.984743850000000265e+01 1.980191333333333503e+01 1.092352800000000000e+09 0.000000000000000000e+00
1.779070700000000116e+01 1.896304700000000310e+01 1.916186133333333430e+01 7.818138000000000000e+08 1.000000000000000000e+00
1.959912900000000135e+01 1.869491800000000126e+01 1.917507433333333822e+01 9.198906000000000000e+08 1.000000000000000000e+00
2.272839199999999948e+01 2.116376050000000220e+01 2.003940933333333518e+01 1.011415000000000000e+09 1.000000000000000000e+00
2.707231499999999969e+01 2.490035350000000136e+01 2.313327866666666921e+01 1.095635000000000000e+09 0.000000000000000000e+00
2.449847600000000014e+01 2.578539549999999991e+01 2.476639433333333429e+01 1.051548200000000000e+09 1.000000000000000000e+00
2.552867499999999978e+01 2.501357550000000174e+01 2.569982200000000105e+01 1.205532800000000000e+09 0.000000000000000000e+00
2.528142499999999870e+01 2.540504999999999924e+01 2.510285866666666621e+01 8.545096000000000000e+08 1.000000000000000000e+00
2.715684500000000057e+01 2.621913500000000141e+01 2.598898166666666398e+01 8.415178000000000000e+08 1.000000000000000000e+00
3.264180400000000049e+01 2.989932449999999875e+01 2.836002466666666422e+01 1.406932200000000000e+09 1.000000000000000000e+00
3.728136400000000350e+01 3.496158400000000199e+01 3.236000433333333604e+01 9.653122000000000000e+08 1.000000000000000000e+00
4.355542799999999914e+01 4.041839600000000132e+01 3.782619866666667008e+01 1.131350200000000000e+09 0.000000000000000000e+00
4.186355600000000265e+01 4.270949199999999735e+01 4.090011600000000414e+01 1.209578800000000000e+09 0.000000000000000000e+00
4.116204100000000210e+01 4.151279850000000238e+01 4.219367499999999893e+01 1.145907800000000000e+09 1.000000000000000000e+00
4.415500300000000067e+01 4.265852200000000494e+01 4.239353333333333040e+01 8.516674000000000000e+08 0.000000000000000000e+00
4.409306000000000125e+01 4.412403150000000096e+01 4.313670133333334178e+01 8.291391000000000000e+08 1.000000000000000000e+00
4.946021300000000309e+01 4.677663650000000217e+01 4.590275866666667071e+01 6.881100000000000000e+08 0.000000000000000000e+00
2.746361699999999928e+01 3.846191500000000474e+01 4.033896333333333217e+01 1.467990100000000000e+09 1.000000000000000000e+00
2.973504600000000053e+01 2.859933149999999813e+01 3.555295866666666882e+01 1.423595100000000000e+09 0.000000000000000000e+00
2.515089800000000153e+01 2.744297200000000103e+01 2.744985366666666593e+01 9.980909000000000000e+08 0.000000000000000000e+00
1.987318000000000140e+01 2.251203900000000147e+01 2.491970799999999997e+01 1.120692200000000000e+09 1.000000000000000000e+00
2.445930699999999902e+01 2.216624350000000021e+01 2.316112833333333398e+01 1.211434900000000000e+09 0.000000000000000000e+00
1.888158400000000015e+01 2.167044549999999958e+01 2.107135700000000256e+01 9.094086000000000000e+08 0.000000000000000000e+00
1.740395200000000031e+01 1.814276800000000023e+01 2.024828100000000219e+01 1.421494900000000000e+09 1.000000000000000000e+00
2.044489499999999893e+01 1.892442349999999962e+01 1.891014366666666646e+01 1.232602500000000000e+09 0.000000000000000000e+00
1.786530300000000082e+01 1.915509899999999988e+01 1.857138333333333335e+01 9.667147000000000000e+08 1.000000000000000000e+00
1.935903000000000063e+01 1.861216650000000072e+01 1.922307600000000249e+01 1.008249200000000000e+09 1.000000000000000000e+00
1.972967299999999824e+01 1.954435149999999766e+01 1.898466866666666775e+01 9.655776000000000000e+08 0.000000000000000000e+00
1.850525499999999823e+01 1.911746399999999824e+01 1.919798599999999666e+01 9.515599000000000000e+08 0.000000000000000000e+00
1.353659200000000062e+01 1.602092349999999854e+01 1.725717333333333059e+01 1.066764600000000000e+09 1.000000000000000000e+00
1.617238199999999892e+01 1.485448699999999889e+01 1.607140966666666415e+01 1.237428800000000000e+09 1.000000000000000000e+00
2.162940599999999947e+01 1.890089400000000097e+01 1.711279333333333241e+01 1.113379500000000000e+09 0.000000000000000000e+00
2.084392199999999917e+01 2.123666399999999754e+01 1.954857000000000156e+01 8.519325000000000000e+08 1.000000000000000000e+00
2.322323599999999999e+01 2.203357899999999958e+01 2.189885466666666503e+01 1.104847100000000000e+09 0.000000000000000000e+00
1.892190400000000139e+01 2.107256999999999891e+01 2.099635400000000018e+01 9.586320000000000000e+08 1.000000000000000000e+00
2.016651500000000041e+01 1.954420950000000090e+01 2.077055166666666608e+01 9.239793000000000000e+08 0.000000000000000000e+00
1.897283600000000092e+01 1.956967550000000244e+01 1.935375166666666757e+01 9.775528000000000000e+08 0.000000000000000000e+00
1.831631300000000095e+01 1.864457450000000094e+01 1.915188800000000313e+01 9.767956000000000000e+08 0.000000000000000000e+00
1.212452700000000050e+01 1.522042000000000073e+01 1.647122533333333294e+01 1.334010600000000000e+09 1.000000000000000000e+00
1.246961600000000026e+01 1.229707150000000127e+01 1.430348533333333449e+01 1.507029200000000000e+09 0.000000000000000000e+00
1.106271899999999953e+01 1.176616749999999989e+01 1.188562066666666794e+01 1.182004600000000000e+09 0.000000000000000000e+00
9.228870999999999825e+00 1.014579499999999967e+01 1.092040200000000105e+01 1.253168200000000000e+09 1.000000000000000000e+00
1.149456099999999914e+01 1.036171599999999948e+01 1.059538366666666498e+01 1.881026700000000000e+09 1.000000000000000000e+00
1.387320500000000045e+01 1.268388299999999980e+01 1.153221233333333373e+01 1.250526600000000000e+09 0.000000000000000000e+00
1.035613999999999990e+01 1.211467250000000107e+01 1.190796866666666709e+01 1.176184400000000000e+09 1.000000000000000000e+00
1.041600200000000065e+01 1.038607100000000116e+01 1.154844899999999974e+01 1.296861600000000000e+09 1.000000000000000000e+00
1.147356599999999993e+01 1.094478400000000029e+01 1.074856933333333409e+01 9.729819000000000000e+08 0.000000000000000000e+00
1.084225299999999947e+01 1.115790949999999881e+01 1.091060699999999883e+01 1.292712700000000000e+09 1.000000000000000000e+00
1.225414299999999912e+01 1.154819799999999930e+01 1.152332066666666499e+01 1.222054300000000000e+09 1.000000000000000000e+00
1.386582800000000049e+01 1.305998549999999980e+01 1.232074133333333243e+01 1.286127600000000000e+09 1.000000000000000000e+00
1.387375199999999964e+01 1.386979000000000006e+01 1.333124100000000034e+01 1.356186800000000000e+09 1.000000000000000000e+00
1.659382799999999847e+01 1.523378999999999905e+01 1.477780266666666620e+01 1.431224400000000000e+09 1.000000000000000000e+00
1.906056799999999996e+01 1.782719799999999921e+01 1.650938266666666721e+01 1.148633000000000000e+09 0.000000000000000000e+00
1.836182799999999915e+01 1.871119799999999955e+01 1.800540799999999919e+01 1.165832900000000000e+09 1.000000000000000000e+00
2.198481800000000064e+01 2.017332299999999989e+01 1.980240466666666421e+01 1.220535000000000000e+09 1.000000000000000000e+00
2.237847899999999868e+01 2.218164850000000143e+01 2.090837499999999949e+01 9.045430000000000000e+08 0.000000000000000000e+00
2.139703199999999939e+01 2.188775549999999726e+01 2.192010966666666505e+01 1.082622400000000000e+09 0.000000000000000000e+00
2.037557999999999936e+01 2.088630599999999760e+01 2.138369699999999796e+01 1.125545500000000000e+09 0.000000000000000000e+00
1.949433300000000102e+01 1.993495649999999841e+01 2.042231499999999755e+01 1.096668000000000000e+09 0.000000000000000000e+00
1.818226999999999904e+01 1.883830150000000003e+01 1.935072766666666766e+01 1.699989600000000000e+09 0.000000000000000000e+00
1.719962500000000105e+01 1.769094750000000005e+01 1.829207599999999800e+01 1.377614900000000000e+09 1.000000000000000000e+00
1.908469399999999894e+01 1.814215949999999822e+01 1.815552966666666634e+01 1.195945600000000000e+09 0.000000000000000000e+00
1.847778100000000023e+01 1.878123749999999959e+01 1.825403333333333222e+01 1.025083900000000000e+09 0.000000000000000000e+00
1.632202900000000056e+01 1.739990500000000040e+01 1.796150133333333443e+01 1.685420600000000000e+09 0.000000000000000000e+00
1.425332799999999978e+01 1.528767850000000017e+01 1.635104600000000019e+01 1.268945500000000000e+09 0.000000000000000000e+00
1.345212500000000055e+01 1.385272649999999928e+01 1.467582733333333245e+01 1.564929800000000000e+09 1.000000000000000000e+00
1.492742999999999931e+01 1.418977749999999993e+01 1.421096099999999929e+01 1.523801700000000000e+09 1.000000000000000000e+00
1.500789999999999935e+01 1.496766500000000022e+01 1.446248500000000092e+01 1.424847200000000000e+09 1.000000000000000000e+00
1.571300500000000078e+01 1.536045250000000095e+01 1.521611166666666826e+01 1.490134800000000000e+09 0.000000000000000000e+00
1.508152399999999993e+01 1.539726450000000035e+01 1.526747633333333454e+01 1.589091300000000000e+09 1.000000000000000000e+00
1.611607599999999962e+01 1.559880000000000067e+01 1.563686833333333404e+01 1.420647100000000000e+09 0.000000000000000000e+00
1.566099999999999959e+01 1.588853800000000049e+01 1.561953333333333482e+01 1.362583000000000000e+09 1.000000000000000000e+00
1.585651299999999964e+01 1.575875650000000050e+01 1.587786299999999962e+01 1.365595400000000000e+09 1.000000000000000000e+00
1.817565700000000106e+01 1.701608500000000035e+01 1.656438999999999950e+01 1.293616200000000000e+09 0.000000000000000000e+00
1.760103200000000001e+01 1.788834450000000231e+01 1.721106733333333239e+01 1.169082600000000000e+09 1.000000000000000000e+00
1.835864600000000024e+01 1.797983899999999835e+01 1.804511166666666711e+01 1.067827200000000000e+09 0.000000000000000000e+00
1.739809599999999890e+01 1.787837100000000135e+01 1.778592466666666283e+01 9.946349000000000000e+08 0.000000000000000000e+00
1.672284499999999952e+01 1.706047050000000098e+01 1.749319566666666859e+01 1.085852500000000000e+09 0.000000000000000000e+00
1.594266799999999940e+01 1.633275649999999857e+01 1.668786966666666771e+01 1.165374500000000000e+09 1.000000000000000000e+00
1.810002100000000169e+01 1.702134450000000143e+01 1.692184466666666864e+01 1.130819800000000000e+09 0.000000000000000000e+00
1.699131799999999970e+01 1.754566950000000247e+01 1.701133566666666752e+01 1.104580800000000000e+09 0.000000000000000000e+00
1.447257800000000039e+01 1.573194799999999915e+01 1.652130566666666667e+01 1.852525400000000000e+09 0.000000000000000000e+00
1.402328400000000030e+01 1.424793100000000123e+01 1.516239333333333228e+01 1.590202000000000000e+09 0.000000000000000000e+00
1.331002100000000077e+01 1.366665250000000142e+01 1.393529433333333323e+01 1.935500400000000000e+09 1.000000000000000000e+00
1.366568600000000089e+01 1.348785349999999994e+01 1.366633033333333458e+01 1.498496500000000000e+09 0.000000000000000000e+00
1.232510599999999990e+01 1.299539599999999950e+01 1.310027099999999933e+01 1.676106300000000000e+09 1.000000000000000000e+00
1.306207400000000085e+01 1.269359000000000037e+01 1.301762200000000114e+01 1.609055300000000000e+09 0.000000000000000000e+00
1.237459499999999935e+01 1.271833450000000099e+01 1.258725833333333277e+01 1.271383700000000000e+09 1.000000000000000000e+00
1.345393400000000028e+01 1.291426449999999981e+01 1.296353433333333349e+01 1.287884000000000000e+09 1.000000000000000000e+00
1.422226900000000072e+01 1.383810150000000050e+01 1.335026599999999952e+01 1.396655300000000000e+09 1.000000000000000000e+00
1.475464700000000029e+01 1.448845800000000139e+01 1.414361666666666650e+01 1.587909000000000000e+09 1.000000000000000000e+00
1.479613299999999931e+01 1.477538999999999980e+01 1.459101633333333403e+01 1.182225800000000000e+09 0.000000000000000000e+00
1.406905099999999997e+01 1.443259199999999964e+01 1.453994366666666593e+01 9.091790000000000000e+08 1.000000000000000000e+00
1.456233300000000064e+01 1.431569200000000031e+01 1.447583900000000057e+01 1.614851100000000000e+09 0.000000000000000000e+00
1.379809299999999972e+01 1.418021300000000018e+01 1.414315899999999893e+01 1.175995900000000000e+09 0.000000000000000000e+00
1.336171099999999967e+01 1.357990200000000058e+01 1.390737900000000060e+01 1.380681800000000000e+09 1.000000000000000000e+00
1.501708200000000026e+01 1.418939650000000086e+01 1.405896200000000107e+01 1.477884000000000000e+09 1.000000000000000000e+00
1.549204499999999918e+01 1.525456349999999972e+01 1.462361266666666637e+01 1.282004400000000000e+09 1.000000000000000000e+00
1.666716200000000114e+01 1.607960350000000105e+01 1.572542966666666509e+01 1.332613900000000000e+09 0.000000000000000000e+00
1.658290500000000023e+01 1.662503350000000069e+01 1.624737066666666863e+01 1.499628800000000000e+09 1.000000000000000000e+00
1.807832300000000103e+01 1.733061400000000063e+01 1.710946333333333413e+01 1.533784300000000000e+09 1.000000000000000000e+00
1.823999799999999993e+01 1.815916049999999871e+01 1.763374200000000158e+01 1.186023200000000000e+09 1.000000000000000000e+00
1.897353700000000032e+01 1.860676750000000013e+01 1.843061933333333258e+01 1.566472800000000000e+09 0.000000000000000000e+00
1.839516599999999968e+01 1.868435149999999823e+01 1.853623366666666428e+01 1.368224000000000000e+09 1.000000000000000000e+00
1.888353199999999887e+01 1.863934899999999928e+01 1.875074499999999844e+01 9.433067000000000000e+08 0.000000000000000000e+00
1.494532599999999967e+01 1.691442899999999838e+01 1.740800799999999882e+01 2.466431600000000000e+09 0.000000000000000000e+00
1.414493799999999979e+01 1.454513199999999884e+01 1.599126533333333100e+01 1.461654100000000000e+09 1.000000000000000000e+00
1.509276400000000073e+01 1.461885099999999937e+01 1.472767600000000066e+01 1.355904700000000000e+09 1.000000000000000000e+00
1.586236500000000049e+01 1.547756449999999973e+01 1.503335566666666523e+01 1.281765800000000000e+09 1.000000000000000000e+00
1.651795399999999958e+01 1.619015950000000004e+01 1.582436100000000145e+01 1.143725900000000000e+09 0.000000000000000000e+00
1.539796300000000073e+01 1.595795850000000016e+01 1.592609400000000086e+01 1.135974600000000000e+09 1.000000000000000000e+00
1.590693599999999996e+01 1.565244949999999946e+01 1.594095100000000009e+01 1.379893000000000000e+09 1.000000000000000000e+00
1.639439199999999985e+01 1.615066399999999902e+01 1.589976366666666685e+01 1.085887300000000000e+09 0.000000000000000000e+00
1.351061400000000035e+01 1.495250300000000010e+01 1.527064733333333457e+01 1.623820500000000000e+09 0.000000000000000000e+00
1.156301099999999948e+01 1.253681249999999991e+01 1.382267233333333500e+01 2.340996600000000000e+09 0.000000000000000000e+00
9.954428999999999306e+00 1.075872000000000028e+01 1.167601799999999912e+01 1.534106100000000000e+09 1.000000000000000000e+00
1.066662099999999924e+01 1.031052499999999839e+01 1.072802033333333327e+01 1.330676100000000000e+09 0.000000000000000000e+00
9.386044000000000054e+00 1.002633249999999876e+01 1.000236466666666502e+01 1.272188700000000000e+09 0.000000000000000000e+00
9.269626000000000587e+00 9.327835000000000321e+00 9.774096999999999369e+00 1.328263700000000000e+09 1.000000000000000000e+00
1.104848999999999926e+01 1.015905799999999992e+01 9.901386666666667224e+00 1.633445000000000000e+09 1.000000000000000000e+00
1.159981200000000001e+01 1.132415100000000052e+01 1.063930933333333329e+01 1.505340900000000000e+09 0.000000000000000000e+00
1.155570699999999995e+01 1.157775949999999909e+01 1.140133633333333307e+01 1.338935300000000000e+09 1.000000000000000000e+00
1.226893399999999978e+01 1.191232049999999987e+01 1.180815100000000051e+01 1.304048600000000000e+09 1.000000000000000000e+00
1.427051400000000037e+01 1.326972400000000007e+01 1.269838500000000003e+01 1.726189600000000000e+09 1.000000000000000000e+00
1.506373400000000018e+01 1.466712400000000116e+01 1.386772733333333463e+01 1.109221900000000000e+09 0.000000000000000000e+00
1.461363099999999982e+01 1.483868250000000089e+01 1.464929300000000012e+01 1.065272900000000000e+09 0.000000000000000000e+00
1.427012900000000073e+01 1.444188000000000116e+01 1.464916466666666928e+01 1.704082000000000000e+09 1.000000000000000000e+00
1.433733900000000006e+01 1.430373400000000039e+01 1.440703300000000020e+01 1.184437600000000000e+09 1.000000000000000000e+00
1.534958199999999984e+01 1.484346049999999906e+01 1.465235000000000021e+01 1.038055000000000000e+09 0.000000000000000000e+00
1.459714999999999918e+01 1.497336599999999862e+01 1.476135699999999851e+01 1.509082400000000000e+09 1.000000000000000000e+00
1.544739900000000077e+01 1.502227449999999997e+01 1.513137700000000052e+01 1.125494400000000000e+09 1.000000000000000000e+00
1.690540899999999880e+01 1.617640399999999801e+01 1.564998599999999840e+01 1.290896200000000000e+09 1.000000000000000000e+00
1.732254199999999855e+01 1.711397549999999868e+01 1.655844999999999700e+01 1.550379100000000000e+09 0.000000000000000000e+00
1.624557700000000082e+01 1.678405949999999791e+01 1.682450933333333509e+01 1.830571300000000000e+09 0.000000000000000000e+00
1.485517800000000044e+01 1.555037749999999974e+01 1.614109900000000053e+01 1.364086200000000000e+09 1.000000000000000000e+00
1.573350100000000040e+01 1.529433949999999953e+01 1.561141866666666544e+01 1.607900800000000000e+09 0.000000000000000000e+00
1.349567900000000087e+01 1.461458999999999975e+01 1.469478600000000057e+01 1.741791400000000000e+09 1.000000000000000000e+00
1.477574599999999982e+01 1.413571250000000035e+01 1.466830866666666644e+01 1.347521700000000000e+09 1.000000000000000000e+00
1.542988099999999996e+01 1.510281349999999989e+01 1.456710200000000022e+01 1.399157800000000000e+09 1.000000000000000000e+00
1.628409999999999869e+01 1.585699049999999843e+01 1.549657566666666675e+01 1.126956500000000000e+09 1.000000000000000000e+00
1.631035200000000174e+01 1.629722600000000199e+01 1.600811099999999954e+01 9.208210000000000000e+08 1.000000000000000000e+00
1.664385000000000048e+01 1.647710100000000111e+01 1.641276733333333482e+01 1.449438700000000000e+09 1.000000000000000000e+00
1.665160900000000055e+01 1.664772950000000051e+01 1.653527033333333307e+01 1.002697600000000000e+09 0.000000000000000000e+00
1.578377200000000080e+01 1.621769049999999979e+01 1.635974366666666668e+01 1.330377500000000000e+09 1.000000000000000000e+00
1.810675200000000018e+01 1.694526199999999960e+01 1.684737766666666658e+01 1.446913800000000000e+09 0.000000000000000000e+00
1.760617399999999932e+01 1.785646299999999798e+01 1.716556599999999833e+01 1.583498800000000000e+09 0.000000000000000000e+00
1.746868500000000068e+01 1.753742950000000178e+01 1.772720366666666436e+01 1.183643100000000000e+09 1.000000000000000000e+00
1.760269399999999962e+01 1.753568950000000015e+01 1.755918433333333439e+01 9.453133000000000000e+08 0.000000000000000000e+00
1.586843999999999966e+01 1.673556699999999964e+01 1.697993966666666665e+01 1.552667100000000000e+09 1.000000000000000000e+00
1.698651299999999864e+01 1.642747649999999737e+01 1.681921566666666479e+01 1.336431600000000000e+09 1.000000000000000000e+00
1.953369299999999953e+01 1.826010300000000086e+01 1.746288199999999691e+01 1.523540600000000000e+09 1.000000000000000000e+00
1.982821500000000015e+01 1.968095399999999984e+01 1.878280700000000181e+01 1.137108100000000000e+09 0.000000000000000000e+00
1.947433099999999939e+01 1.965127299999999977e+01 1.961207966666666636e+01 9.876968000000000000e+08 1.000000000000000000e+00
2.121697800000000100e+01 2.034565450000000197e+01 2.017317466666666803e+01 1.119898300000000000e+09 1.000000000000000000e+00
2.158639000000000152e+01 2.140168400000000304e+01 2.075923300000000182e+01 7.829828000000000000e+08 1.000000000000000000e+00
2.276264199999999960e+01 2.217451600000000056e+01 2.185533666666666974e+01 7.265441000000000000e+08 1.000000000000000000e+00
2.298930400000000063e+01 2.287597300000000189e+01 2.244611199999999940e+01 7.478583000000000000e+08 0.000000000000000000e+00
2.091702300000000037e+01 2.195316350000000227e+01 2.222298966666666686e+01 8.725602000000000000e+08 1.000000000000000000e+00
2.172908800000000085e+01 2.132305550000000238e+01 2.187847166666666965e+01 7.894930000000000000e+08 0.000000000000000000e+00
2.095449800000000096e+01 2.134179300000000268e+01 2.120020300000000191e+01 7.677555000000000000e+08 0.000000000000000000e+00
2.024514800000000037e+01 2.059982300000000066e+01 2.097624466666666976e+01 7.536823000000000000e+08 0.000000000000000000e+00
1.863768800000000070e+01 1.944141799999999876e+01 1.994577800000000067e+01 9.332364000000000000e+08 0.000000000000000000e+00
1.779051400000000172e+01 1.821410099999999943e+01 1.889111666666666522e+01 1.116041800000000000e+09 0.000000000000000000e+00
1.609618400000000094e+01 1.694334900000000133e+01 1.750812866666666778e+01 1.158066100000000000e+09 1.000000000000000000e+00
1.713456199999999896e+01 1.661537299999999817e+01 1.700708666666666602e+01 8.056371000000000000e+08 1.000000000000000000e+00
1.748356800000000177e+01 1.730906500000000037e+01 1.690477133333333271e+01 1.220335600000000000e+09 0.000000000000000000e+00
1.735061100000000067e+01 1.741708950000000300e+01 1.732291366666666832e+01 7.024606000000000000e+08 1.000000000000000000e+00
1.834339100000000045e+01 1.784700099999999878e+01 1.772585666666666881e+01 7.557929000000000000e+08 1.000000000000000000e+00
2.011557799999999929e+01 1.922948449999999809e+01 1.860319333333333347e+01 1.251872500000000000e+09 1.000000000000000000e+00
2.039274800000000099e+01 2.025416299999999836e+01 1.961723899999999787e+01 7.400627000000000000e+08 1.000000000000000000e+00
2.054245900000000091e+01 2.046760350000000273e+01 2.035026166666666469e+01 8.705881000000000000e+08 0.000000000000000000e+00
1.978790700000000058e+01 2.016518299999999897e+01 2.024103800000000319e+01 1.016381600000000000e+09 0.000000000000000000e+00
1.863488399999999956e+01 1.921139550000000185e+01 1.965508333333333368e+01 6.489934000000000000e+08 1.000000000000000000e+00
1.962196399999999841e+01 1.912842399999999898e+01 1.934825166666666618e+01 6.455516000000000000e+08 1.000000000000000000e+00
2.094892499999999913e+01 2.028544449999999699e+01 1.973525766666666570e+01 7.979933000000000000e+08 0.000000000000000000e+00
2.040957999999999828e+01 2.067925249999999693e+01 2.032682299999999742e+01 5.915994000000000000e+08 1.000000000000000000e+00
2.243257900000000049e+01 2.142107949999999761e+01 2.126369466666666597e+01 6.145359000000000000e+08 0.000000000000000000e+00
2.120552800000000104e+01 2.181905350000000254e+01 2.134922899999999757e+01 8.340533000000000000e+08 1.000000000000000000e+00
2.139563000000000059e+01 2.130057899999999904e+01 2.167791233333333523e+01 5.108454000000000000e+08 1.000000000000000000e+00
2.251564000000000121e+01 2.195563500000000090e+01 2.170559933333333547e+01 5.871341000000000000e+08 1.000000000000000000e+00
2.328331800000000129e+01 2.289947899999999947e+01 2.239819600000000221e+01 7.356156000000000000e+08 1.000000000000000000e+00
2.383290500000000023e+01 2.355811150000000254e+01 2.321062099999999973e+01 4.919401000000000000e+08 1.000000000000000000e+00
2.718757799999999847e+01 2.551024149999999935e+01 2.476793366666666785e+01 7.613493000000000000e+08 1.000000000000000000e+00
2.981835200000000086e+01 2.850296499999999966e+01 2.694627833333333555e+01 8.355702000000000000e+08 1.000000000000000000e+00
3.072459999999999880e+01 3.027147599999999983e+01 2.924351000000000056e+01 5.933222000000000000e+08 1.000000000000000000e+00
3.084040999999999855e+01 3.078250500000000045e+01 3.046112066666666962e+01 5.580976000000000000e+08 0.000000000000000000e+00
3.012298799999999943e+01 3.048169899999999899e+01 3.056266599999999656e+01 8.946968000000000000e+08 1.000000000000000000e+00
3.299268699999999654e+01 3.155783749999999799e+01 3.131869500000000173e+01 5.626282000000000000e+08 0.000000000000000000e+00
3.235316499999999706e+01 3.267292599999999680e+01 3.182294666666666672e+01 6.000517000000000000e+08 0.000000000000000000e+00
2.945572999999999908e+01 3.090444749999999630e+01 3.160052733333333208e+01 6.890119000000000000e+08 1.000000000000000000e+00
2.964294800000000052e+01 2.954933899999999980e+01 3.048394766666666555e+01 4.560840000000000000e+08 0.000000000000000000e+00
2.807770199999999861e+01 2.886032499999999956e+01 2.905879333333333037e+01 9.088325000000000000e+08 1.000000000000000000e+00
2.922703200000000123e+01 2.865236699999999814e+01 2.898256066666666797e+01 5.655420000000000000e+08 1.000000000000000000e+00
3.094203900000000118e+01 3.008453550000000121e+01 2.941559099999999560e+01 4.982407000000000000e+08 0.000000000000000000e+00
2.751199300000000036e+01 2.922701599999999900e+01 2.922702133333333663e+01 7.016740000000000000e+08 0.000000000000000000e+00
2.618251800000000173e+01 2.684725550000000283e+01 2.821218333333333206e+01 8.296910000000000000e+08 0.000000000000000000e+00
2.581171199999999999e+01 2.599711500000000086e+01 2.650207433333333640e+01 7.058525000000000000e+08 1.000000000000000000e+00
2.748520500000000055e+01 2.664845850000000027e+01 2.649314499999999839e+01 6.795952000000000000e+08 1.000000000000000000e+00
3.087754199999999827e+01 2.918137349999999941e+01 2.805815300000000079e+01 7.030822000000000000e+08 1.000000000000000000e+00
3.170739000000000019e+01 3.129246599999999745e+01 3.002337900000000204e+01 4.598441000000000000e+08 0.000000000000000000e+00
3.163687300000000135e+01 3.167213149999999899e+01 3.140726833333333090e+01 4.271010000000000000e+08 0.000000000000000000e+00
2.848696299999999937e+01 3.006191799999999859e+01 3.061040866666666815e+01 6.152616000000000000e+08 0.000000000000000000e+00
2.717373800000000017e+01 2.783035050000000155e+01 2.909919133333333363e+01 5.259083000000000000e+08 1.000000000000000000e+00
2.996983900000000034e+01 2.857178850000000025e+01 2.854351333333333329e+01 4.716570000000000000e+08 0.000000000000000000e+00
2.805213900000000038e+01 2.901098900000000214e+01 2.839857200000000148e+01 5.153416000000000000e+08 1.000000000000000000e+00
2.926575499999999863e+01 2.865894699999999773e+01 2.909591100000000097e+01 4.313656000000000000e+08 1.000000000000000000e+00
3.064920599999999951e+01 2.995748049999999907e+01 2.932236666666666380e+01 4.846663000000000000e+08 1.000000000000000000e+00
3.257412000000000063e+01 3.161166300000000007e+01 3.082969366666666744e+01 5.295770000000000000e+08 1.000000000000000000e+00
3.353658300000000025e+01 3.305535150000000044e+01 3.225330299999999539e+01 3.893273000000000000e+08 1.000000000000000000e+00
3.554200399999999860e+01 3.453929349999999943e+01 3.388423566666666176e+01 5.053823000000000000e+08 0.000000000000000000e+00
3.283045599999999808e+01 3.418622999999999479e+01 3.396968100000000135e+01 4.664467000000000000e+08 0.000000000000000000e+00
3.267040300000000030e+01 3.275042949999999564e+01 3.368095433333332522e+01 4.123442000000000000e+08 1.000000000000000000e+00
3.440711999999999904e+01 3.353876149999999967e+01 3.330265966666666344e+01 4.054866000000000000e+08 1.000000000000000000e+00
3.492887499999999790e+01 3.466799749999999847e+01 3.400213266666666101e+01 4.562909000000000000e+08 0.000000000000000000e+00
3.434072100000000205e+01 3.463479800000000353e+01 3.455890533333333536e+01 4.775416000000000000e+08 1.000000000000000000e+00
3.446166999999999803e+01 3.440119550000000004e+01 3.457708866666666836e+01 5.461518000000000000e+08 1.000000000000000000e+00
3.453810500000000161e+01 3.449988749999999982e+01 3.444683200000000056e+01 4.439700000000000000e+08 0.000000000000000000e+00
3.449988199999999949e+01 3.451899350000000055e+01 3.449988566666666401e+01 4.329273000000000000e+08 0.000000000000000000e+00
3.247493000000000052e+01 3.348740600000000001e+01 3.383763900000000291e+01 4.990848000000000000e+08 1.000000000000000000e+00
3.414006400000000241e+01 3.330749699999999791e+01 3.370495866666666984e+01 4.408604000000000000e+08 0.000000000000000000e+00
3.375506200000000234e+01 3.394756300000000238e+01 3.345668533333333272e+01 4.969280000000000000e+08 1.000000000000000000e+00
3.692683799999999650e+01 3.534094999999999942e+01 3.494065466666666708e+01 4.319489000000000000e+08 1.000000000000000000e+00
4.411244599999999849e+01 4.051964199999999749e+01 3.826478199999999674e+01 6.333925000000000000e+08 0.000000000000000000e+00
4.348212800000000300e+01 4.379728699999999719e+01 4.150713733333333266e+01 5.799104000000000000e+08 1.000000000000000000e+00
4.502693200000000218e+01 4.425453000000000259e+01 4.420716866666666789e+01 5.597569000000000000e+08 1.000000000000000000e+00
4.695833199999999863e+01 4.599263200000000040e+01 4.515579733333333934e+01 9.084148000000000000e+08 1.000000000000000000e+00
4.808010099999999909e+01 4.751921649999999886e+01 4.668845499999999760e+01 6.084941000000000000e+08 1.000000000000000000e+00
5.114627099999999871e+01 4.961318599999999890e+01 4.872823466666667258e+01 7.108993000000000000e+08 0.000000000000000000e+00
5.069451099999999855e+01 5.092039099999999507e+01 4.997362766666666545e+01 6.663150000000000000e+08 1.000000000000000000e+00
5.421033099999999649e+01 5.245242100000000107e+01 5.201703766666665985e+01 4.859447000000000000e+08 0.000000000000000000e+00
4.910050999999999988e+01 5.165542049999999819e+01 5.133511733333333638e+01 6.381818000000000000e+08 0.000000000000000000e+00
4.751025400000000332e+01 4.830538200000000160e+01 5.027369833333333560e+01 4.793031000000000000e+08 1.000000000000000000e+00
4.783620799999999917e+01 4.767323100000000125e+01 4.814899066666666982e+01 5.169018000000000000e+08 0.000000000000000000e+00
