1.547244999999999981e+00 1.614803499999999836e+00 1.672518666666666709e+00 0.000000000000000000e+00
1.539733999999999936e+00 1.543489499999999959e+00 1.589780333333333351e+00 0.000000000000000000e+00
1.404538999999999982e+00 1.472136499999999959e+00 1.497172666666666707e+00 1.000000000000000000e+00
1.517149999999999999e+00 1.460844499999999879e+00 1.487141000000000046e+00 1.000000000000000000e+00
1.776767999999999903e+00 1.646958999999999840e+00 1.566152333333333146e+00 0.000000000000000000e+00
1.655073000000000016e+00 1.715920499999999960e+00 1.649663666666666417e+00 0.000000000000000000e+00
1.608522000000000007e+00 1.631797500000000012e+00 1.680120999999999976e+00 0.000000000000000000e+00
1.512359999999999927e+00 1.560440999999999967e+00 1.591984999999999983e+00 0.000000000000000000e+00
1.084003999999999968e+00 1.298181999999999947e+00 1.401628666666666634e+00 0.000000000000000000e+00
7.774759999999999449e-01 9.307399999999999007e-01 1.124613333333333243e+00 1.000000000000000000e+00
8.734600000000000142e-01 8.254679999999999795e-01 9.116466666666666052e-01 0.000000000000000000e+00
8.254679999999999795e-01 8.494639999999999969e-01 8.254679999999999795e-01 1.000000000000000000e+00
1.068360999999999894e+00 9.469144999999998813e-01 9.224296666666665923e-01 1.000000000000000000e+00
1.343080999999999969e+00 1.205721000000000043e+00 1.078969999999999985e+00 1.000000000000000000e+00
1.414306000000000063e+00 1.378693500000000016e+00 1.275249333333333235e+00 1.000000000000000000e+00
1.742356999999999934e+00 1.578331499999999998e+00 1.499914666666666507e+00 1.000000000000000000e+00
1.816724999999999923e+00 1.779541000000000039e+00 1.657796000000000047e+00 0.000000000000000000e+00
1.816724999999999923e+00 1.816724999999999923e+00 1.791935666666666593e+00 1.000000000000000000e+00
2.247513000000000094e+00 2.032118999999999787e+00 1.960320999999999758e+00 1.000000000000000000e+00
2.324256999999999795e+00 2.285884999999999945e+00 2.129498333333332827e+00 0.000000000000000000e+00
2.225585000000000147e+00 2.274920999999999971e+00 2.265784999999999716e+00 0.000000000000000000e+00
2.234046999999999894e+00 2.229816000000000020e+00 2.261296333333333575e+00 0.000000000000000000e+00
1.906836999999999893e+00 2.070441999999999894e+00 2.122156333333333311e+00 1.000000000000000000e+00
1.918120999999999965e+00 1.912478999999999818e+00 2.019668333333333177e+00 1.000000000000000000e+00
2.644718000000000124e+00 2.281419500000000156e+00 2.156558666666666735e+00 1.000000000000000000e+00
3.176020999999999983e+00 2.910369499999999832e+00 2.579620000000000246e+00 0.000000000000000000e+00
3.093374999999999986e+00 3.134698000000000206e+00 2.971371333333333364e+00 1.000000000000000000e+00
3.409743000000000190e+00 3.251559000000000310e+00 3.226379666666666868e+00 1.000000000000000000e+00
3.543219999999999814e+00 3.476481500000000224e+00 3.348779333333333330e+00 1.000000000000000000e+00
3.603892000000000095e+00 3.573555999999999955e+00 3.518951666666666700e+00 0.000000000000000000e+00
3.469670999999999950e+00 3.536781500000000023e+00 3.538927666666666472e+00 0.000000000000000000e+00
3.233385000000000176e+00 3.351528000000000063e+00 3.435649333333333555e+00 0.000000000000000000e+00
3.245823000000000125e+00 3.239603999999999928e+00 3.316292999999999935e+00 1.000000000000000000e+00
3.518603000000000147e+00 3.382213000000000136e+00 3.332603666666666964e+00 1.000000000000000000e+00
3.838475999999999999e+00 3.678539500000000295e+00 3.534300666666666757e+00 1.000000000000000000e+00
3.953629999999999978e+00 3.896053000000000210e+00 3.770236333333333523e+00 1.000000000000000000e+00
4.257327000000000083e+00 4.105478500000000253e+00 4.016477666666666835e+00 0.000000000000000000e+00
4.244226000000000276e+00 4.250776500000000624e+00 4.151727666666666927e+00 0.000000000000000000e+00
4.231124999999999581e+00 4.237675499999999928e+00 4.244226000000000276e+00 0.000000000000000000e+00
4.108336999999999684e+00 4.169730999999999632e+00 4.194562666666666217e+00 0.000000000000000000e+00
4.121762999999999622e+00 4.115050000000000097e+00 4.153741666666665999e+00 1.000000000000000000e+00
4.390283000000000158e+00 4.256022999999999890e+00 4.206794333333333746e+00 1.000000000000000000e+00
4.537942000000000142e+00 4.464112500000000594e+00 4.349995999999999974e+00 0.000000000000000000e+00
4.469185999999999659e+00 4.503563999999999901e+00 4.465803666666666949e+00 1.000000000000000000e+00
4.950483000000000189e+00 4.709834499999999480e+00 4.652536999999999701e+00 0.000000000000000000e+00
4.513849999999999696e+00 4.732166499999999942e+00 4.644506333333333181e+00 0.000000000000000000e+00
4.331045999999999729e+00 4.422447999999999269e+00 4.598459666666666834e+00 1.000000000000000000e+00
4.513849999999999696e+00 4.422447999999999269e+00 4.452915333333332448e+00 1.000000000000000000e+00
4.571868000000000265e+00 4.542858999999999980e+00 4.472254666666666267e+00 0.000000000000000000e+00
4.311444999999999972e+00 4.441656500000000563e+00 4.465720999999999385e+00 0.000000000000000000e+00
4.210172000000000025e+00 4.260808499999999555e+00 4.364495000000000680e+00 0.000000000000000000e+00
4.151337999999999973e+00 4.180754999999999555e+00 4.224318333333332731e+00 1.000000000000000000e+00
4.584391000000000105e+00 4.367864499999999595e+00 4.315300333333333072e+00 0.000000000000000000e+00
4.599320999999999771e+00 4.591855999999999938e+00 4.445016666666666616e+00 1.000000000000000000e+00
4.722470000000000390e+00 4.660895500000000524e+00 4.635394000000000680e+00 1.000000000000000000e+00
4.768614999999999604e+00 4.745542499999999997e+00 4.696802000000000810e+00 0.000000000000000000e+00
4.307139000000000273e+00 4.537876999999999938e+00 4.599408000000000385e+00 1.000000000000000000e+00
4.856957000000000413e+00 4.582048000000000343e+00 4.644237000000000393e+00 0.000000000000000000e+00
4.649261000000000088e+00 4.753109000000000250e+00 4.604452333333333591e+00 0.000000000000000000e+00
4.585352999999999568e+00 4.617307000000000272e+00 4.697190333333333356e+00 1.000000000000000000e+00
5.171853999999999729e+00 4.878603499999999649e+00 4.802156000000000091e+00 1.000000000000000000e+00
5.321037999999999712e+00 5.246445999999999721e+00 5.026081666666666337e+00 0.000000000000000000e+00
5.006088000000000093e+00 5.163562999999999903e+00 5.166326666666666512e+00 1.000000000000000000e+00
5.733143000000000100e+00 5.369615500000000097e+00 5.353422999999999377e+00 1.000000000000000000e+00
6.333923000000000414e+00 6.033533000000000257e+00 5.691051333333334128e+00 1.000000000000000000e+00
6.488410000000000011e+00 6.411166500000000212e+00 6.185158666666666250e+00 1.000000000000000000e+00
7.089188000000000045e+00 6.788799000000000028e+00 6.637173666666666527e+00 1.000000000000000000e+00
8.261250999999999678e+00 7.675219499999999861e+00 7.279616333333333245e+00 1.000000000000000000e+00
8.633537000000000461e+00 8.447393999999999181e+00 7.994658666666666136e+00 0.000000000000000000e+00
8.066245999999999583e+00 8.349891500000000022e+00 8.320344666666665390e+00 1.000000000000000000e+00
8.797337999999999880e+00 8.431791999999999732e+00 8.499040333333333308e+00 0.000000000000000000e+00
8.614057000000000741e+00 8.705697499999999422e+00 8.492547000000000068e+00 1.000000000000000000e+00
9.823693999999999704e+00 9.218875499999999334e+00 9.078362999999999516e+00 1.000000000000000000e+00
1.077703600000000073e+01 1.030036499999999933e+01 9.738262333333333132e+00 0.000000000000000000e+00
1.060776300000000028e+01 1.069239950000000050e+01 1.040283099999999905e+01 0.000000000000000000e+00
1.038206699999999927e+01 1.049491499999999888e+01 1.058895533333333283e+01 1.000000000000000000e+00
1.078067899999999923e+01 1.058137299999999925e+01 1.059016966666666626e+01 1.000000000000000000e+00
1.087692900000000051e+01 1.082880399999999987e+01 1.067989166666666812e+01 0.000000000000000000e+00
1.070367099999999994e+01 1.079030000000000022e+01 1.078709299999999871e+01 1.000000000000000000e+00
1.173062700000000014e+01 1.121714899999999915e+01 1.110374233333333471e+01 1.000000000000000000e+00
1.263754100000000058e+01 1.218408400000000036e+01 1.169061299999999903e+01 1.000000000000000000e+00
1.352472099999999955e+01 1.308113099999999918e+01 1.263096299999999950e+01 1.000000000000000000e+00
1.532988600000000012e+01 1.442730350000000072e+01 1.383071600000000068e+01 0.000000000000000000e+00
1.449850600000000078e+01 1.491419600000000045e+01 1.445103766666666623e+01 1.000000000000000000e+00
1.500544700000000020e+01 1.475197650000000138e+01 1.494461299999999859e+01 1.000000000000000000e+00
1.655359599999999887e+01 1.577952149999999953e+01 1.535251633333333388e+01 0.000000000000000000e+00
1.552028800000000075e+01 1.603694199999999981e+01 1.569311033333333150e+01 0.000000000000000000e+00
1.523096499999999942e+01 1.537562649999999920e+01 1.576828299999999849e+01 1.000000000000000000e+00
1.593359200000000087e+01 1.558227850000000103e+01 1.556161499999999798e+01 1.000000000000000000e+00
1.636565999999999832e+01 1.614962599999999782e+01 1.584340566666666739e+01 1.000000000000000000e+00
1.914771500000000160e+01 1.775668749999999818e+01 1.714898900000000026e+01 0.000000000000000000e+00
1.911359200000000058e+01 1.913065350000000109e+01 1.820898899999999898e+01 1.000000000000000000e+00
2.028468900000000019e+01 1.969914049999999861e+01 1.951533200000000079e+01 0.000000000000000000e+00
1.984417699999999840e+01 2.006443300000000107e+01 1.974748599999999854e+01 0.000000000000000000e+00
1.899005299999999963e+01 1.941711499999999901e+01 1.970630633333333392e+01 1.000000000000000000e+00
1.912101900000000043e+01 1.905553600000000003e+01 1.931841633333333164e+01 0.000000000000000000e+00
1.871720900000000043e+01 1.891911400000000043e+01 1.894276033333333586e+01 1.000000000000000000e+00
2.203834300000000113e+01 2.037777600000000078e+01 1.995885699999999829e+01 1.000000000000000000e+00
2.395907400000000109e+01 2.299870849999999933e+01 2.157154200000000444e+01 1.000000000000000000e+00
2.461410899999999913e+01 2.428659150000000011e+01 2.353717533333333378e+01 0.000000000000000000e+00
2.453751899999999964e+01 2.457581400000000116e+01 2.437023399999999995e+01 1.000000000000000000e+00
2.725640500000000088e+01 2.589696200000000204e+01 2.546934433333333558e+01 0.000000000000000000e+00
2.730152700000000010e+01 2.727896600000000049e+01 2.636515033333333236e+01 0.000000000000000000e+00
1.908966799999999964e+01 2.319559749999999809e+01 2.454919999999999902e+01 0.000000000000000000e+00
1.568078799999999973e+01 1.738522799999999791e+01 2.069066099999999864e+01 1.000000000000000000e+00
2.065774299999999997e+01 1.816926550000000162e+01 1.847606633333333193e+01 1.000000000000000000e+00
2.337668999999999997e+01 2.201721649999999997e+01 1.990507366666666655e+01 1.000000000000000000e+00
2.616345799999999855e+01 2.477007400000000104e+01 2.339929700000000068e+01 1.000000000000000000e+00
2.835142899999999955e+01 2.725744350000000082e+01 2.596385899999999936e+01 1.000000000000000000e+00
2.956664100000000062e+01 2.895903500000000008e+01 2.802717600000000076e+01 1.000000000000000000e+00
3.021646099999999890e+01 2.989155099999999976e+01 2.937817699999999732e+01 1.000000000000000000e+00
3.063421100000000052e+01 3.042533600000000149e+01 3.013910433333333572e+01 0.000000000000000000e+00
2.707917199999999980e+01 2.885669150000000016e+01 2.930994800000000211e+01 1.000000000000000000e+00
3.236405899999999747e+01 2.972161549999999863e+01 3.002581399999999689e+01 0.000000000000000000e+00
2.883301499999999962e+01 3.059853700000000032e+01 2.942541533333333348e+01 1.000000000000000000e+00
3.153594999999999970e+01 3.018448250000000144e+01 3.091100799999999893e+01 0.000000000000000000e+00
2.840354299999999910e+01 2.996974649999999940e+01 2.959083599999999947e+01 1.000000000000000000e+00
3.287839100000000059e+01 3.064096699999999984e+01 3.093929466666666528e+01 0.000000000000000000e+00
2.935383200000000059e+01 3.111611150000000237e+01 3.021192200000000128e+01 1.000000000000000000e+00
2.952007100000000150e+01 2.943695149999999927e+01 3.058409800000000089e+01 1.000000000000000000e+00
3.066003600000000162e+01 3.009005350000000334e+01 2.984464633333333339e+01 0.000000000000000000e+00
3.051377700000000104e+01 3.058690650000000133e+01 3.023129466666667042e+01 1.000000000000000000e+00
3.341185399999999817e+01 3.196281549999999783e+01 3.152855566666666576e+01 0.000000000000000000e+00
2.763962000000000074e+01 3.052573699999999945e+01 3.052175033333332976e+01 1.000000000000000000e+00
2.884616300000000066e+01 2.824289149999999893e+01 2.996587900000000104e+01 0.000000000000000000e+00
2.668570700000000073e+01 2.776593499999999892e+01 2.772383000000000308e+01 1.000000000000000000e+00
2.885822500000000090e+01 2.777196599999999904e+01 2.813003166666666743e+01 1.000000000000000000e+00
3.259690100000000257e+01 3.072756300000000351e+01 2.938027766666666807e+01 0.000000000000000000e+00
2.694531299999999874e+01 2.977110700000000065e+01 2.946681300000000192e+01 0.000000000000000000e+00
2.654423500000000047e+01 2.674477399999999960e+01 2.869548299999999941e+01 0.000000000000000000e+00
2.166076999999999941e+01 2.410250249999999994e+01 2.505010599999999954e+01 1.000000000000000000e+00
2.669047700000000134e+01 2.417562350000000038e+01 2.496516066666666589e+01 1.000000000000000000e+00
3.230172000000000310e+01 2.949609850000000222e+01 2.688432233333333343e+01 0.000000000000000000e+00
2.760938300000000112e+01 2.995555150000000211e+01 2.886719333333333637e+01 0.000000000000000000e+00
2.656797200000000103e+01 2.708867750000000285e+01 2.882635833333333508e+01 1.000000000000000000e+00
2.839043200000000056e+01 2.747920200000000079e+01 2.752259566666667112e+01 1.000000000000000000e+00
2.932239200000000068e+01 2.885641199999999884e+01 2.809359866666666861e+01 0.000000000000000000e+00
2.653036099999999919e+01 2.792637649999999994e+01 2.808106166666666681e+01 0.000000000000000000e+00
2.583235000000000170e+01 2.618135550000000222e+01 2.722836766666666719e+01 0.000000000000000000e+00
2.368144399999999905e+01 2.475689700000000215e+01 2.534805166666666665e+01 0.000000000000000000e+00
2.052591899999999825e+01 2.210368150000000043e+01 2.334657100000000085e+01 1.000000000000000000e+00
2.125319899999999862e+01 2.088955899999999843e+01 2.182018733333333316e+01 1.000000000000000000e+00
2.289414599999999922e+01 2.207367250000000070e+01 2.155775466666666418e+01 0.000000000000000000e+00
2.206262399999999957e+01 2.247838499999999939e+01 2.206998966666666817e+01 0.000000000000000000e+00
2.066663399999999839e+01 2.136462900000000076e+01 2.187446799999999669e+01 0.000000000000000000e+00
1.792090800000000073e+01 1.929377099999999956e+01 2.021672200000000075e+01 1.000000000000000000e+00
2.184206199999999853e+01 1.988148499999999785e+01 2.014320133333333374e+01 0.000000000000000000e+00
2.150508500000000112e+01 2.167357349999999983e+01 2.042268499999999776e+01 1.000000000000000000e+00
2.224001499999999965e+01 2.187255000000000038e+01 2.186238733333333428e+01 0.000000000000000000e+00
2.098416699999999935e+01 2.161209099999999950e+01 2.157642233333332982e+01 0.000000000000000000e+00
1.544118199999999952e+01 1.821267449999999855e+01 1.955512133333333225e+01 1.000000000000000000e+00
1.651103399999999866e+01 1.597610799999999998e+01 1.764546099999999740e+01 0.000000000000000000e+00
1.187669200000000025e+01 1.419386300000000034e+01 1.460963600000000007e+01 1.000000000000000000e+00
1.297742500000000021e+01 1.242705850000000112e+01 1.378838366666666637e+01 1.000000000000000000e+00
1.601765400000000028e+01 1.449753950000000025e+01 1.362392366666666810e+01 0.000000000000000000e+00
1.527308999999999983e+01 1.564537200000000006e+01 1.475605633333333344e+01 0.000000000000000000e+00
1.485308599999999934e+01 1.506308800000000048e+01 1.538127666666666649e+01 0.000000000000000000e+00
1.464047899999999913e+01 1.474678249999999835e+01 1.492221833333333336e+01 1.000000000000000000e+00
1.530536999999999992e+01 1.497292449999999953e+01 1.493297833333333280e+01 1.000000000000000000e+00
1.894612899999999911e+01 1.712574949999999774e+01 1.629732599999999820e+01 1.000000000000000000e+00
2.151380500000000140e+01 2.022996700000000203e+01 1.858843466666666799e+01 1.000000000000000000e+00
2.237801699999999983e+01 2.194591100000000239e+01 2.094598366666666678e+01 1.000000000000000000e+00
2.294761700000000104e+01 2.266281700000000043e+01 2.227981300000000076e+01 0.000000000000000000e+00
2.262930700000000073e+01 2.278846200000000266e+01 2.265164700000000053e+01 0.000000000000000000e+00
2.270204499999999825e+01 2.266567599999999771e+01 2.275965633333333571e+01 1.000000000000000000e+00
2.374026699999999934e+01 2.322115600000000057e+01 2.302387299999999826e+01 0.000000000000000000e+00
2.363678000000000168e+01 2.368852350000000229e+01 2.335969733333333309e+01 1.000000000000000000e+00
2.452481799999999978e+01 2.408079899999999895e+01 2.396728833333333242e+01 1.000000000000000000e+00
2.596706999999999965e+01 2.524594400000000149e+01 2.470955600000000274e+01 1.000000000000000000e+00
2.764519100000000051e+01 2.680613050000000186e+01 2.604569299999999998e+01 1.000000000000000000e+00
2.827195199999999886e+01 2.795857149999999791e+01 2.729473766666666634e+01 0.000000000000000000e+00
2.534029599999999860e+01 2.680612399999999695e+01 2.708581299999999814e+01 0.000000000000000000e+00
2.502947199999999839e+01 2.518488399999999672e+01 2.621390666666666291e+01 1.000000000000000000e+00
2.634073300000000017e+01 2.568510249999999928e+01 2.557016699999999787e+01 0.000000000000000000e+00
2.536237900000000067e+01 2.585155600000000220e+01 2.557752800000000093e+01 1.000000000000000000e+00
2.712898300000000162e+01 2.624568100000000115e+01 2.627736500000000319e+01 0.000000000000000000e+00
2.723177000000000092e+01 2.718037650000000127e+01 2.657437733333333441e+01 0.000000000000000000e+00
2.645725099999999941e+01 2.684451049999999839e+01 2.693933466666666732e+01 0.000000000000000000e+00
2.602546099999999996e+01 2.624135599999999968e+01 2.657149400000000128e+01 1.000000000000000000e+00
2.696556500000000156e+01 2.649551300000000253e+01 2.648275900000000149e+01 0.000000000000000000e+00
2.580425599999999875e+01 2.638491050000000016e+01 2.626509400000000127e+01 0.000000000000000000e+00
2.548643099999999961e+01 2.564534349999999918e+01 2.608541733333333568e+01 0.000000000000000000e+00
2.412667799999999829e+01 2.480655449999999718e+01 2.513912166666666437e+01 1.000000000000000000e+00
2.474728400000000050e+01 2.443698099999999940e+01 2.478679766666666140e+01 1.000000000000000000e+00
2.517852999999999852e+01 2.496290700000000129e+01 2.468416399999999911e+01 0.000000000000000000e+00
2.487568900000000127e+01 2.502710950000000167e+01 2.493383433333333343e+01 0.000000000000000000e+00
2.474890299999999854e+01 2.481229599999999991e+01 2.493437400000000181e+01 0.000000000000000000e+00
2.410053399999999968e+01 2.442471849999999733e+01 2.457504199999999983e+01 0.000000000000000000e+00
2.412898399999999910e+01 2.411475899999999939e+01 2.432614033333333126e+01 1.000000000000000000e+00
2.604195800000000105e+01 2.508547099999999830e+01 2.475715866666666898e+01 1.000000000000000000e+00
2.747489699999999857e+01 2.675842749999999981e+01 2.588194633333333172e+01 1.000000000000000000e+00
2.850923900000000089e+01 2.799206799999999973e+01 2.734203133333333469e+01 0.000000000000000000e+00
2.855234499999999898e+01 2.853079199999999815e+01 2.817882699999999829e+01 1.000000000000000000e+00
2.980290600000000012e+01 2.917762549999999777e+01 2.895482999999999763e+01 1.000000000000000000e+00
3.016512099999999919e+01 2.998401349999999965e+01 2.950679066666666372e+01 1.000000000000000000e+00
3.287447699999999884e+01 3.151979899999999901e+01 3.094750133333333153e+01 0.000000000000000000e+00
3.114205700000000121e+01 3.200826700000000358e+01 3.139388500000000093e+01 0.000000000000000000e+00
3.067464100000000116e+01 3.090834900000000118e+01 3.156372500000000514e+01 1.000000000000000000e+00
3.331850800000000135e+01 3.199657450000000125e+01 3.171173533333333694e+01 1.000000000000000000e+00
3.361988099999999946e+01 3.346919450000000040e+01 3.253767666666666969e+01 1.000000000000000000e+00
3.457706799999999703e+01 3.409847449999999469e+01 3.383848566666666358e+01 1.000000000000000000e+00
3.493050399999999911e+01 3.475378599999999807e+01 3.437581766666666283e+01 0.000000000000000000e+00
3.432076599999999900e+01 3.462563500000000261e+01 3.460944599999999838e+01 1.000000000000000000e+00
3.581878300000000337e+01 3.506977450000000118e+01 3.502335099999999812e+01 1.000000000000000000e+00
3.776917600000000164e+01 3.679397950000000606e+01 3.596957499999999897e+01 0.000000000000000000e+00
3.688676499999999692e+01 3.732797049999999928e+01 3.682490800000000064e+01 0.000000000000000000e+00
3.613245400000000274e+01 3.650960949999999627e+01 3.692946500000000043e+01 1.000000000000000000e+00
3.891073200000000298e+01 3.752159300000000286e+01 3.730998366666666044e+01 0.000000000000000000e+00
3.898383700000000118e+01 3.894728450000000208e+01 3.800900766666666897e+01 0.000000000000000000e+00
3.644159700000000157e+01 3.771271699999999782e+01 3.811205533333333761e+01 0.000000000000000000e+00
3.310203899999999777e+01 3.477181799999999612e+01 3.617582433333333114e+01 1.000000000000000000e+00
3.374655500000000075e+01 3.342429699999999571e+01 3.443006366666666196e+01 1.000000000000000000e+00
3.473194099999999906e+01 3.423924800000000346e+01 3.386017833333333016e+01 1.000000000000000000e+00
3.562639999999999674e+01 3.517917049999999790e+01 3.470163199999999648e+01 0.000000000000000000e+00
3.486124800000000334e+01 3.524382400000000359e+01 3.507319633333333542e+01 0.000000000000000000e+00
3.335584999999999667e+01 3.410854899999999645e+01 3.461449933333333462e+01 1.000000000000000000e+00
3.622146200000000249e+01 3.478865600000000313e+01 3.481285333333332943e+01 0.000000000000000000e+00
3.133614899999999892e+01 3.377880550000000426e+01 3.363782033333333743e+01 1.000000000000000000e+00
3.310916900000000140e+01 3.222265900000000016e+01 3.355559333333334138e+01 1.000000000000000000e+00
3.673228100000000040e+01 3.492072500000000446e+01 3.372586633333333594e+01 0.000000000000000000e+00
3.341790000000000305e+01 3.507509050000000173e+01 3.441978333333333495e+01 0.000000000000000000e+00
2.666437700000000177e+01 3.004113850000000241e+01 3.227151933333333744e+01 1.000000000000000000e+00
3.157602100000000078e+01 2.912019899999999950e+01 3.055276600000000187e+01 0.000000000000000000e+00
3.024791700000000105e+01 3.091196899999999914e+01 2.949610500000000002e+01 1.000000000000000000e+00
3.669987499999999869e+01 3.347389599999999632e+01 3.284127099999999899e+01 0.000000000000000000e+00
3.241690100000000285e+01 3.455838800000000077e+01 3.312156433333333183e+01 0.000000000000000000e+00
2.507243199999999916e+01 2.874466650000000101e+01 3.139640266666667046e+01 0.000000000000000000e+00
2.496948099999999826e+01 2.502095649999999694e+01 2.748627133333333461e+01 0.000000000000000000e+00
2.020208200000000076e+01 2.258578149999999951e+01 2.341466499999999940e+01 0.000000000000000000e+00
1.831628999999999863e+01 1.925918599999999969e+01 2.116261766666666588e+01 1.000000000000000000e+00
2.130621899999999869e+01 1.981125449999999688e+01 1.994153033333333269e+01 1.000000000000000000e+00
2.645241899999999902e+01 2.387931899999999885e+01 2.202497599999999878e+01 1.000000000000000000e+00
2.963125799999999899e+01 2.804183849999999723e+01 2.579663199999999890e+01 0.000000000000000000e+00
2.739084799999999831e+01 2.851105299999999687e+01 2.782484166666666781e+01 1.000000000000000000e+00
3.103653299999999859e+01 2.921369049999999845e+01 2.935287966666666648e+01 1.000000000000000000e+00
3.495027900000000187e+01 3.299340600000000023e+01 3.112588666666666271e+01 1.000000000000000000e+00
3.523977699999999658e+01 3.509502799999999922e+01 3.374219633333333235e+01 0.000000000000000000e+00
3.359118999999999744e+01 3.441548349999999346e+01 3.459374866666666293e+01 1.000000000000000000e+00
3.421155900000000116e+01 3.390137450000000285e+01 3.434750866666666269e+01 0.000000000000000000e+00
3.355131500000000244e+01 3.388143700000000536e+01 3.378468800000000272e+01 0.000000000000000000e+00
3.135321000000000069e+01 3.245226250000000334e+01 3.303869466666667165e+01 1.000000000000000000e+00
3.383346199999999726e+01 3.259333600000000075e+01 3.291266233333333702e+01 1.000000000000000000e+00
3.607451199999999858e+01 3.495398699999999792e+01 3.375372800000000240e+01 0.000000000000000000e+00
3.432521100000000303e+01 3.519986149999999725e+01 3.474439499999999725e+01 0.000000000000000000e+00
3.194249299999999891e+01 3.313385200000000452e+01 3.411407200000000017e+01 0.000000000000000000e+00
2.954560499999999834e+01 3.074404899999999685e+01 3.193776966666666794e+01 1.000000000000000000e+00
3.250742000000000331e+01 3.102651250000000260e+01 3.133183933333333471e+01 0.000000000000000000e+00
2.938396799999999942e+01 3.094569400000000314e+01 3.047899766666666821e+01 1.000000000000000000e+00
3.075780699999999968e+01 3.007088749999999777e+01 3.088306500000000199e+01 0.000000000000000000e+00
3.041031600000000168e+01 3.058406150000000068e+01 3.018403033333332885e+01 0.000000000000000000e+00
3.026342599999999905e+01 3.033687100000000214e+01 3.047718300000000013e+01 1.000000000000000000e+00
3.432551600000000036e+01 3.229447100000000148e+01 3.166641933333333370e+01 1.000000000000000000e+00
3.636464699999999794e+01 3.534508149999999915e+01 3.365119633333333127e+01 1.000000000000000000e+00
3.782412300000000016e+01 3.709438500000000261e+01 3.617142866666666379e+01 0.000000000000000000e+00
3.734616100000000216e+01 3.758514200000000471e+01 3.717831033333333579e+01 0.000000000000000000e+00
3.696541200000000060e+01 3.715578650000000493e+01 3.737856533333333431e+01 0.000000000000000000e+00
3.521920399999999773e+01 3.609230800000000272e+01 3.651025899999999780e+01 0.000000000000000000e+00
3.334583299999999895e+01 3.428251849999999479e+01 3.517681633333333480e+01 0.000000000000000000e+00
3.294673900000000089e+01 3.314628600000000347e+01 3.383725866666666349e+01 0.000000000000000000e+00
3.078077700000000050e+01 3.186375800000000069e+01 3.235778300000000485e+01 0.000000000000000000e+00
2.468362399999999823e+01 2.773220049999999759e+01 2.947038000000000224e+01 1.000000000000000000e+00
2.848614900000000105e+01 2.658488649999999964e+01 2.798351666666666304e+01 0.000000000000000000e+00
2.560362800000000050e+01 2.704488849999999900e+01 2.625780033333333563e+01 1.000000000000000000e+00
2.748855599999999910e+01 2.654609200000000158e+01 2.719277766666666807e+01 1.000000000000000000e+00
3.083679000000000059e+01 2.916267299999999807e+01 2.797632466666667028e+01 1.000000000000000000e+00
3.267415600000000353e+01 3.175547300000000206e+01 3.033316733333333559e+01 1.000000000000000000e+00
3.828636900000000054e+01 3.548026250000000203e+01 3.393243833333333015e+01 0.000000000000000000e+00
3.578834499999999963e+01 3.703735700000000008e+01 3.558295666666666790e+01 0.000000000000000000e+00
2.778385000000000105e+01 3.178609750000000034e+01 3.395285466666666707e+01 1.000000000000000000e+00
2.994620499999999907e+01 2.886502750000000006e+01 3.117279999999999873e+01 1.000000000000000000e+00
3.017249899999999840e+01 3.005935199999999696e+01 2.930085133333333047e+01 1.000000000000000000e+00
3.138750999999999891e+01 3.078000449999999688e+01 3.050207133333333331e+01 1.000000000000000000e+00
3.421018999999999721e+01 3.279885000000000161e+01 3.192339966666666484e+01 1.000000000000000000e+00
3.522432299999999827e+01 3.471725649999999774e+01 3.360734099999999813e+01 0.000000000000000000e+00
3.497366000000000241e+01 3.509899149999999679e+01 3.480272433333333737e+01 1.000000000000000000e+00
3.743407799999999952e+01 3.620386899999999741e+01 3.587735366666666437e+01 1.000000000000000000e+00
4.005624799999999652e+01 3.874516299999999802e+01 3.748799533333333045e+01 1.000000000000000000e+00
4.193439899999999909e+01 4.099532349999999781e+01 3.980824166666666741e+01 0.000000000000000000e+00
4.068287999999999727e+01 4.130863949999999818e+01 4.089117566666666193e+01 1.000000000000000000e+00
4.201153899999999908e+01 4.134720949999999817e+01 4.154293933333332944e+01 1.000000000000000000e+00
4.708733699999999800e+01 4.454943799999999499e+01 4.326058533333333145e+01 0.000000000000000000e+00
4.553470999999999691e+01 4.631102349999999745e+01 4.487786199999999326e+01 1.000000000000000000e+00
4.807065200000000260e+01 4.680268099999999976e+01 4.689756633333333724e+01 0.000000000000000000e+00
4.390315199999999862e+01 4.598690200000000061e+01 4.583617133333333271e+01 1.000000000000000000e+00
4.491103400000000079e+01 4.440709300000000326e+01 4.562827933333333164e+01 0.000000000000000000e+00
4.478070100000000053e+01 4.484586749999999711e+01 4.453162900000000235e+01 1.000000000000000000e+00
5.008206200000000052e+01 4.743138150000000053e+01 4.659126566666666491e+01 1.000000000000000000e+00
5.118487199999999859e+01 5.063346699999999601e+01 4.868254500000000462e+01 0.000000000000000000e+00
4.845407900000000012e+01 4.981947549999999580e+01 4.990700433333333308e+01 1.000000000000000000e+00
5.005722000000000094e+01 4.925564950000000408e+01 4.989872366666666181e+01 1.000000000000000000e+00
5.348423400000000072e+01 5.177072700000000083e+01 5.066517766666667200e+01 0.000000000000000000e+00
4.931718800000000158e+01 5.140071100000000115e+01 5.095288066666666538e+01 0.000000000000000000e+00
4.926456100000000049e+01 4.929087450000000104e+01 5.068866100000000330e+01 1.000000000000000000e+00
5.108194699999999955e+01 5.017325400000000002e+01 4.988789866666667194e+01 0.000000000000000000e+00
5.112627799999999922e+01 5.110411249999999939e+01 5.049092866666666168e+01 1.000000000000000000e+00
5.307273500000000155e+01 5.209950650000000394e+01 5.176032000000000011e+01 1.000000000000000000e+00
5.377798099999999692e+01 5.342535800000000279e+01 5.265899799999999686e+01 0.000000000000000000e+00
5.399224099999999993e+01 5.388511099999999487e+01 5.361431900000000184e+01 0.000000000000000000e+00
5.406841299999999961e+01 5.403032699999999977e+01 5.394621166666666312e+01 1.000000000000000000e+00
5.624338199999999688e+01 5.515589749999999469e+01 5.476801199999999881e+01 0.000000000000000000e+00
4.887368000000000023e+01 5.255853100000000211e+01 5.306182499999999891e+01 1.000000000000000000e+00
5.542929800000000284e+01 5.215148899999999799e+01 5.351545333333333332e+01 0.000000000000000000e+00
5.479613100000000259e+01 5.511271450000000272e+01 5.303303633333333522e+01 1.000000000000000000e+00
5.722026100000000071e+01 5.600819599999999809e+01 5.581523000000000678e+01 1.000000000000000000e+00
5.989513800000000288e+01 5.855769949999999824e+01 5.730384333333333302e+01 1.000000000000000000e+00
6.169800599999999946e+01 6.079657199999999762e+01 5.960446833333332961e+01 1.000000000000000000e+00
6.239912799999999748e+01 6.204856699999999847e+01 6.133075733333333091e+01 0.000000000000000000e+00
5.874690999999999974e+01 6.057301900000000217e+01 6.094801466666666556e+01 0.000000000000000000e+00
5.587830399999999997e+01 5.731260699999999986e+01 5.900811399999999907e+01 1.000000000000000000e+00
5.888438800000000128e+01 5.738134600000000063e+01 5.783653400000000033e+01 1.000000000000000000e+00
6.155239499999999708e+01 6.021839149999999563e+01 5.877169566666666611e+01 0.000000000000000000e+00
6.095238499999999959e+01 6.125238999999999834e+01 6.046305599999999458e+01 0.000000000000000000e+00
5.492452200000000317e+01 5.793845350000000138e+01 5.914310066666666899e+01 0.000000000000000000e+00
5.231924399999999764e+01 5.362188299999999685e+01 5.606538366666666207e+01 1.000000000000000000e+00
5.503278699999999901e+01 5.367601549999999833e+01 5.409218433333332854e+01 1.000000000000000000e+00
5.873137700000000194e+01 5.688208199999999692e+01 5.536113599999999479e+01 1.000000000000000000e+00
6.110407299999999964e+01 5.991772500000000434e+01 5.828941233333333116e+01 0.000000000000000000e+00
5.817385500000000320e+01 5.963896400000000142e+01 5.933643500000000159e+01 1.000000000000000000e+00
5.988705099999999959e+01 5.903045300000000140e+01 5.972165966666667458e+01 1.000000000000000000e+00
6.368366199999999822e+01 6.178535649999999890e+01 6.058152266666667174e+01 0.000000000000000000e+00
6.282511900000000082e+01 6.325439049999999952e+01 6.213194399999999717e+01 1.000000000000000000e+00
6.534417000000000542e+01 6.408464449999999601e+01 6.395098366666667289e+01 1.000000000000000000e+00
7.618715699999999913e+01 7.076566350000000227e+01 6.811881533333333039e+01 1.000000000000000000e+00
8.124286700000000394e+01 7.871501200000000154e+01 7.425806466666666950e+01 0.000000000000000000e+00
8.042559799999999370e+01 8.083423249999999882e+01 7.928520733333333226e+01 1.000000000000000000e+00
8.659452799999999684e+01 8.351006300000000238e+01 8.275433099999999342e+01 0.000000000000000000e+00
8.393800400000000650e+01 8.526626600000000167e+01 8.365270999999999901e+01 0.000000000000000000e+00
8.313532299999999964e+01 8.353666350000000307e+01 8.455595166666667239e+01 0.000000000000000000e+00
7.940656300000000556e+01 8.127094300000000260e+01 8.215996333333333723e+01 1.000000000000000000e+00
8.834765600000000063e+01 8.387710950000000310e+01 8.362984733333333054e+01 0.000000000000000000e+00
8.873429099999999892e+01 8.854097350000000688e+01 8.549617000000000644e+01 0.000000000000000000e+00
8.833792900000000259e+01 8.853611000000000786e+01 8.847329200000001492e+01 1.000000000000000000e+00
9.282820900000000108e+01 9.058306899999999473e+01 8.996680966666667700e+01 1.000000000000000000e+00
9.778500400000000070e+01 9.530660650000000089e+01 9.298371400000000619e+01 1.000000000000000000e+00
1.021790239999999983e+02 9.998201399999999239e+01 9.759741233333333810e+01 1.000000000000000000e+00
1.045448379999999986e+02 1.033619309999999984e+02 1.015029553333333325e+02 1.000000000000000000e+00
1.130793000000000035e+02 1.088120690000000081e+02 1.066010539999999907e+02 0.000000000000000000e+00
1.135013050000000021e+02 1.132903024999999957e+02 1.103751476666666775e+02 0.000000000000000000e+00
1.080670089999999988e+02 1.107841569999999933e+02 1.115492046666666539e+02 0.000000000000000000e+00
1.068975910000000056e+02 1.074823000000000093e+02 1.094886350000000022e+02 0.000000000000000000e+00
1.056914900000000017e+02 1.062945405000000108e+02 1.068853633333333306e+02 0.000000000000000000e+00
1.029161150000000049e+02 1.043038025000000033e+02 1.051683986666666755e+02 1.000000000000000000e+00
1.135336530000000010e+02 1.082248840000000030e+02 1.073804193333333359e+02 0.000000000000000000e+00
1.137832030000000003e+02 1.136584280000000007e+02 1.100776570000000021e+02 0.000000000000000000e+00
