1989-11-01,11.166667,11.208333,10.333333,10.583333,1.787949,42286500
1989-12-01,10.541667,11.000000,9.500000,9.958333,1.682362,38281500
1990-01-01,9.958333,10.458333,8.333333,8.583333,1.547245,27858000
1990-02-01,8.583333,9.208333,8.333333,8.541667,1.539734,30763800
1990-03-01,8.541667,9.166667,7.583333,7.791667,1.404539,44307300
1990-04-01,7.666667,8.291667,7.583333,7.791667,1.517150,30184500
1990-05-01,7.791667,9.166667,7.750000,9.125000,1.776768,20227200
1990-06-01,9.208333,9.708333,8.083333,8.500000,1.655073,20486100
1990-07-01,8.541667,8.625000,7.625000,7.666667,1.608522,15733500
1990-08-01,7.583333,8.166667,6.625000,7.208333,1.512360,28354800
1990-09-01,7.208333,7.666667,4.416667,5.166667,1.084004,33731100
1990-10-01,5.166667,5.458333,3.208333,3.375000,0.777476,41941500
1990-11-01,3.416667,4.291667,3.416667,3.791667,0.873460,26049300
1990-12-01,3.875000,4.666667,3.541667,3.583333,0.825468,46573500
1991-01-01,3.625000,4.500000,3.500000,4.375000,1.068361,23026200
1991-02-01,4.416667,6.000000,4.375000,5.500000,1.343081,41669400
1991-03-01,5.541667,6.125000,5.083333,5.791667,1.414306,21389400
1991-04-01,5.791667,7.375000,5.500000,6.833333,1.742357,30634500
1991-05-01,6.791667,7.125000,6.041667,7.125000,1.816725,21214200
1991-06-01,7.041667,8.250000,6.875000,7.125000,1.816725,28551600
1991-07-01,7.125000,9.166667,6.833333,8.541667,2.247513,52598400
1991-08-01,8.500000,10.041667,8.416667,8.833333,2.324257,43798800
1991-09-01,8.875000,8.958333,8.250000,8.458333,2.225585,20698800
1991-10-01,8.375000,8.833333,7.625000,8.250000,2.234047,33439800
1991-11-01,8.291667,8.458333,7.041667,7.041667,1.906837,29811600
1991-12-01,7.041667,7.833333,6.166667,7.083333,1.918121,47711400
1992-01-01,7.291667,10.166667,7.291667,9.333333,2.644718,146065500
1992-02-01,9.333333,11.375000,9.291667,11.208333,3.176021,91708500
1992-03-01,11.208333,11.875000,10.083333,10.916667,3.093375,74663700
1992-04-01,10.875000,12.500000,9.666667,11.708333,3.409743,86937300
1992-05-01,11.750000,13.125000,11.666667,12.166667,3.543220,59070900
1992-06-01,12.291667,12.833333,11.583333,12.375000,3.603892,59473200
1992-07-01,12.500000,13.166667,11.083333,11.625000,3.469671,84711300
1992-08-01,11.625000,11.666667,10.333333,10.833333,3.233385,58376100
1992-09-01,10.958333,11.291667,10.083333,10.875000,3.245823,81015600
1992-10-01,10.875000,11.875000,10.083333,11.458333,3.518603,42190800
1992-11-01,11.500000,12.625000,11.458333,12.500000,3.838476,40828200
1992-12-01,12.500000,13.125000,11.833333,12.875000,3.953630,38721300
1993-01-01,12.916667,14.333333,12.333333,13.541667,4.257327,78212100
1993-02-01,13.625000,14.333333,13.125000,13.500000,4.244226,68342700
1993-03-01,13.750000,14.708333,13.000000,13.458333,4.231125,69407400
1993-04-01,13.583333,14.708333,12.125000,12.750000,4.108337,87396900
1993-05-01,12.791667,13.458333,11.750000,12.791667,4.121763,70392000
1993-06-01,12.875000,14.041667,11.666667,13.625000,4.390283,64155300
1993-07-01,13.625000,13.875000,12.916667,13.750000,4.537942,53389800
1993-08-01,13.750000,14.250000,13.041667,13.541667,4.469186,46644900
1993-09-01,13.541667,15.125000,13.208333,15.000000,4.950483,63141600
1993-10-01,14.958333,15.458333,13.333333,13.375000,4.513850,71627700
1993-11-01,13.375000,13.833333,12.000000,12.833333,4.331046,70215600
1993-12-01,12.958333,13.791667,12.791667,13.375000,4.513850,43849800
1994-01-01,13.375000,14.041667,12.375000,13.166667,4.571868,86868000
1994-02-01,13.125000,13.166667,12.041667,12.416667,4.311445,73786800
1994-03-01,12.458333,13.041667,11.500000,12.125000,4.210172,74525700
1994-04-01,11.916667,13.041667,11.541667,11.583333,4.151338,57179100
1994-05-01,11.666667,12.833333,11.291667,12.791667,4.584391,50151600
1994-06-01,12.833333,13.625000,12.583333,12.833333,4.599321,62814000
1994-07-01,12.833333,13.083333,12.375000,12.791667,4.722470,43739700
1994-08-01,12.791667,13.333333,12.583333,12.916667,4.768615,37839600
1994-09-01,12.833333,12.875000,11.625000,11.666667,4.307139,55014000
1994-10-01,11.666667,12.708333,11.208333,12.666667,4.856957,60932700
1994-11-01,12.666667,12.666667,11.291667,12.125000,4.649261,52959600
1994-12-01,12.250000,12.875000,11.958333,11.958333,4.585353,68499000
1995-01-01,11.958333,13.291667,11.916667,13.000000,5.171854,54007500
1995-02-01,13.000000,13.625000,12.791667,13.375000,5.321038,54016200
1995-03-01,13.333333,13.458333,12.291667,12.583333,5.006088,69765000
1995-04-01,12.583333,14.125000,12.500000,13.916667,5.733143,57599100
1995-05-01,13.916667,15.833333,13.750000,15.375000,6.333923,67677000
1995-06-01,15.375000,16.250000,14.416667,15.750000,6.488410,60165600
1995-07-01,15.750000,17.541666,15.416667,17.208334,7.089188,76375500
1995-08-01,17.250000,20.250000,16.916666,19.416666,8.261251,84578100
1995-09-01,19.208334,20.541666,19.083334,20.291666,8.633537,72861900
1995-10-01,20.291666,21.583334,17.958334,18.958334,8.066246,111971100
1995-11-01,18.916666,20.208334,18.541666,20.000000,8.797338,61018200
1995-12-01,20.041666,20.833334,18.958334,19.583334,8.614057,55412700
1996-01-01,19.500000,22.541666,17.375000,22.333334,9.823694,124836600
1996-02-01,22.125000,24.500000,21.541666,23.875000,10.777036,103363800
1996-03-01,23.875000,24.458334,21.041666,23.500000,10.607763,101446200
1996-04-01,23.833334,24.791666,21.750000,23.000000,10.382067,102287700
1996-05-01,22.833334,24.291666,21.416666,23.333334,10.780679,123797700
1996-06-01,23.250000,24.666666,22.458334,23.541666,10.876929,106301100
1996-07-01,23.666666,23.916666,21.416666,23.166666,10.703671,109655400
1996-08-01,23.250000,26.541666,23.041666,24.791666,11.730627,117357600
1996-09-01,24.375000,27.083334,24.291666,26.708334,12.637541,99918000
1996-10-01,26.666666,28.875000,26.625000,28.583334,13.524721,130388400
1996-11-01,28.708334,31.958334,28.458334,31.500000,15.329886,120087300
1996-12-01,31.375000,31.375000,28.166666,29.791666,14.498506,128776200
1997-01-01,30.083334,31.208334,28.541666,30.833334,15.005447,165259800
1997-02-01,30.958334,35.416668,30.708334,33.375000,16.553596,135466500
1997-03-01,33.250000,36.833332,31.000000,31.291666,15.520288,168465900
1997-04-01,31.000000,32.541668,28.208334,30.708334,15.230965,221610600
1997-05-01,30.875000,33.166668,30.291666,31.500000,15.933592,164369100
1997-06-01,31.791666,34.791668,31.333334,32.354168,16.365660,154794300
1997-07-01,32.312500,38.229168,32.166668,37.854168,19.147715,158797500
1997-08-01,37.770832,38.604168,35.375000,37.062500,19.113592,159939000
1997-09-01,37.041668,40.166668,36.854168,39.333332,20.284689,106061400
1997-10-01,39.375000,42.187500,36.916668,38.479168,19.844177,157596300
1997-11-01,38.812500,40.250000,34.166668,36.250000,18.990053,148474500
1997-12-01,36.854168,39.708332,34.562500,36.500000,19.121019,125403300
1998-01-01,36.208332,37.562500,32.854168,35.729168,18.717209,157704300
1998-02-01,36.166668,41.541668,36.145832,41.354168,22.038343,103378500
1998-03-01,41.479168,46.375000,39.458332,44.958332,23.959074,134071500
1998-04-01,45.000000,49.708332,42.791668,46.187500,24.614109,132401100
1998-05-01,46.375000,48.833332,44.500000,45.312500,24.537519,97091100
1998-06-01,44.708332,51.000000,44.479168,50.333332,27.256405,101160700
1998-07-01,50.666668,51.708332,47.583332,50.416668,27.301527,104965300
1998-08-01,50.416668,50.708332,34.833332,35.000000,19.089668,136363800
1998-09-01,35.333332,38.625000,26.708334,28.750000,15.680788,268355700
1998-10-01,28.333334,38.250000,23.708334,37.875000,20.657743,228263600
1998-11-01,37.666668,44.583332,36.416668,42.291668,23.376690,109581000
1998-12-01,41.833332,48.375000,39.000000,47.333332,26.163458,113660600
1999-01-01,46.750000,52.166668,45.250000,51.291668,28.351429,156360000
1999-02-01,51.291668,55.041668,47.583332,53.083332,29.566641,121635700
1999-03-01,53.000000,59.666668,52.666668,54.250000,30.216461,115616500
1999-04-01,53.916668,60.750000,52.208332,55.000000,30.634211,110741800
1999-05-01,54.666668,56.916668,48.000000,48.250000,27.079172,113154900
1999-06-01,48.166668,57.750000,46.750000,57.666668,32.364059,100821600
1999-07-01,57.041668,57.916668,50.833332,51.375000,28.833015,83632400
1999-08-01,51.291668,59.000000,48.375000,55.791668,31.535950,104188500
1999-09-01,55.791668,57.166668,48.375000,50.250000,28.403543,127372500
1999-10-01,50.083332,59.500000,43.875000,58.166668,32.878391,138489900
1999-11-01,57.750000,58.250000,50.875000,51.500000,29.353832,98715200
1999-12-01,51.416668,55.583332,48.041668,51.791668,29.520071,97816700
2000-01-01,49.833332,54.333332,45.500000,53.791668,30.660036,163663500
2000-02-01,54.958332,57.583332,49.708332,53.083332,30.513777,132967800
2000-03-01,53.250000,67.166664,51.416668,58.125000,33.411854,165478100
2000-04-01,58.625000,62.000000,47.833332,48.083332,27.639620,149968800
2000-05-01,48.333332,51.333332,45.416668,49.791668,28.846163,155677300
2000-06-01,50.583332,54.916668,44.125000,46.062500,26.685707,140779400
2000-07-01,45.875000,53.750000,45.875000,49.812500,28.858225,84149300
2000-08-01,49.875000,56.562500,49.625000,55.875000,32.596901,139772000
2000-09-01,56.687500,58.375000,44.562500,46.187500,26.945313,233944700
2000-10-01,46.625000,48.125000,32.375000,45.500000,26.544235,245473100
2000-11-01,45.500000,46.500000,35.437500,36.875000,21.660770,155467700
2000-12-01,37.125000,47.562500,36.875000,45.437500,26.690477,200159000
2001-01-01,44.625000,57.330002,43.187500,54.990002,32.301720,247102800
2001-02-01,54.990002,55.849998,45.299999,46.660000,27.609383,154547500
2001-03-01,45.599998,51.189999,37.580002,44.900002,26.567972,204257600
2001-04-01,44.500000,50.400002,39.209999,47.980000,28.390432,167154700
2001-05-01,48.490002,50.599998,46.349998,49.150002,29.322392,149322200
2001-06-01,49.250000,49.910000,42.500000,44.470001,26.530361,157719500
2001-07-01,44.799999,46.009998,40.599998,43.299999,25.832350,131864500
2001-08-01,43.200001,44.250000,39.110001,39.400002,23.681444,135245300
2001-09-01,39.500000,40.680000,29.040001,34.150002,20.525919,175067700
2001-10-01,34.299999,38.080002,31.850000,35.360001,21.253199,205630000
2001-11-01,36.090000,40.299999,35.160000,37.720001,22.894146,150775700
2001-12-01,36.900002,40.950001,35.020000,36.349998,22.062624,180358700
2002-01-01,36.490002,39.680000,30.400000,34.049999,20.666634,225098800
2002-02-01,34.049999,34.049999,26.700001,29.250000,17.920908,285216300
2002-03-01,29.600000,36.490002,29.049999,35.650002,21.842062,211048800
2002-04-01,35.650002,37.950001,33.099998,35.099998,21.505085,189633900
2002-05-01,35.439999,38.750000,34.240002,35.950001,22.240015,150664200
2002-06-01,36.000000,36.250000,30.150000,33.919998,20.984167,177232000
2002-07-01,33.590000,33.680000,18.219999,24.959999,15.441182,350909700
2002-08-01,24.959999,27.400000,22.100000,26.400000,16.511034,247681100
2002-09-01,25.650000,25.750000,17.860001,18.990000,11.876692,308858000
2002-10-01,19.150000,21.610001,15.260000,20.750000,12.977425,372556800
2002-11-01,20.750000,25.700001,20.000000,25.170000,16.017654,243834500
2002-12-01,25.990000,26.139999,22.799999,24.000000,15.273090,203658000
2003-01-01,25.250000,28.290001,22.700001,23.340000,14.853086,243213700
2003-02-01,23.500000,23.870001,20.860001,22.680000,14.640479,168216300
2003-03-01,23.150000,24.900000,20.129999,23.709999,15.305370,224183400
2003-04-01,24.150000,29.690001,23.750000,29.350000,18.946129,241402800
2003-05-01,29.350000,33.070000,28.690001,32.860001,21.513805,204510000
2003-06-01,33.349998,36.520000,33.320000,34.180000,22.378017,210944900
2003-07-01,33.840000,38.259998,33.049999,35.049999,22.947617,198713700
2003-08-01,35.080002,35.430000,32.400002,34.220001,22.629307,183969800
2003-09-01,34.419998,35.869999,33.160000,34.330002,22.702045,173570000
2003-10-01,34.700001,36.990002,34.560001,35.900002,23.740267,201848900
2003-11-01,36.220001,36.759998,34.450001,35.400002,23.636780,119712400
2003-12-01,35.610001,36.840000,34.500000,36.730000,24.524818,145825100
2004-01-01,36.560001,40.529999,36.299999,38.889999,25.967070,292400100
2004-02-01,39.099998,41.200001,38.610001,41.020000,27.645191,161986400
2004-03-01,41.230000,43.840000,40.439999,41.950001,28.271952,213536600
2004-04-01,41.950001,42.570000,37.450001,37.599998,25.340296,205652600
2004-05-01,38.009998,38.750000,34.619999,36.840000,25.029472,200758000
2004-06-01,36.840000,38.849998,36.500000,38.770000,26.340733,174976400
2004-07-01,38.580002,38.639999,35.500000,37.330002,25.362379,225139100
2004-08-01,37.230000,39.799999,35.900002,39.580002,27.128983,178960500
2004-09-01,39.520000,40.250000,38.950001,39.730000,27.231770,185980900
2004-10-01,39.900002,40.450001,36.320000,38.599998,26.457251,216650400
2004-11-01,38.770000,39.910000,37.060001,37.650002,26.025461,222462100
2004-12-01,37.799999,39.480000,37.250000,39.009998,26.965565,209201600
2005-01-01,39.480000,39.689999,36.509998,37.330002,25.804256,231082900
2005-02-01,37.500000,38.070000,35.900002,36.549999,25.486431,203306200
2005-03-01,37.000000,37.790001,34.320000,34.599998,24.126678,266804300
2005-04-01,34.790001,35.880001,33.349998,35.490002,24.747284,274126100
2005-05-01,35.580002,36.299999,34.110001,35.750000,25.178530,199696300
2005-06-01,35.560001,36.500000,35.009998,35.320000,24.875689,197370200
2005-07-01,35.220001,35.950001,34.299999,35.139999,24.748903,187460100
2005-08-01,35.320000,35.650002,33.310001,33.889999,24.100534,193472900
2005-09-01,33.750000,35.000000,33.500000,33.930000,24.128984,211341400
2005-10-01,34.189999,36.799999,32.919998,36.619999,26.041958,269054600
2005-11-01,36.790001,39.180000,36.580002,38.250000,27.474897,237640300
2005-12-01,38.520000,40.560001,38.320000,39.689999,28.509239,200859300
2006-01-01,39.830002,40.869999,37.880001,39.750000,28.552345,262471900
2006-02-01,39.880001,41.950001,39.049999,41.139999,29.802906,189953500
2006-03-01,41.160000,42.430000,40.869999,41.639999,30.165121,254538100
2006-04-01,41.950001,45.900002,41.480000,45.380001,32.874477,208177900
2006-05-01,45.380001,46.799999,41.590000,42.639999,31.142057,262343700
2006-06-01,42.750000,44.200001,39.330002,42.000000,30.674641,271716100
2006-07-01,42.049999,45.709999,40.400002,45.619999,33.318508,239719400
2006-08-01,45.790001,46.099998,43.500000,45.660000,33.619881,198516600
2006-09-01,45.849998,47.490002,44.680000,46.959999,34.577068,182171700
2006-10-01,46.959999,48.570000,46.369999,47.439999,34.930504,247025600
2006-11-01,47.750000,48.049999,45.779999,46.279999,34.320766,184245600
2006-12-01,46.500000,49.000000,45.509998,48.299999,35.818783,204996600
2007-01-01,48.000000,51.160000,47.320000,50.930000,37.769176,255322500
2007-02-01,50.959999,51.950001,47.599998,49.389999,36.886765,217186600
2007-03-01,48.980000,49.650002,45.910000,48.380001,36.132454,354058700
2007-04-01,48.380001,53.060001,47.700001,52.099998,38.910732,301906400
2007-05-01,52.400002,53.250000,51.259998,51.830002,38.983837,242848700
2007-06-01,51.919998,52.080002,48.060001,48.450001,36.441597,323308000
2007-07-01,48.900002,50.480000,43.500000,44.009998,33.102039,517826100
2007-08-01,43.700001,48.290001,42.160000,44.520000,33.746555,670058600
2007-09-01,44.400002,48.060001,43.200001,45.820000,34.731941,347252900
2007-10-01,45.470001,47.880001,44.599998,47.000000,35.626400,427511900
2007-11-01,45.650002,46.320000,40.150002,45.619999,34.861248,632312100
2007-12-01,45.900002,48.020000,42.790001,43.650002,33.355850,462894600
2008-01-01,43.549999,49.290001,37.660000,47.400002,36.221462,894659000
2008-02-01,47.259998,48.700001,40.380001,40.650002,31.336149,630381200
2008-03-01,40.549999,48.160000,36.009998,42.950001,33.109169,1076808500
2008-04-01,45.130001,48.639999,41.169998,47.650002,36.732281,707297700
2008-05-01,47.680000,49.950001,41.900002,43.000000,33.417900,563598400
2008-06-01,42.630001,42.770000,33.959999,34.310001,26.664377,939120600
2008-07-01,33.689999,43.000000,29.240000,40.630001,31.576021,1268229800
2008-08-01,41.110001,42.849998,35.000000,38.490002,30.247917,750472600
2008-09-01,39.560001,49.000000,34.040001,46.700001,36.699875,1386597500
2008-10-01,46.910000,50.630001,32.520000,41.250000,32.416901,1587863300
2008-11-01,41.250000,42.500000,19.690001,31.660000,25.072432,1436151000
2008-12-01,30.670000,37.700001,24.610001,31.530001,24.969481,1154247300
2009-01-01,31.190001,31.639999,17.700001,25.510000,20.202082,1571005200
2009-02-01,25.000000,27.969999,18.750000,22.850000,18.316290,1715266600
2009-03-01,21.700001,29.600000,14.960000,26.580000,21.306219,2805950700
2009-04-01,25.290001,35.209999,25.290001,33.000000,26.452419,2113301200
2009-05-01,32.849998,38.939999,32.060001,36.900002,29.631258,1541580000
2009-06-01,37.400002,37.730000,32.180000,34.110001,27.390848,1418979800
2009-07-01,34.270000,39.470001,31.590000,38.650002,31.036533,1083420300
2009-08-01,39.119999,44.240002,38.990002,43.459999,34.950279,851531100
2009-09-01,43.080002,46.500000,40.750000,43.820000,35.239777,710240100
2009-10-01,43.400002,47.470001,40.529999,41.770000,33.591190,857048300
2009-11-01,42.180000,44.990002,40.750000,42.490002,34.211559,644655200
2009-12-01,42.610001,43.090000,40.040001,41.669998,33.551315,755880700
2010-01-01,41.790001,45.189999,38.070000,38.939999,31.353210,1029066400
2010-02-01,39.099998,42.310001,37.029999,41.970001,33.833462,876257200
2010-03-01,42.029999,46.049999,41.340000,44.750000,36.074512,755522200
2010-04-01,45.029999,48.200001,42.230000,42.580002,34.325211,947688500
2010-05-01,42.970001,43.730000,37.020000,39.580002,31.942493,1137332300
2010-06-01,39.320000,39.959999,36.509998,36.610001,29.545605,975653600
2010-07-01,36.540001,41.240002,35.160000,40.279999,32.507420,832405700
2010-08-01,40.980000,41.700001,35.549999,36.360001,29.383968,723429400
2010-09-01,36.740002,41.500000,36.660000,38.060001,30.757807,717143800
2010-10-01,38.340000,40.720001,36.209999,37.630001,30.410316,949249000
2010-11-01,37.610001,41.340000,36.830002,37.400002,30.263426,760406300
2010-12-01,37.950001,43.119999,37.650002,42.419998,34.325516,665999200
2011-01-01,43.000000,45.939999,42.650002,44.939999,36.364647,827482200
2011-02-01,45.200001,48.360001,44.299999,46.689999,37.824123,597586300
2011-03-01,46.470001,47.099998,43.400002,46.099998,37.346161,684643600
2011-04-01,46.549999,47.799999,43.529999,45.630001,36.965412,577996200
2011-05-01,45.939999,46.070000,41.689999,43.240002,35.219204,586460300
2011-06-01,42.869999,42.990002,39.240002,40.939999,33.345833,807200100
2011-07-01,40.810001,42.549999,38.930000,40.450001,32.946739,666695700
2011-08-01,41.160000,41.369999,32.310001,37.560001,30.780777,1190346900
2011-09-01,37.619999,37.820000,28.530001,30.120001,24.683624,1031994300
2011-10-01,30.030001,37.540001,27.850000,34.759998,28.486149,1065099100
2011-11-01,32.470001,35.180000,28.280001,30.969999,25.603628,836433900
2011-12-01,30.860001,34.189999,30.030001,33.250000,27.488556,818108000
2012-01-01,34.060001,38.099998,34.009998,37.299999,30.836790,722165800
2012-02-01,37.889999,39.939999,37.049999,39.240002,32.674156,565332000
2012-03-01,39.509998,46.490002,39.119999,45.980000,38.286369,820652500
2012-04-01,45.750000,46.349998,41.799999,42.980000,35.788345,617224800
2012-05-01,43.000000,44.240002,32.259998,33.150002,27.783850,1294302900
2012-06-01,32.410000,37.029999,30.830000,35.730000,29.946205,1033963700
2012-07-01,36.270000,37.200001,33.099998,36.000000,30.172499,814935400
2012-08-01,36.189999,38.860001,34.759998,37.139999,31.387510,468135900
2012-09-01,36.980000,42.090000,36.779999,40.480000,34.210190,485796100
2012-10-01,40.880001,43.540001,40.419998,41.680000,35.224323,517965600
2012-11-01,41.700001,43.070000,38.830002,41.080002,34.973660,467570200
2012-12-01,41.270000,44.540001,40.200001,43.970001,37.434078,461095700
2013-01-01,44.980000,47.349998,44.200001,47.049999,40.056248,522625800
2013-02-01,47.400002,49.680000,46.849998,48.919998,41.934399,450398100
2013-03-01,48.599998,51.000000,47.279999,47.459999,40.682880,499332300
2013-04-01,47.549999,49.630001,46.049999,49.009998,42.011539,489433900
2013-05-01,48.759998,55.900002,46.980000,54.590000,47.087337,549824600
2013-06-01,54.599998,55.389999,50.110001,52.790001,45.534710,440217000
2013-07-01,53.220001,56.930000,52.119999,55.730000,48.070652,414604000
2013-08-01,56.360001,56.779999,50.130001,50.529999,43.903152,343831300
2013-09-01,51.250000,53.930000,50.060001,51.689999,44.911034,434870300
2013-10-01,51.639999,54.849998,50.250000,51.540001,44.780701,482265300
2013-11-01,51.450001,58.139999,51.299999,57.220001,50.082062,365912800
2013-12-01,57.099998,58.549999,55.400002,58.480000,51.184872,330218200
2014-01-01,58.310001,59.820000,54.689999,55.360001,48.454079,425415900
2014-02-01,55.500000,58.650002,54.200001,56.820000,50.057220,345203100
2014-03-01,56.299999,61.480000,55.689999,60.709999,53.484234,425852600
2014-04-01,60.950001,61.290001,54.349998,55.980000,49.317188,408990800
2014-05-01,55.919998,56.369999,52.970001,55.570000,49.264561,315091600
2014-06-01,55.650002,58.220001,55.020000,57.619999,51.081947,263682000
2014-07-01,57.150002,59.349998,54.959999,57.669998,51.126278,317245600
2014-08-01,57.389999,59.950001,55.599998,59.450001,53.072735,241542700
2014-09-01,59.459999,61.849998,58.779999,60.240002,53.777981,264895100
2014-10-01,60.240002,60.799999,54.259998,60.480000,53.992241,415450800
2014-11-01,60.790001,61.930000,59.419998,60.160000,54.068413,211518300
2014-12-01,59.980000,63.490002,58.110001,62.580002,56.243382,347616300
2015-01-01,62.180000,62.959999,54.369999,54.380001,48.873680,467915100
2015-02-01,54.529999,61.919998,54.270000,61.279999,55.429298,317561500
2015-03-01,61.279999,62.869999,58.869999,60.580002,54.796131,331993100
2015-04-01,60.410000,64.480003,59.650002,63.259998,57.220261,324974700
2015-05-01,63.700001,67.190002,63.250000,65.779999,59.895138,267716800
2015-06-01,65.989998,69.820000,65.580002,67.760002,61.698006,337102600
2015-07-01,68.120003,70.610001,65.209999,68.529999,62.399128,325426300
2015-08-01,68.589996,69.419998,50.070000,64.099998,58.746910,372963100
2015-09-01,62.849998,64.639999,58.730000,60.970001,55.878304,353379200
2015-10-01,61.119999,65.830002,58.529999,64.250000,58.884388,332311400
2015-11-01,64.449997,69.029999,64.389999,66.680000,61.552395,248014800
2015-12-01,67.339996,68.000000,63.509998,66.029999,60.952385,316286300
2016-01-01,63.950001,64.129997,54.660000,59.500000,54.924522,470090500
2016-02-01,59.160000,59.650002,52.500000,56.299999,52.319244,477781500
2016-03-01,56.759998,60.970001,56.669998,59.220001,55.032787,356701600
2016-04-01,59.020000,64.660004,57.070000,63.200001,58.731377,344474900
2016-05-01,63.689999,66.199997,60.590000,65.269997,61.104073,283564200
2016-06-01,64.760002,65.919998,57.049999,62.139999,58.173855,394710800
2016-07-01,61.660000,64.980003,58.759998,63.970001,59.887051,283798300
2016-08-01,64.150002,67.769997,63.380001,67.500000,63.683662,261217500
2016-09-01,67.639999,67.900002,65.110001,66.589996,62.825119,315475600
2016-10-01,66.349998,69.769997,66.099998,69.260002,65.344170,303809400
2016-11-01,69.480003,80.529999,67.639999,80.169998,76.187157,457634900
2016-12-01,80.650002,87.389999,80.650002,85.489998,81.242867,378016700
2017-01-01,87.339996,88.169998,83.029999,84.629997,80.425598,343035100
2017-02-01,85.540001,91.339996,84.160004,90.620003,86.594528,271267200
2017-03-01,92.790001,93.980003,85.230003,87.839996,83.938004,371669000
2017-04-01,87.989998,89.129997,84.360001,87.000000,83.135323,321112200
2017-05-01,87.360001,88.089996,81.639999,82.150002,79.406563,283639500
2017-06-01,82.459999,92.650002,81.650002,91.400002,88.347656,333861800
2017-07-01,91.559998,94.510002,90.320000,91.800003,88.734291,271473000
2017-08-01,92.489998,95.220001,90.160004,90.889999,88.337929,253144800
2017-09-01,91.250000,95.879997,88.080002,95.510002,92.828209,250922800
2017-10-01,95.769997,102.419998,94.959999,100.610001,97.785004,259433200
2017-11-01,101.099998,106.660004,95.949997,104.519997,102.179024,256086400
2017-12-01,104.900002,108.459999,102.199997,106.940002,104.544838,284432100
2018-01-01,107.629997,117.349998,106.809998,115.669998,113.079300,304906400
2018-02-01,115.769997,119.330002,103.980003,115.500000,113.501305,354632300
2018-03-01,115.480003,118.750000,106.650002,109.970001,108.067009,321513800
2018-04-01,109.959999,115.150002,106.080002,108.779999,106.897591,340100300
2018-05-01,108.449997,114.730003,104.959999,107.010002,105.691490,273032700
2018-06-01,108.339996,111.910004,103.110001,104.199997,102.916115,307240000
2018-07-01,103.720001,117.610001,102.199997,114.949997,113.533653,298256100
2018-08-01,115.750000,118.290001,112.970001,114.580002,113.783203,234427900
2018-09-01,114.339996,119.239998,112.519997,112.839996,112.055298,232549000
