3.995753999999999806e+00 4.110574500000000242e+00 4.069787333333333201e+00 0.000000000000000000e+00
3.857966999999999924e+00 3.926860500000000087e+00 4.026372000000000284e+00 0.000000000000000000e+00
3.927287000000000194e+00 3.892627000000000059e+00 3.927002666666666642e+00 1.000000000000000000e+00
3.741744999999999877e+00 3.834515999999999813e+00 3.842332999999999998e+00 0.000000000000000000e+00
4.282906999999999798e+00 4.012325999999999837e+00 3.983979666666666475e+00 1.000000000000000000e+00
4.434631000000000434e+00 4.358769000000000560e+00 4.153094333333332777e+00 1.000000000000000000e+00
3.919338000000000211e+00 4.176984500000000544e+00 4.212292000000000591e+00 0.000000000000000000e+00
3.482121999999999939e+00 3.700730000000000075e+00 3.945363666666667157e+00 0.000000000000000000e+00
3.288842999999999961e+00 3.385482500000000172e+00 3.563434333333333370e+00 0.000000000000000000e+00
3.193973000000000173e+00 3.241407999999999845e+00 3.321645999999999876e+00 0.000000000000000000e+00
3.557641999999999971e+00 3.375807500000000072e+00 3.346819333333332924e+00 1.000000000000000000e+00
3.728330999999999840e+00 3.642986500000000127e+00 3.493315333333333328e+00 1.000000000000000000e+00
3.648324000000000122e+00 3.688327499999999759e+00 3.644765666666666792e+00 0.000000000000000000e+00
4.048359999999999737e+00 3.848341999999999707e+00 3.808338333333332937e+00 1.000000000000000000e+00
4.448394000000000403e+00 4.248376999999999626e+00 4.048359333333332977e+00 1.000000000000000000e+00
4.333826000000000178e+00 4.391110000000000291e+00 4.276860000000000106e+00 0.000000000000000000e+00
4.527877000000000152e+00 4.430851500000000165e+00 4.436698999999999948e+00 1.000000000000000000e+00
4.299228000000000272e+00 4.413552499999999768e+00 4.386977000000000793e+00 0.000000000000000000e+00
4.282882999999999996e+00 4.291055500000000578e+00 4.369995999999999547e+00 0.000000000000000000e+00
4.266536999999999580e+00 4.274709999999999788e+00 4.282882666666666616e+00 0.000000000000000000e+00
4.630008000000000123e+00 4.448272499999999852e+00 4.393142666666666862e+00 1.000000000000000000e+00
4.596938999999999886e+00 4.613473499999999561e+00 4.497827999999999271e+00 0.000000000000000000e+00
4.448114999999999597e+00 4.522527000000000186e+00 4.558353999999999573e+00 0.000000000000000000e+00
5.082145999999999830e+00 4.765130499999999714e+00 4.709066666666666734e+00 1.000000000000000000e+00
5.817718000000000167e+00 5.449932000000000443e+00 5.115992999999999569e+00 1.000000000000000000e+00
5.416497999999999813e+00 5.617107999999999990e+00 5.438787333333333862e+00 0.000000000000000000e+00
5.379076999999999664e+00 5.397787499999999739e+00 5.537764333333332623e+00 0.000000000000000000e+00
5.986123000000000083e+00 5.682599999999999874e+00 5.593899333333332891e+00 1.000000000000000000e+00
6.323364999999999903e+00 6.154743999999999993e+00 5.896188333333333809e+00 1.000000000000000000e+00
6.260981000000000130e+00 6.292173000000000016e+00 6.190156333333333372e+00 0.000000000000000000e+00
5.971753999999999785e+00 6.116367499999999957e+00 6.185366666666666902e+00 0.000000000000000000e+00
5.784604999999999997e+00 5.878179499999999891e+00 6.005780000000000562e+00 0.000000000000000000e+00
6.098056999999999839e+00 5.941330999999999918e+00 5.951471999999999873e+00 1.000000000000000000e+00
6.304192999999999714e+00 6.201124999999999332e+00 6.062285000000000146e+00 1.000000000000000000e+00
6.733630999999999922e+00 6.518912000000000262e+00 6.378626999999998937e+00 1.000000000000000000e+00
6.755277999999999672e+00 6.744454499999999797e+00 6.597700666666667324e+00 0.000000000000000000e+00
6.737956999999999752e+00 6.746617499999999268e+00 6.742288666666667041e+00 0.000000000000000000e+00
7.015093000000000245e+00 6.876524999999999999e+00 6.836109333333332927e+00 1.000000000000000000e+00
7.385667999999999900e+00 7.200380499999999628e+00 7.046239333333333299e+00 1.000000000000000000e+00
6.722179999999999822e+00 7.053924000000000305e+00 7.040980333333332730e+00 0.000000000000000000e+00
6.949163000000000423e+00 6.835671500000000123e+00 7.019003666666667307e+00 1.000000000000000000e+00
6.861863999999999741e+00 6.905513499999999638e+00 6.844402333333333921e+00 0.000000000000000000e+00
7.256382999999999583e+00 7.059123500000000107e+00 7.022469999999999324e+00 1.000000000000000000e+00
7.573412000000000255e+00 7.414897500000000363e+00 7.230553000000000452e+00 1.000000000000000000e+00
7.367136999999999603e+00 7.470274500000000373e+00 7.398977333333333739e+00 0.000000000000000000e+00
8.183737999999999957e+00 7.775437499999999780e+00 7.708095666666667789e+00 1.000000000000000000e+00
8.325753999999999877e+00 8.254746000000000805e+00 7.958876333333333442e+00 1.000000000000000000e+00
8.158094999999999430e+00 8.241924499999999654e+00 8.222528999999999755e+00 0.000000000000000000e+00
8.694815999999999434e+00 8.426455499999999432e+00 8.392888333333333506e+00 1.000000000000000000e+00
8.676925000000000665e+00 8.685870500000000050e+00 8.509945333333332584e+00 0.000000000000000000e+00
8.198529999999999873e+00 8.437727500000001157e+00 8.523423666666666065e+00 0.000000000000000000e+00
8.648999999999999133e+00 8.423764999999999503e+00 8.508151666666668334e+00 1.000000000000000000e+00
8.937302000000000746e+00 8.793150999999999939e+00 8.594943999999999917e+00 1.000000000000000000e+00
8.324664000000000286e+00 8.630983000000000516e+00 8.636988666666667314e+00 0.000000000000000000e+00
7.881151000000000018e+00 8.102907500000000596e+00 8.381038999999999461e+00 0.000000000000000000e+00
8.208019999999999428e+00 8.044585500000000167e+00 8.137945000000000206e+00 1.000000000000000000e+00
7.697769000000000084e+00 7.952894499999999312e+00 7.928980000000000139e+00 0.000000000000000000e+00
8.427421999999999969e+00 8.062595500000000470e+00 8.111070333333332272e+00 1.000000000000000000e+00
8.281492000000000075e+00 8.354457000000000022e+00 8.135561000000000931e+00 0.000000000000000000e+00
8.572336999999999207e+00 8.426914499999998753e+00 8.427083666666666417e+00 1.000000000000000000e+00
9.561453999999999454e+00 9.066895499999999330e+00 8.805094333333331136e+00 1.000000000000000000e+00
9.744623000000000701e+00 9.653038500000000965e+00 9.292804666666667046e+00 1.000000000000000000e+00
1.003742399999999968e+01 9.891023499999999302e+00 9.781167000000001721e+00 1.000000000000000000e+00
1.029479399999999956e+01 1.016610899999999873e+01 1.002561366666666665e+01 1.000000000000000000e+00
1.114043799999999962e+01 1.071761599999999959e+01 1.049088533333333295e+01 1.000000000000000000e+00
1.155119200000000035e+01 1.134581499999999998e+01 1.099547466666666651e+01 1.000000000000000000e+00
1.140357099999999946e+01 1.147738149999999990e+01 1.136506700000000158e+01 0.000000000000000000e+00
1.077618799999999943e+01 1.108987949999999856e+01 1.124365033333333308e+01 0.000000000000000000e+00
1.133498600000000067e+01 1.105558699999999916e+01 1.117158166666666652e+01 1.000000000000000000e+00
1.214992299999999936e+01 1.174245450000000091e+01 1.142036566666666708e+01 1.000000000000000000e+00
1.322415299999999938e+01 1.268703799999999937e+01 1.223635400000000040e+01 1.000000000000000000e+00
1.341341899999999931e+01 1.331878599999999935e+01 1.292916499999999935e+01 1.000000000000000000e+00
1.493683200000000078e+01 1.417512550000000005e+01 1.385813466666666649e+01 1.000000000000000000e+00
1.486251399999999911e+01 1.489967299999999994e+01 1.440425499999999914e+01 0.000000000000000000e+00
1.430612900000000032e+01 1.458432149999999972e+01 1.470182499999999948e+01 0.000000000000000000e+00
1.426887400000000028e+01 1.428750150000000119e+01 1.447917233333333265e+01 0.000000000000000000e+00
1.434337999999999980e+01 1.430612700000000004e+01 1.430612766666666857e+01 1.000000000000000000e+00
1.397646800000000056e+01 1.415992400000000018e+01 1.419624066666666806e+01 0.000000000000000000e+00
1.386435900000000032e+01 1.392041350000000044e+01 1.406140233333333356e+01 0.000000000000000000e+00
1.386435900000000032e+01 1.386435900000000032e+01 1.390172866666666529e+01 0.000000000000000000e+00
1.420819000000000010e+01 1.403627450000000110e+01 1.397896933333333358e+01 1.000000000000000000e+00
1.334594099999999983e+01 1.377706549999999908e+01 1.380616333333333579e+01 0.000000000000000000e+00
1.402074400000000054e+01 1.368334250000000019e+01 1.385829166666666623e+01 1.000000000000000000e+00
1.365193599999999918e+01 1.383633999999999986e+01 1.367287366666666593e+01 0.000000000000000000e+00
1.368954399999999971e+01 1.367073999999999856e+01 1.378740799999999922e+01 0.000000000000000000e+00
1.301259499999999925e+01 1.335106949999999948e+01 1.345135833333333153e+01 0.000000000000000000e+00
1.426122200000000007e+01 1.363690850000000054e+01 1.365445366666666693e+01 1.000000000000000000e+00
1.614762699999999995e+01 1.520442450000000001e+01 1.447381466666666761e+01 1.000000000000000000e+00
1.516669100000000014e+01 1.565715900000000005e+01 1.519184666666666850e+01 0.000000000000000000e+00
1.462977300000000014e+01 1.489823200000000014e+01 1.531469700000000067e+01 0.000000000000000000e+00
1.627632900000000049e+01 1.545305100000000031e+01 1.535759766666666870e+01 1.000000000000000000e+00
1.432695299999999961e+01 1.530164100000000005e+01 1.507768500000000067e+01 0.000000000000000000e+00
1.447086900000000043e+01 1.439891100000000002e+01 1.502471700000000077e+01 1.000000000000000000e+00
1.361629300000000065e+01 1.404358099999999965e+01 1.413803833333333415e+01 0.000000000000000000e+00
1.473674199999999956e+01 1.417651749999999922e+01 1.427463466666666569e+01 1.000000000000000000e+00
1.455744199999999999e+01 1.464709200000000067e+01 1.430349233333333281e+01 0.000000000000000000e+00
1.436690199999999962e+01 1.446217199999999892e+01 1.455369533333333187e+01 0.000000000000000000e+00
1.663434799999999925e+01 1.550062499999999943e+01 1.518623066666666510e+01 1.000000000000000000e+00
1.835050999999999988e+01 1.749242900000000134e+01 1.645058666666666625e+01 1.000000000000000000e+00
1.892396499999999904e+01 1.863723749999999768e+01 1.796960766666666487e+01 1.000000000000000000e+00
2.007086800000000082e+01 1.949741649999999993e+01 1.911511433333333443e+01 1.000000000000000000e+00
2.116101600000000005e+01 2.061594200000000043e+01 2.005194966666666900e+01 1.000000000000000000e+00
2.049014899999999884e+01 2.082558249999999944e+01 2.057401099999999872e+01 0.000000000000000000e+00
1.728916399999999953e+01 1.888965650000000096e+01 1.964677633333333162e+01 0.000000000000000000e+00
1.835647200000000012e+01 1.782281799999999805e+01 1.871192833333333283e+01 1.000000000000000000e+00
2.062459799999999888e+01 1.949053500000000128e+01 1.875674466666666618e+01 1.000000000000000000e+00
2.154722999999999900e+01 2.108591399999999894e+01 2.017610000000000170e+01 1.000000000000000000e+00
2.368234800000000106e+01 2.261478900000000181e+01 2.195139199999999846e+01 1.000000000000000000e+00
2.429897100000000165e+01 2.399065949999999958e+01 2.317618299999999820e+01 1.000000000000000000e+00
2.620666699999999949e+01 2.525281900000000235e+01 2.472932866666666385e+01 1.000000000000000000e+00
2.794092900000000057e+01 2.707379800000000003e+01 2.614885566666666605e+01 1.000000000000000000e+00
2.615650700000000128e+01 2.704871800000000093e+01 2.676803433333333260e+01 0.000000000000000000e+00
2.376461199999999963e+01 2.496055950000000223e+01 2.595401599999999931e+01 0.000000000000000000e+00
2.541713100000000125e+01 2.459087149999999866e+01 2.511275000000000190e+01 1.000000000000000000e+00
2.576477999999999824e+01 2.559095549999999974e+01 2.498217433333333304e+01 1.000000000000000000e+00
2.557164200000000065e+01 2.566821099999999944e+01 2.558451766666666671e+01 0.000000000000000000e+00
2.676130300000000162e+01 2.616647250000000113e+01 2.603257499999999780e+01 1.000000000000000000e+00
2.552378099999999961e+01 2.614254199999999884e+01 2.595224200000000181e+01 0.000000000000000000e+00
2.830819299999999927e+01 2.691598700000000122e+01 2.686442566666666565e+01 1.000000000000000000e+00
2.497104799999999969e+01 2.663962049999999948e+01 2.626767399999999952e+01 0.000000000000000000e+00
2.315144199999999941e+01 2.406124499999999955e+01 2.547689433333333398e+01 0.000000000000000000e+00
1.966711000000000098e+01 2.140927599999999842e+01 2.259653333333333691e+01 0.000000000000000000e+00
2.315144199999999941e+01 2.140927599999999842e+01 2.198999799999999993e+01 1.000000000000000000e+00
2.357731400000000122e+01 2.336437800000000209e+01 2.213195533333333387e+01 1.000000000000000000e+00
2.218357100000000059e+01 2.288044250000000090e+01 2.297077566666666826e+01 0.000000000000000000e+00
2.040270200000000145e+01 2.129313650000000280e+01 2.205452900000000227e+01 0.000000000000000000e+00
1.962840699999999927e+01 2.001555450000000036e+01 2.073822666666666592e+01 0.000000000000000000e+00
1.851533500000000032e+01 1.907187100000000157e+01 1.951548133333333368e+01 0.000000000000000000e+00
1.869924899999999823e+01 1.860729200000000105e+01 1.894766366666666713e+01 1.000000000000000000e+00
1.920254100000000008e+01 1.895089499999999916e+01 1.880570833333333169e+01 1.000000000000000000e+00
1.974454499999999868e+01 1.947354299999999938e+01 1.921544499999999900e+01 1.000000000000000000e+00
2.119869399999999970e+01 2.047161949999999919e+01 2.004859333333333282e+01 1.000000000000000000e+00
1.829946500000000142e+01 1.974907950000000056e+01 1.974756800000000112e+01 0.000000000000000000e+00
1.833063699999999940e+01 1.831505100000000041e+01 1.927626533333333114e+01 0.000000000000000000e+00
1.655369200000000163e+01 1.744216450000000052e+01 1.772793133333333415e+01 0.000000000000000000e+00
1.714600599999999986e+01 1.684984899999999897e+01 1.734344499999999911e+01 1.000000000000000000e+00
1.887930700000000073e+01 1.801265649999999852e+01 1.752633499999999955e+01 1.000000000000000000e+00
1.687167200000000022e+01 1.787548950000000048e+01 1.763232833333333360e+01 0.000000000000000000e+00
1.816853499999999855e+01 1.752010349999999761e+01 1.797317133333333317e+01 1.000000000000000000e+00
1.872343599999999952e+01 1.844598549999999904e+01 1.792121433333333158e+01 1.000000000000000000e+00
1.692154899999999884e+01 1.782249249999999918e+01 1.793783999999999779e+01 0.000000000000000000e+00
1.625441700000000012e+01 1.658798300000000125e+01 1.729980066666666616e+01 0.000000000000000000e+00
1.673450300000000013e+01 1.649446000000000012e+01 1.663682300000000325e+01 1.000000000000000000e+00
1.664375300000000024e+01 1.668912800000000018e+01 1.654422433333333231e+01 0.000000000000000000e+00
1.709018700000000024e+01 1.686697000000000202e+01 1.682281433333333354e+01 1.000000000000000000e+00
1.641111199999999926e+01 1.675064950000000152e+01 1.671501733333333561e+01 0.000000000000000000e+00
1.744858599999999882e+01 1.692984899999999726e+01 1.698329500000000181e+01 1.000000000000000000e+00
1.785729600000000161e+01 1.765294099999999844e+01 1.723899799999999871e+01 1.000000000000000000e+00
1.882561499999999910e+01 1.834145550000000213e+01 1.804383233333333081e+01 1.000000000000000000e+00
1.788873299999999844e+01 1.835717400000000055e+01 1.819054800000000327e+01 0.000000000000000000e+00
1.556225399999999937e+01 1.672549349999999890e+01 1.742553399999999897e+01 0.000000000000000000e+00
1.493976499999999952e+01 1.525100949999999855e+01 1.613025066666666518e+01 0.000000000000000000e+00
1.110421999999999976e+01 1.302199249999999964e+01 1.386874633333333229e+01 0.000000000000000000e+00
1.138717499999999916e+01 1.124569749999999857e+01 1.247705333333333222e+01 1.000000000000000000e+00
1.163238899999999987e+01 1.150978199999999951e+01 1.137459466666666685e+01 1.000000000000000000e+00
1.025172000000000061e+01 1.094205450000000113e+01 1.109042800000000106e+01 0.000000000000000000e+00
9.078637000000000512e+00 9.665178499999999673e+00 1.032091533333333366e+01 0.000000000000000000e+00
8.676982999999999890e+00 8.877810000000000201e+00 9.335779999999999745e+00 0.000000000000000000e+00
9.218894999999999840e+00 8.947938999999999865e+00 8.991505000000000081e+00 1.000000000000000000e+00
1.090201500000000046e+01 1.006045500000000104e+01 9.599297666666666728e+00 1.000000000000000000e+00
1.194121400000000044e+01 1.142161450000000045e+01 1.068737466666666869e+01 1.000000000000000000e+00
1.406423200000000051e+01 1.300272299999999959e+01 1.230248699999999928e+01 1.000000000000000000e+00
1.466990099999999941e+01 1.436706649999999996e+01 1.355844900000000131e+01 1.000000000000000000e+00
1.429375300000000060e+01 1.448182699999999912e+01 1.434262866666666802e+01 0.000000000000000000e+00
1.500780199999999986e+01 1.465077750000000023e+01 1.465715199999999818e+01 1.000000000000000000e+00
1.593861599999999967e+01 1.547320900000000066e+01 1.508005700000000182e+01 1.000000000000000000e+00
1.634026300000000020e+01 1.613943950000000171e+01 1.576222700000000110e+01 1.000000000000000000e+00
1.607662399999999892e+01 1.620844350000000134e+01 1.611850099999999841e+01 0.000000000000000000e+00
1.666581700000000055e+01 1.637122049999999973e+01 1.636090133333333441e+01 1.000000000000000000e+00
1.832333200000000062e+01 1.749457449999999881e+01 1.702192433333333454e+01 1.000000000000000000e+00
1.849814800000000048e+01 1.841074000000000055e+01 1.782909899999999936e+01 1.000000000000000000e+00
1.763053899999999885e+01 1.806434349999999966e+01 1.815067300000000117e+01 0.000000000000000000e+00
1.709314300000000131e+01 1.736184099999999830e+01 1.774061000000000021e+01 0.000000000000000000e+00
1.683415600000000012e+01 1.696364950000000249e+01 1.718594599999999772e+01 0.000000000000000000e+00
1.780535700000000077e+01 1.731975650000000044e+01 1.724421866666666858e+01 1.000000000000000000e+00
1.749456800000000101e+01 1.764996250000000089e+01 1.737802699999999945e+01 0.000000000000000000e+00
1.814851399999999870e+01 1.782154099999999985e+01 1.781614633333333231e+01 1.000000000000000000e+00
1.887368199999999874e+01 1.851109799999999694e+01 1.817225466666666378e+01 1.000000000000000000e+00
1.990314700000000059e+01 1.938841449999999966e+01 1.897511433333333386e+01 1.000000000000000000e+00
2.114312200000000175e+01 2.052313450000000117e+01 1.997331699999999799e+01 1.000000000000000000e+00
2.136074599999999890e+01 2.125193399999999855e+01 2.080233833333333493e+01 1.000000000000000000e+00
2.181579599999999886e+01 2.158827099999999888e+01 2.143988799999999628e+01 1.000000000000000000e+00
2.053639000000000081e+01 2.117609300000000161e+01 2.123764399999999952e+01 0.000000000000000000e+00
1.932953600000000094e+01 1.993296300000000087e+01 2.056057400000000257e+01 0.000000000000000000e+00
2.040449900000000127e+01 1.986701750000000288e+01 2.009014166666666767e+01 1.000000000000000000e+00
1.830073499999999953e+01 1.935261700000000218e+01 1.934492333333333747e+01 0.000000000000000000e+00
2.055618499999999926e+01 1.942846000000000117e+01 1.975380633333333336e+01 1.000000000000000000e+00
2.140032000000000068e+01 2.097825249999999997e+01 2.008574666666666886e+01 1.000000000000000000e+00
2.208618500000000040e+01 2.174325250000000054e+01 2.134756333333332989e+01 1.000000000000000000e+00
2.083975399999999922e+01 2.146296949999999981e+01 2.144208633333333225e+01 0.000000000000000000e+00
2.232359900000000152e+01 2.158167650000000037e+01 2.174984600000000157e+01 1.000000000000000000e+00
2.269406700000000043e+01 2.250883300000000276e+01 2.195247333333333373e+01 1.000000000000000000e+00
2.356225200000000086e+01 2.312815950000000242e+01 2.285997266666666761e+01 1.000000000000000000e+00
2.349494899999999831e+01 2.352860049999999958e+01 2.325042266666666890e+01 0.000000000000000000e+00
2.312479400000000140e+01 2.330987149999999986e+01 2.339399833333333234e+01 0.000000000000000000e+00
2.326613199999999892e+01 2.319546300000000016e+01 2.329529166666666740e+01 1.000000000000000000e+00
2.232390399999999886e+01 2.279501799999999889e+01 2.290494333333333543e+01 0.000000000000000000e+00
2.261330399999999941e+01 2.246860399999999913e+01 2.273444666666666691e+01 1.000000000000000000e+00
2.381800499999999943e+01 2.321565449999999942e+01 2.291840433333333138e+01 1.000000000000000000e+00
2.416123400000000032e+01 2.398961949999999987e+01 2.353084766666666994e+01 1.000000000000000000e+00
2.632834199999999925e+01 2.524478799999999978e+01 2.476919366666666633e+01 1.000000000000000000e+00
2.821278600000000125e+01 2.727056400000000025e+01 2.623412066666666576e+01 1.000000000000000000e+00
2.824644100000000080e+01 2.822961349999999925e+01 2.759585633333333377e+01 0.000000000000000000e+00
3.056296000000000035e+01 2.940470050000000057e+01 2.900739566666666747e+01 1.000000000000000000e+00
3.057676100000000119e+01 3.056986050000000077e+01 2.979538733333333411e+01 0.000000000000000000e+00
3.012171400000000077e+01 3.034923750000000098e+01 3.042047833333333529e+01 0.000000000000000000e+00
3.105936099999999911e+01 3.059053749999999994e+01 3.058594533333333132e+01 1.000000000000000000e+00
3.328626299999999816e+01 3.217281200000000041e+01 3.148911266666666720e+01 1.000000000000000000e+00
3.485129500000000036e+01 3.406877899999999926e+01 3.306563966666666943e+01 1.000000000000000000e+00
3.499607499999999760e+01 3.492368499999999898e+01 3.437787766666667011e+01 0.000000000000000000e+00
3.300357400000000041e+01 3.399982450000000256e+01 3.428364799999999946e+01 0.000000000000000000e+00
3.395503200000000277e+01 3.347930300000000159e+01 3.398489366666667166e+01 1.000000000000000000e+00
3.755391699999999844e+01 3.575447450000000060e+01 3.483750766666666721e+01 1.000000000000000000e+00
4.119415699999999703e+01 3.937403700000000129e+01 3.756770199999999704e+01 1.000000000000000000e+00
4.031167599999999851e+01 4.075291649999999777e+01 3.968658333333333843e+01 0.000000000000000000e+00
4.168308600000000297e+01 4.099738100000000429e+01 4.106297299999999950e+01 1.000000000000000000e+00
3.791172799999999654e+01 3.979740699999999975e+01 3.996883000000000408e+01 0.000000000000000000e+00
3.828673899999999719e+01 3.809923349999999687e+01 3.929385099999999653e+01 1.000000000000000000e+00
3.973059500000000099e+01 3.900866700000000264e+01 3.864302066666666491e+01 1.000000000000000000e+00
4.244484299999999877e+01 4.108771899999999988e+01 4.015405899999999662e+01 1.000000000000000000e+00
4.225961699999999865e+01 4.235222999999999871e+01 4.147835166666666851e+01 0.000000000000000000e+00
4.005118600000000129e+01 4.115540149999999642e+01 4.158521533333333053e+01 0.000000000000000000e+00
4.287173099999999692e+01 4.146145849999999911e+01 4.172751133333333229e+01 1.000000000000000000e+00
4.445638999999999896e+01 4.366406049999999794e+01 4.245976900000000143e+01 1.000000000000000000e+00
4.451013900000000234e+01 4.448326450000000420e+01 4.394608666666666608e+01 0.000000000000000000e+00
4.179047800000000024e+01 4.315030850000000129e+01 4.358566900000000288e+01 0.000000000000000000e+00
4.238201899999999966e+01 4.208624849999999640e+01 4.289421200000000312e+01 1.000000000000000000e+00
4.526198200000000327e+01 4.382200050000000147e+01 4.314482633333333439e+01 1.000000000000000000e+00
4.222705500000000001e+01 4.374451849999999808e+01 4.329035200000000572e+01 0.000000000000000000e+00
3.802763699999999858e+01 4.012734600000000285e+01 4.183889133333332921e+01 0.000000000000000000e+00
4.008530799999999772e+01 3.905647249999999815e+01 4.011333333333333684e+01 1.000000000000000000e+00
3.914506500000000244e+01 3.961518650000000008e+01 3.908600333333333054e+01 0.000000000000000000e+00
4.333209999999999695e+01 4.123858249999999970e+01 4.085415766666666570e+01 1.000000000000000000e+00
4.223025499999999965e+01 4.278117749999999830e+01 4.156913999999999731e+01 0.000000000000000000e+00
4.077956799999999760e+01 4.150491149999999863e+01 4.211397433333333140e+01 0.000000000000000000e+00
4.165352599999999939e+01 4.121654699999999849e+01 4.155444966666666318e+01 1.000000000000000000e+00
4.264124699999999990e+01 4.214738649999999609e+01 4.169144700000000370e+01 1.000000000000000000e+00
4.379191200000000350e+01 4.321657950000000170e+01 4.269556166666666286e+01 1.000000000000000000e+00
4.725879700000000128e+01 4.552535450000000594e+01 4.456398533333333489e+01 1.000000000000000000e+00
4.705513799999999947e+01 4.715696750000000037e+01 4.603528233333333475e+01 0.000000000000000000e+00
4.704759599999999864e+01 4.705136699999999905e+01 4.712051033333333550e+01 0.000000000000000000e+00
4.811771000000000242e+01 4.758265300000000053e+01 4.740681466666666211e+01 1.000000000000000000e+00
5.070792800000000256e+01 4.941281899999999894e+01 4.862441133333333454e+01 1.000000000000000000e+00
5.364915799999999990e+01 5.217854300000000478e+01 5.082493199999999689e+01 1.000000000000000000e+00
5.082193399999999883e+01 5.223554599999999937e+01 5.172634000000000043e+01 0.000000000000000000e+00
5.048254399999999720e+01 5.065223899999999446e+01 5.165121199999999391e+01 0.000000000000000000e+00
5.344082300000000174e+01 5.196168349999999947e+01 5.158176699999999215e+01 1.000000000000000000e+00
5.599292799999999914e+01 5.471687550000000044e+01 5.330543166666666366e+01 1.000000000000000000e+00
5.753186399999999878e+01 5.676239599999999541e+01 5.565520500000000226e+01 1.000000000000000000e+00
6.004902599999999779e+01 5.879044499999999829e+01 5.785793933333332717e+01 1.000000000000000000e+00
6.045825599999999866e+01 6.025364100000000178e+01 5.934638199999999841e+01 1.000000000000000000e+00
5.973310500000000189e+01 6.009568050000000028e+01 6.008012899999999945e+01 0.000000000000000000e+00
5.732852900000000318e+01 5.853081699999999898e+01 5.917329666666666554e+01 0.000000000000000000e+00
5.889267000000000252e+01 5.811059950000000640e+01 5.865143466666666683e+01 1.000000000000000000e+00
5.969588499999999698e+01 5.929427749999999975e+01 5.863902800000000326e+01 1.000000000000000000e+00
6.143758400000000108e+01 6.056673449999999548e+01 6.000871300000000019e+01 1.000000000000000000e+00
6.397163799999999867e+01 6.270461099999999988e+01 6.170170233333332277e+01 1.000000000000000000e+00
6.664588200000000029e+01 6.530876000000000658e+01 6.401836799999999528e+01 1.000000000000000000e+00
6.835314900000000193e+01 6.749951550000000111e+01 6.632355633333334310e+01 1.000000000000000000e+00
7.145938099999999338e+01 6.990626499999999055e+01 6.881947066666667467e+01 1.000000000000000000e+00
6.988177500000000464e+01 7.067057800000000611e+01 6.989810166666666191e+01 0.000000000000000000e+00
7.388433100000000309e+01 7.188305300000000386e+01 7.174182900000000984e+01 1.000000000000000000e+00
7.600895699999999522e+01 7.494664399999999205e+01 7.325835433333332958e+01 1.000000000000000000e+00
8.043700400000000172e+01 7.822298050000000558e+01 7.677676400000000001e+01 1.000000000000000000e+00
7.941078899999999408e+01 7.992389649999999790e+01 7.861891666666666367e+01 0.000000000000000000e+00
7.959520000000000550e+01 7.950299449999999979e+01 7.981433099999999570e+01 0.000000000000000000e+00
7.920158399999999688e+01 7.939839200000000119e+01 7.940252433333333215e+01 0.000000000000000000e+00
7.867680400000000418e+01 7.893919400000000053e+01 7.915786266666667359e+01 0.000000000000000000e+00
7.212915800000000388e+01 7.540298100000001114e+01 7.666918199999999217e+01 0.000000000000000000e+00
7.203476700000000221e+01 7.208196250000000305e+01 7.428024299999999869e+01 0.000000000000000000e+00
7.271012899999999490e+01 7.237244799999999145e+01 7.229135133333333840e+01 1.000000000000000000e+00
7.281590300000000582e+01 7.276301599999999326e+01 7.252026633333332484e+01 0.000000000000000000e+00
7.524231000000000336e+01 7.402910650000001169e+01 7.358944733333332522e+01 1.000000000000000000e+00
7.118292999999999893e+01 7.321262000000000114e+01 7.308038100000000270e+01 0.000000000000000000e+00
7.137973800000000324e+01 7.128133400000000108e+01 7.260165933333333044e+01 0.000000000000000000e+00
7.298880800000000590e+01 7.218427300000000457e+01 7.185049200000000269e+01 1.000000000000000000e+00
7.884712199999999882e+01 7.591796500000000947e+01 7.440522266666665985e+01 1.000000000000000000e+00
7.935184499999999730e+01 7.909948349999999095e+01 7.706259166666667682e+01 1.000000000000000000e+00
8.315329699999999491e+01 8.125257099999998900e+01 8.045075466666666841e+01 1.000000000000000000e+00
8.519689200000000540e+01 8.417509450000000015e+01 8.256734466666665639e+01 1.000000000000000000e+00
8.055085800000000518e+01 8.287387499999999818e+01 8.296701566666666849e+01 0.000000000000000000e+00
8.322473100000000557e+01 8.188779450000001248e+01 8.299082700000001012e+01 1.000000000000000000e+00
8.245131700000000308e+01 8.283802400000000432e+01 8.207563533333335215e+01 0.000000000000000000e+00
7.932408900000000074e+01 8.088770300000000191e+01 8.166671233333333646e+01 0.000000000000000000e+00
8.153270700000000204e+01 8.042839800000000139e+01 8.110270433333333528e+01 1.000000000000000000e+00
8.179542499999999450e+01 8.166406599999999116e+01 8.088407366666666576e+01 0.000000000000000000e+00
8.251576199999999517e+01 8.215559349999999483e+01 8.194796466666666390e+01 1.000000000000000000e+00
8.291151399999999683e+01 8.271363800000000310e+01 8.240756699999998602e+01 0.000000000000000000e+00
8.046767400000000237e+01 8.168959399999999960e+01 8.196498333333333619e+01 0.000000000000000000e+00
8.130507699999999716e+01 8.088637549999999976e+01 8.156142166666666071e+01 1.000000000000000000e+00
8.447961399999999799e+01 8.289234550000000468e+01 8.208412166666666110e+01 1.000000000000000000e+00
8.736656200000000183e+01 8.592308800000000701e+01 8.438375100000000373e+01 1.000000000000000000e+00
8.740965300000000582e+01 8.738810750000000382e+01 8.641860966666666855e+01 0.000000000000000000e+00
8.751480899999999963e+01 8.746223100000000272e+01 8.743034133333333102e+01 0.000000000000000000e+00
8.214611800000000130e+01 8.483046350000000757e+01 8.569019333333334032e+01 0.000000000000000000e+00
8.141640499999999747e+01 8.178126149999999939e+01 8.369244400000000894e+01 0.000000000000000000e+00
8.379521900000000301e+01 8.260581200000000024e+01 8.245258066666666252e+01 1.000000000000000000e+00
8.284068299999999851e+01 8.331795099999999366e+01 8.268410233333332826e+01 0.000000000000000000e+00
8.556286599999999964e+01 8.420177449999999908e+01 8.406625599999999565e+01 1.000000000000000000e+00
8.354627999999999588e+01 8.455457300000000487e+01 8.398327633333333608e+01 0.000000000000000000e+00
8.242282899999999302e+01 8.298455450000000155e+01 8.384399166666666758e+01 0.000000000000000000e+00
8.818279300000000376e+01 8.530281099999999128e+01 8.471730066666667369e+01 1.000000000000000000e+00
8.763603999999999417e+01 8.790941649999999186e+01 8.608055399999999224e+01 0.000000000000000000e+00
8.683557100000000162e+01 8.723580549999999789e+01 8.755146799999999985e+01 0.000000000000000000e+00
8.627796200000000226e+01 8.655676650000000905e+01 8.691652433333332795e+01 0.000000000000000000e+00
8.624756600000000617e+01 8.626276400000000422e+01 8.645369966666667949e+01 0.000000000000000000e+00
9.059304000000000201e+01 8.842030300000000409e+01 8.770618933333332734e+01 1.000000000000000000e+00
8.829781300000000499e+01 8.944542649999999639e+01 8.837947300000000439e+01 0.000000000000000000e+00
9.017397300000000371e+01 8.923589300000000435e+01 8.968827533333332269e+01 1.000000000000000000e+00
1.027304230000000018e+02 9.645219800000000987e+01 9.373406966666668438e+01 1.000000000000000000e+00
1.044784319999999980e+02 1.036044274999999999e+02 9.912760933333333924e+01 1.000000000000000000e+00
1.089686360000000036e+02 1.067235340000000008e+02 1.053924970000000059e+02 1.000000000000000000e+00
1.141707990000000024e+02 1.115697174999999959e+02 1.092059556666666680e+02 1.000000000000000000e+00
1.080923999999999978e+02 1.111315994999999930e+02 1.104106116666666679e+02 0.000000000000000000e+00
1.168015060000000034e+02 1.124469530000000077e+02 1.130215683333333345e+02 1.000000000000000000e+00
1.175542679999999933e+02 1.171778869999999984e+02 1.141493913333333268e+02 1.000000000000000000e+00
1.134372479999999968e+02 1.154957579999999950e+02 1.159310073333333406e+02 0.000000000000000000e+00
1.118387450000000030e+02 1.126379964999999999e+02 1.142767536666666643e+02 0.000000000000000000e+00
1.101424710000000005e+02 1.109906080000000088e+02 1.118061546666666572e+02 0.000000000000000000e+00
1.082794650000000019e+02 1.092109680000000083e+02 1.100868936666666826e+02 0.000000000000000000e+00
1.088379209999999944e+02 1.085586930000000052e+02 1.090866189999999989e+02 1.000000000000000000e+00
1.062056500000000057e+02 1.075217854999999929e+02 1.077743453333333292e+02 0.000000000000000000e+00
1.125268549999999976e+02 1.093662525000000016e+02 1.091901419999999945e+02 1.000000000000000000e+00
1.157313690000000008e+02 1.141291119999999921e+02 1.114879580000000061e+02 1.000000000000000000e+00
1.165395579999999995e+02 1.161354635000000002e+02 1.149325939999999946e+02 1.000000000000000000e+00
1.213696139999999986e+02 1.189545860000000062e+02 1.178801803333333282e+02 1.000000000000000000e+00
1.241402209999999968e+02 1.227549175000000048e+02 1.206831310000000030e+02 1.000000000000000000e+00
1.340247040000000140e+02 1.290824625000000196e+02 1.265115129999999937e+02 1.000000000000000000e+00
1.445221709999999860e+02 1.392734375000000000e+02 1.342290319999999895e+02 1.000000000000000000e+00
1.466963649999999859e+02 1.456092679999999859e+02 1.417477466666666714e+02 1.000000000000000000e+00
1.495243230000000096e+02 1.481103439999999978e+02 1.469142863333333082e+02 1.000000000000000000e+00
1.541794590000000085e+02 1.518518910000000233e+02 1.501333823333333441e+02 1.000000000000000000e+00
1.519044649999999876e+02 1.530419620000000123e+02 1.518694156666666686e+02 0.000000000000000000e+00
1.618226779999999962e+02 1.568635714999999777e+02 1.559688673333333497e+02 1.000000000000000000e+00
1.667284549999999967e+02 1.642755664999999965e+02 1.601518659999999841e+02 1.000000000000000000e+00
1.678686979999999949e+02 1.672985764999999958e+02 1.654732769999999960e+02 1.000000000000000000e+00
1.669129030000000000e+02 1.673908005000000117e+02 1.671700186666666639e+02 0.000000000000000000e+00
1.538438720000000046e+02 1.603783875000000023e+02 1.628751576666666949e+02 0.000000000000000000e+00
1.534823299999999904e+02 1.536631009999999833e+02 1.580797016666666650e+02 0.000000000000000000e+00
1.643374019999999973e+02 1.589098659999999938e+02 1.572212013333333118e+02 1.000000000000000000e+00
1.570450739999999996e+02 1.606912379999999985e+02 1.582882686666666530e+02 0.000000000000000000e+00
1.537866060000000061e+02 1.554158400000000029e+02 1.583896939999999915e+02 0.000000000000000000e+00
1.556030269999999973e+02 1.546948165000000017e+02 1.554782356666666772e+02 1.000000000000000000e+00
1.602353669999999966e+02 1.579191969999999969e+02 1.565416666666666572e+02 1.000000000000000000e+00
