4.661669999999999980e-01 4.523079999999999878e-01 4.476883333333332993e-01 2.380947200000000000e+09 1.000000000000000000e+00
4.976639999999999953e-01 4.819154999999999966e-01 4.674266666666666570e-01 1.429331200000000000e+09 1.000000000000000000e+00
5.581399999999999695e-01 5.279019999999999824e-01 5.073236666666666173e-01 1.717801600000000000e+09 1.000000000000000000e+00
5.845979999999999510e-01 5.713690000000000158e-01 5.468006666666666016e-01 1.200806400000000000e+09 1.000000000000000000e+00
7.357869999999999688e-01 6.601924999999999599e-01 6.261750000000000371e-01 1.634729600000000000e+09 1.000000000000000000e+00
7.660249999999999559e-01 7.509059999999999624e-01 6.954699999999999216e-01 1.165913600000000000e+09 0.000000000000000000e+00
6.702719999999999789e-01 7.181484999999999674e-01 7.240280000000000049e-01 1.548944000000000000e+09 0.000000000000000000e+00
6.198759999999999826e-01 6.450739999999999252e-01 6.853909999999999725e-01 1.983792000000000000e+09 1.000000000000000000e+00
6.349949999999999761e-01 6.274355000000000349e-01 6.417143333333332755e-01 1.270809600000000000e+09 1.000000000000000000e+00
6.425539999999999585e-01 6.387745000000000228e-01 6.324750000000000094e-01 2.198080000000000000e+09 1.000000000000000000e+00
7.282279999999999864e-01 6.853909999999999725e-01 6.685923333333333440e-01 1.253123200000000000e+09 1.000000000000000000e+00
7.584659999999999735e-01 7.433469999999999800e-01 7.097493333333333432e-01 9.599712000000000000e+08 1.000000000000000000e+00
9.890290000000000470e-01 8.737475000000000103e-01 8.252410000000000023e-01 2.219728000000000000e+09 1.000000000000000000e+00
1.045725999999999933e+00 1.017377500000000046e+00 9.310736666666666883e-01 1.781539200000000000e+09 1.000000000000000000e+00
1.069663999999999948e+00 1.057694999999999830e+00 1.034806333333333273e+00 1.932505600000000000e+09 0.000000000000000000e+00
9.978489999999999860e-01 1.033756499999999967e+00 1.037746333333333215e+00 1.985737600000000000e+09 1.000000000000000000e+00
1.106200999999999990e+00 1.052024999999999988e+00 1.057904666666666715e+00 1.462662400000000000e+09 0.000000000000000000e+00
1.029976999999999920e+00 1.068089000000000066e+00 1.044675666666666558e+00 1.295366400000000000e+09 1.000000000000000000e+00
1.111240999999999923e+00 1.070608999999999922e+00 1.082473000000000019e+00 1.587264000000000000e+09 1.000000000000000000e+00
1.288888000000000034e+00 1.200064499999999867e+00 1.143368666666666700e+00 1.281145600000000000e+09 1.000000000000000000e+00
1.345583999999999891e+00 1.317235999999999851e+00 1.248570999999999875e+00 8.340640000000000000e+08 1.000000000000000000e+00
1.419289000000000023e+00 1.382436499999999846e+00 1.351253666666666575e+00 1.061907200000000000e+09 1.000000000000000000e+00
1.470315000000000039e+00 1.444802000000000142e+00 1.411729333333333392e+00 8.872224000000000000e+08 1.000000000000000000e+00
1.681980000000000031e+00 1.576147500000000035e+00 1.523861333333333512e+00 8.087552000000000000e+08 1.000000000000000000e+00
1.818049999999999944e+00 1.750014999999999876e+00 1.656781666666666597e+00 1.468918400000000000e+09 1.000000000000000000e+00
1.867186999999999930e+00 1.842618499999999937e+00 1.789072333333333376e+00 1.394012800000000000e+09 0.000000000000000000e+00
1.791592000000000073e+00 1.829389500000000002e+00 1.825609666666666797e+00 1.204256000000000000e+09 0.000000000000000000e+00
1.666860000000000008e+00 1.729226000000000152e+00 1.775212999999999930e+00 2.138947200000000000e+09 1.000000000000000000e+00
1.829388999999999932e+00 1.748124499999999859e+00 1.762613666666666745e+00 1.069219200000000000e+09 0.000000000000000000e+00
1.587487000000000092e+00 1.708438000000000123e+00 1.694578666666666678e+00 1.576790400000000000e+09 1.000000000000000000e+00
1.649852000000000096e+00 1.618669500000000205e+00 1.688909333333333374e+00 1.245196800000000000e+09 1.000000000000000000e+00
1.689538999999999902e+00 1.669695499999999999e+00 1.642292666666666845e+00 8.893248000000000000e+08 1.000000000000000000e+00
1.825609000000000037e+00 1.757573999999999970e+00 1.721666666666666679e+00 1.002921600000000000e+09 1.000000000000000000e+00
2.012706000000000106e+00 1.919157500000000072e+00 1.842617999999999867e+00 1.146720000000000000e+09 1.000000000000000000e+00
2.111924000000000134e+00 2.062314999999999898e+00 1.983412999999999871e+00 1.227161600000000000e+09 0.000000000000000000e+00
1.936166999999999971e+00 2.024045500000000164e+00 2.020265666666666515e+00 1.133328000000000000e+09 1.000000000000000000e+00
1.961678999999999951e+00 1.948922999999999961e+00 2.003256666666666685e+00 1.411331200000000000e+09 0.000000000000000000e+00
1.890810000000000102e+00 1.926244500000000137e+00 1.929551999999999934e+00 1.548342400000000000e+09 1.000000000000000000e+00
2.097750000000000004e+00 1.994280000000000053e+00 1.983412999999999871e+00 1.197958400000000000e+09 0.000000000000000000e+00
1.939000999999999975e+00 2.018375499999999878e+00 1.975853666666666619e+00 1.298633600000000000e+09 1.000000000000000000e+00
2.100585999999999842e+00 2.019793500000000019e+00 2.045779000000000014e+00 1.304448000000000000e+09 0.000000000000000000e+00
1.995697000000000054e+00 2.048141499999999837e+00 2.011761333333333290e+00 1.216211200000000000e+09 0.000000000000000000e+00
1.678201000000000054e+00 1.836949000000000165e+00 1.924827999999999761e+00 1.953414400000000000e+09 1.000000000000000000e+00
1.703713000000000033e+00 1.690957000000000043e+00 1.792537000000000047e+00 1.871481600000000000e+09 1.000000000000000000e+00
1.870967000000000047e+00 1.787339999999999929e+00 1.750960333333333452e+00 1.162460800000000000e+09 0.000000000000000000e+00
1.817104999999999970e+00 1.844036000000000008e+00 1.797261666666666535e+00 1.370752000000000000e+09 0.000000000000000000e+00
1.814270999999999967e+00 1.815687999999999969e+00 1.834114333333333180e+00 9.665152000000000000e+08 1.000000000000000000e+00
1.828443000000000040e+00 1.821356999999999893e+00 1.819939666666666511e+00 9.347840000000000000e+08 1.000000000000000000e+00
1.930496999999999908e+00 1.879469999999999974e+00 1.857736999999999972e+00 1.233651200000000000e+09 0.000000000000000000e+00
1.870967000000000047e+00 1.900732000000000088e+00 1.876635666666666813e+00 1.368720000000000000e+09 1.000000000000000000e+00
1.921993000000000062e+00 1.896479999999999944e+00 1.907818999999999932e+00 1.377510400000000000e+09 1.000000000000000000e+00
2.097750000000000004e+00 2.009871500000000033e+00 1.963570000000000038e+00 1.871520000000000000e+09 1.000000000000000000e+00
2.437927000000000177e+00 2.267838499999999868e+00 2.152556666666666896e+00 1.629892800000000000e+09 0.000000000000000000e+00
2.341542000000000012e+00 2.389734500000000317e+00 2.292406333333333546e+00 2.439195200000000000e+09 0.000000000000000000e+00
2.335872999999999866e+00 2.338707499999999939e+00 2.371780666666666537e+00 1.527966400000000000e+09 1.000000000000000000e+00
2.636362000000000094e+00 2.486117499999999758e+00 2.437925666666666658e+00 1.290998400000000000e+09 0.000000000000000000e+00
2.545649000000000051e+00 2.591005500000000072e+00 2.505961333333333041e+00 9.648496000000000000e+08 1.000000000000000000e+00
2.857476000000000127e+00 2.701562500000000089e+00 2.679829000000000239e+00 1.207155200000000000e+09 0.000000000000000000e+00
2.851805999999999841e+00 2.854640999999999984e+00 2.751643666666666377e+00 1.024286400000000000e+09 0.000000000000000000e+00
2.772431999999999785e+00 2.812119000000000035e+00 2.827237999999999918e+00 1.059353600000000000e+09 0.000000000000000000e+00
2.693057000000000034e+00 2.732744499999999910e+00 2.772431666666666406e+00 1.111609600000000000e+09 1.000000000000000000e+00
2.857476000000000127e+00 2.775266499999999859e+00 2.774321666666666797e+00 9.986576000000000000e+08 1.000000000000000000e+00
3.225999999999999979e+00 3.041738000000000053e+00 2.925511000000000195e+00 1.415724800000000000e+09 1.000000000000000000e+00
3.707915999999999990e+00 3.466957999999999984e+00 3.263797333333333217e+00 1.299571200000000000e+09 1.000000000000000000e+00
3.841150999999999982e+00 3.774533499999999986e+00 3.591689000000000132e+00 1.333040000000000000e+09 1.000000000000000000e+00
4.099120000000000097e+00 3.970135500000000039e+00 3.882728999999999875e+00 1.270388800000000000e+09 1.000000000000000000e+00
4.104786999999999964e+00 4.101953500000000474e+00 4.015019333333333940e+00 2.330859200000000000e+09 1.000000000000000000e+00
4.195501000000000147e+00 4.150144000000000055e+00 4.133136000000000365e+00 2.130745600000000000e+09 0.000000000000000000e+00
4.104786999999999964e+00 4.150144000000000055e+00 4.135024999999999729e+00 1.622329600000000000e+09 1.000000000000000000e+00
4.535676999999999737e+00 4.320231999999999850e+00 4.278654999999999653e+00 2.228136000000000000e+09 0.000000000000000000e+00
3.951707999999999998e+00 4.243692499999999868e+00 4.197390666666666270e+00 1.870920000000000000e+09 1.000000000000000000e+00
3.980055999999999816e+00 3.965881999999999685e+00 4.155813666666666073e+00 1.653614400000000000e+09 1.000000000000000000e+00
4.195501000000000147e+00 4.087778499999999759e+00 4.042421666666666802e+00 2.056616000000000000e+09 1.000000000000000000e+00
4.476145999999999958e+00 4.335823500000000053e+00 4.217234333333332863e+00 1.636929600000000000e+09 1.000000000000000000e+00
4.677414999999999878e+00 4.576780499999999918e+00 4.449687333333333328e+00 1.698950400000000000e+09 1.000000000000000000e+00
5.136655000000000193e+00 4.907035000000000480e+00 4.763405333333333935e+00 1.346283200000000000e+09 1.000000000000000000e+00
5.386115000000000208e+00 5.261385000000000645e+00 5.066728333333333723e+00 1.207328000000000000e+09 1.000000000000000000e+00
5.448482000000000269e+00 5.417298500000000239e+00 5.323750666666667186e+00 1.280102400000000000e+09 0.000000000000000000e+00
5.346428000000000402e+00 5.397455000000000780e+00 5.393675000000000885e+00 2.176897600000000000e+09 1.000000000000000000e+00
5.556203000000000003e+00 5.451315499999999759e+00 5.450371000000000521e+00 1.143864000000000000e+09 1.000000000000000000e+00
5.981423000000000378e+00 5.768812999999999747e+00 5.628017999999999965e+00 1.299435200000000000e+09 1.000000000000000000e+00
6.225214000000000247e+00 6.103318500000000313e+00 5.920946666666666580e+00 1.340635200000000000e+09 1.000000000000000000e+00
7.115344000000000335e+00 6.670279000000000735e+00 6.440660333333333654e+00 1.620968000000000000e+09 1.000000000000000000e+00
7.495205000000000339e+00 7.305274500000000337e+00 6.945254333333333641e+00 1.459023200000000000e+09 1.000000000000000000e+00
9.252779000000000309e+00 8.373992000000001212e+00 7.954442666666667883e+00 1.565781600000000000e+09 0.000000000000000000e+00
8.844566999999999624e+00 9.048673000000000854e+00 8.530850333333333424e+00 1.297152800000000000e+09 0.000000000000000000e+00
8.317292999999999381e+00 8.580929999999998614e+00 8.804879666666666438e+00 1.477638400000000000e+09 1.000000000000000000e+00
1.102169400000000010e+01 9.669493499999999742e+00 9.394517999999999702e+00 1.907452000000000000e+09 1.000000000000000000e+00
1.124847699999999939e+01 1.113508549999999886e+01 1.019582133333333296e+01 1.297835200000000000e+09 1.000000000000000000e+00
1.146391900000000064e+01 1.135619799999999913e+01 1.124469666666666434e+01 9.701896000000000000e+08 1.000000000000000000e+00
1.282462300000000077e+01 1.214427099999999982e+01 1.184567299999999967e+01 1.693945600000000000e+09 0.000000000000000000e+00
1.199119199999999985e+01 1.240790750000000031e+01 1.209324466666666531e+01 1.169070400000000000e+09 1.000000000000000000e+00
1.200253200000000042e+01 1.199686200000000014e+01 1.227278233333333368e+01 1.153615200000000000e+09 0.000000000000000000e+00
1.179275499999999965e+01 1.189764350000000093e+01 1.192882633333333331e+01 1.533380800000000000e+09 1.000000000000000000e+00
1.283596299999999957e+01 1.231435899999999961e+01 1.221041666666666714e+01 9.159704000000000000e+08 0.000000000000000000e+00
1.172472199999999987e+01 1.228034249999999972e+01 1.211781333333333244e+01 1.437224000000000000e+09 1.000000000000000000e+00
1.353332299999999933e+01 1.262902249999999960e+01 1.269800266666666744e+01 1.486108000000000000e+09 1.000000000000000000e+00
1.537593999999999994e+01 1.445463149999999963e+01 1.354466166666666460e+01 1.402018400000000000e+09 1.000000000000000000e+00
1.623771899999999846e+01 1.580682949999999920e+01 1.504899399999999865e+01 1.099927600000000000e+09 1.000000000000000000e+00
1.635111399999999904e+01 1.629441649999999697e+01 1.598825766666666404e+01 1.018977200000000000e+09 0.000000000000000000e+00
1.538728200000000079e+01 1.586919800000000080e+01 1.599203833333333158e+01 1.095382400000000000e+09 1.000000000000000000e+00
1.966215899999999905e+01 1.752472050000000081e+01 1.713351833333333119e+01 1.233152400000000000e+09 1.000000000000000000e+00
1.994563899999999990e+01 1.980389900000000125e+01 1.833169333333333384e+01 1.229298000000000000e+09 0.000000000000000000e+00
1.740565899999999999e+01 1.867564899999999994e+01 1.900448566666666750e+01 1.350039600000000000e+09 1.000000000000000000e+00
1.996831900000000104e+01 1.868698900000000052e+01 1.910653900000000149e+01 1.192324400000000000e+09 0.000000000000000000e+00
1.920858799999999889e+01 1.958845349999999996e+01 1.886085533333333331e+01 1.643049200000000000e+09 1.000000000000000000e+00
2.213409400000000105e+01 2.067134099999999819e+01 2.043700033333333366e+01 1.162706800000000000e+09 1.000000000000000000e+00
2.516167099999999834e+01 2.364788250000000147e+01 2.216811766666666372e+01 1.101522000000000000e+09 1.000000000000000000e+00
3.174974100000000021e+01 2.845570599999999928e+01 2.634850199999999987e+01 1.472518800000000000e+09 0.000000000000000000e+00
2.723673799999999900e+01 2.949323950000000139e+01 2.804938333333333489e+01 1.599103200000000000e+09 1.000000000000000000e+00
3.252080899999999986e+01 2.987877350000000121e+01 3.050242933333333539e+01 1.569410000000000000e+09 0.000000000000000000e+00
2.950457400000000163e+01 3.101269150000000252e+01 2.975404033333333587e+01 1.163599400000000000e+09 0.000000000000000000e+00
2.927778199999999842e+01 2.939117800000000003e+01 3.043438833333333449e+01 1.124257000000000000e+09 1.000000000000000000e+00
3.272491500000000286e+01 3.100134849999999886e+01 3.050242366666666882e+01 8.874326000000000000e+08 0.000000000000000000e+00
3.113741299999999868e+01 3.193116400000000255e+01 3.104670333333332977e+01 1.144701200000000000e+09 1.000000000000000000e+00
3.358668500000000279e+01 3.236204899999999895e+01 3.248300433333333359e+01 1.347994200000000000e+09 0.000000000000000000e+00
3.286097000000000179e+01 3.322382749999999874e+01 3.252835600000000227e+01 9.772736000000000000e+08 1.000000000000000000e+00
3.358668500000000279e+01 3.322382749999999874e+01 3.334478000000000009e+01 1.062304400000000000e+09 0.000000000000000000e+00
3.303671299999999889e+01 3.331169900000000439e+01 3.316145599999999405e+01 1.465256000000000000e+09 1.000000000000000000e+00
4.236322799999999944e+01 3.769997049999999916e+01 3.632887533333333607e+01 1.260977800000000000e+09 0.000000000000000000e+00
3.551432400000000200e+01 3.893877600000000427e+01 3.697142166666666441e+01 1.274875200000000000e+09 0.000000000000000000e+00
3.243007699999999716e+01 3.397220049999999958e+01 3.676920966666666857e+01 1.334487600000000000e+09 1.000000000000000000e+00
3.855326500000000323e+01 3.549167099999999664e+01 3.549922200000000316e+01 2.028187600000000000e+09 0.000000000000000000e+00
2.530908000000000158e+01 3.193117250000000240e+01 3.209747399999999828e+01 2.258146600000000000e+09 0.000000000000000000e+00
2.270105900000000076e+01 2.400506950000000117e+01 2.885446800000000067e+01 1.344430800000000000e+09 1.000000000000000000e+00
2.902833199999999891e+01 2.586469549999999984e+01 2.567949033333333375e+01 1.467050200000000000e+09 0.000000000000000000e+00
2.533175500000000113e+01 2.718004350000000002e+01 2.568704866666666931e+01 1.234185800000000000e+09 0.000000000000000000e+00
2.533175500000000113e+01 2.533175500000000113e+01 2.656394733333333491e+01 1.219399800000000000e+09 0.000000000000000000e+00
2.188463600000000042e+01 2.360819550000000078e+01 2.418271533333333423e+01 1.425533800000000000e+09 1.000000000000000000e+00
2.499158100000000005e+01 2.343810849999999846e+01 2.406932399999999816e+01 2.469415600000000000e+09 0.000000000000000000e+00
2.081875799999999899e+01 2.290516949999999952e+01 2.256499166666666767e+01 1.983462600000000000e+09 0.000000000000000000e+00
1.573879600000000067e+01 1.827877699999999805e+01 2.051637833333333205e+01 2.056668200000000000e+09 1.000000000000000000e+00
2.215678000000000125e+01 1.894778800000000274e+01 1.957144466666666460e+01 2.005531200000000000e+09 0.000000000000000000e+00
2.140839799999999826e+01 2.178258900000000153e+01 1.976799133333333458e+01 1.536895600000000000e+09 0.000000000000000000e+00
1.984358200000000139e+01 2.062599000000000160e+01 2.113625333333333245e+01 1.895349800000000000e+09 1.000000000000000000e+00
2.458336600000000161e+01 2.221347400000000150e+01 2.194511533333333375e+01 2.075807000000000000e+09 1.000000000000000000e+00
2.510225099999999898e+01 2.484280850000000029e+01 2.317639966666666851e+01 1.777305800000000000e+09 1.000000000000000000e+00
2.648833799999999883e+01 2.579529449999999713e+01 2.539131833333333432e+01 1.449177800000000000e+09 0.000000000000000000e+00
2.401731900000000053e+01 2.525282849999999968e+01 2.520263599999999826e+01 1.455201000000000000e+09 0.000000000000000000e+00
2.070082499999999825e+01 2.235907199999999762e+01 2.373549399999999920e+01 1.153896400000000000e+09 0.000000000000000000e+00
1.856724499999999978e+01 1.963403499999999724e+01 2.109512966666666500e+01 1.510824400000000000e+09 1.000000000000000000e+00
2.109996399999999994e+01 1.983360449999999986e+01 2.012267799999999696e+01 1.750891000000000000e+09 1.000000000000000000e+00
2.329886399999999824e+01 2.219941399999999732e+01 2.098869099999999932e+01 1.330968600000000000e+09 1.000000000000000000e+00
2.403908300000000153e+01 2.366897349999999989e+01 2.281263699999999872e+01 9.770890000000000000e+08 0.000000000000000000e+00
2.311743900000000096e+01 2.357826100000000125e+01 2.348512866666666810e+01 1.360115800000000000e+09 0.000000000000000000e+00
2.116890899999999931e+01 2.214317400000000191e+01 2.277514366666666845e+01 1.131159200000000000e+09 1.000000000000000000e+00
2.188373400000000046e+01 2.152632150000000166e+01 2.205669400000000380e+01 1.073244200000000000e+09 0.000000000000000000e+00
1.896275899999999837e+01 2.042324649999999764e+01 2.067180066666666605e+01 1.417479400000000000e+09 0.000000000000000000e+00
1.847289999999999921e+01 1.871782950000000056e+01 1.977313099999999579e+01 1.420266200000000000e+09 1.000000000000000000e+00
1.984812000000000154e+01 1.916051000000000215e+01 1.909459299999999971e+01 1.834073000000000000e+09 0.000000000000000000e+00
1.740973699999999980e+01 1.862892850000000067e+01 1.857691900000000018e+01 2.432188000000000000e+09 1.000000000000000000e+00
1.780888399999999905e+01 1.760931049999999942e+01 1.835558033333333228e+01 1.715757200000000000e+09 0.000000000000000000e+00
1.587124299999999977e+01 1.684006349999999941e+01 1.702995466666666502e+01 1.695705800000000000e+09 1.000000000000000000e+00
1.940180799999999905e+01 1.763652549999999763e+01 1.769397833333333381e+01 2.475370600000000000e+09 1.000000000000000000e+00
2.092942199999999886e+01 2.016561499999999896e+01 1.873415766666666471e+01 1.555997200000000000e+09 0.000000000000000000e+00
1.875955799999999840e+01 1.984449000000000041e+01 1.969692933333333329e+01 1.268370200000000000e+09 0.000000000000000000e+00
1.722104799999999969e+01 1.799030299999999727e+01 1.897000933333333350e+01 1.718662200000000000e+09 0.000000000000000000e+00
1.719928200000000018e+01 1.721016499999999994e+01 1.772662933333333157e+01 1.346970800000000000e+09 1.000000000000000000e+00
1.762588500000000025e+01 1.741258350000000021e+01 1.734873833333333337e+01 1.371902600000000000e+09 1.000000000000000000e+00
1.861602399999999946e+01 1.812095449999999985e+01 1.781373033333333566e+01 1.249617700000000000e+09 0.000000000000000000e+00
1.791710700000000145e+01 1.826656549999999868e+01 1.805300533333333490e+01 1.311003700000000000e+09 1.000000000000000000e+00
1.866700000000000159e+01 1.829205350000000152e+01 1.840004366666666513e+01 1.569995800000000000e+09 1.000000000000000000e+00
1.922757899999999864e+01 1.894728950000000012e+01 1.860389533333333389e+01 1.292011000000000000e+09 1.000000000000000000e+00
1.930766099999999952e+01 1.926762000000000086e+01 1.906741333333333444e+01 9.665069000000000000e+08 1.000000000000000000e+00
2.023955499999999930e+01 1.977360799999999941e+01 1.959159833333333367e+01 1.253309100000000000e+09 0.000000000000000000e+00
1.903100799999999992e+01 1.963528149999999783e+01 1.952607466666666625e+01 1.400032500000000000e+09 0.000000000000000000e+00
1.882296600000000097e+01 1.892698700000000045e+01 1.936450966666666673e+01 1.442336700000000000e+09 1.000000000000000000e+00
2.003829199999999844e+01 1.943062899999999971e+01 1.929742200000000096e+01 1.476461300000000000e+09 1.000000000000000000e+00
2.024328200000000066e+01 2.014078699999999955e+01 1.970151333333333454e+01 1.232189000000000000e+09 0.000000000000000000e+00
1.942330899999999971e+01 1.983329549999999841e+01 1.990162766666666627e+01 1.032065600000000000e+09 0.000000000000000000e+00
1.825190200000000118e+01 1.883760550000000222e+01 1.930616433333333148e+01 1.703041000000000000e+09 1.000000000000000000e+00
1.913045299999999926e+01 1.869117750000000200e+01 1.893522133333333457e+01 1.558947800000000000e+09 1.000000000000000000e+00
1.920366900000000143e+01 1.916706100000000035e+01 1.886200800000000299e+01 1.141456900000000000e+09 1.000000000000000000e+00
2.090951300000000046e+01 2.005659100000000095e+01 1.974787833333333253e+01 1.534889700000000000e+09 0.000000000000000000e+00
2.085827099999999845e+01 2.088389199999999946e+01 2.032381766666666678e+01 1.550446900000000000e+09 0.000000000000000000e+00
1.998703599999999980e+01 2.042265349999999913e+01 2.058493999999999957e+01 1.094195300000000000e+09 1.000000000000000000e+00
2.030299899999999980e+01 2.014501750000000158e+01 2.038276866666666720e+01 1.141012300000000000e+09 1.000000000000000000e+00
2.053797099999999887e+01 2.042048499999999933e+01 2.027600200000000186e+01 1.300591200000000000e+09 0.000000000000000000e+00
1.968619899999999845e+01 2.011208500000000043e+01 2.017572300000000141e+01 1.739407300000000000e+09 0.000000000000000000e+00
1.967263000000000162e+01 1.967941450000000003e+01 1.996559999999999846e+01 1.803777700000000000e+09 0.000000000000000000e+00
1.934867500000000007e+01 1.951065249999999907e+01 1.956916800000000123e+01 1.521414300000000000e+09 0.000000000000000000e+00
1.852407600000000087e+01 1.893637550000000047e+01 1.918179366666666752e+01 1.361126000000000000e+09 0.000000000000000000e+00
1.785009200000000007e+01 1.818708399999999870e+01 1.857428099999999915e+01 1.541411300000000000e+09 1.000000000000000000e+00
1.868461599999999834e+01 1.826735399999999743e+01 1.835292799999999858e+01 1.520253700000000000e+09 1.000000000000000000e+00
1.905388500000000107e+01 1.886925049999999970e+01 1.852953099999999864e+01 1.270563700000000000e+09 0.000000000000000000e+00
1.840308599999999828e+01 1.872848549999999790e+01 1.871386233333333493e+01 1.303029500000000000e+09 1.000000000000000000e+00
1.897355699999999956e+01 1.868832150000000070e+01 1.881017599999999845e+01 1.321407700000000000e+09 1.000000000000000000e+00
2.028488499999999917e+01 1.962922100000000114e+01 1.922050933333333589e+01 1.441979300000000000e+09 0.000000000000000000e+00
1.911900100000000080e+01 1.970194299999999998e+01 1.945914766666666651e+01 1.348861500000000000e+09 0.000000000000000000e+00
1.909672000000000125e+01 1.910786050000000103e+01 1.950020200000000159e+01 1.439659900000000000e+09 1.000000000000000000e+00
2.056797999999999860e+01 1.983234999999999815e+01 1.959456700000000140e+01 1.444948300000000000e+09 0.000000000000000000e+00
1.948805000000000121e+01 2.002801499999999990e+01 1.971758333333333368e+01 1.271695500000000000e+09 1.000000000000000000e+00
2.097853299999999876e+01 2.023329149999999998e+01 2.034485433333333404e+01 1.388622700000000000e+09 0.000000000000000000e+00
2.002462600000000137e+01 2.050157949999999829e+01 2.016373633333333260e+01 1.047699000000000000e+09 1.000000000000000000e+00
2.034672199999999975e+01 2.018567399999999878e+01 2.044996033333333330e+01 1.437940900000000000e+09 0.000000000000000000e+00
1.805855899999999892e+01 1.920264050000000111e+01 1.947663566666666668e+01 1.446126900000000000e+09 0.000000000000000000e+00
1.693690300000000093e+01 1.749773100000000170e+01 1.844739466666666772e+01 2.309193400000000000e+09 1.000000000000000000e+00
1.749089599999999933e+01 1.721389950000000013e+01 1.749545266666666876e+01 1.971637200000000000e+09 1.000000000000000000e+00
1.806140900000000116e+01 1.777615250000000202e+01 1.749640266666666832e+01 1.332298100000000000e+09 1.000000000000000000e+00
1.929253999999999891e+01 1.867697450000000003e+01 1.828161500000000217e+01 1.134188400000000000e+09 1.000000000000000000e+00
2.060676799999999886e+01 1.994965399999999889e+01 1.932023900000000083e+01 1.097482600000000000e+09 1.000000000000000000e+00
2.163144700000000142e+01 2.111910749999999837e+01 2.051025166666666522e+01 1.290967400000000000e+09 1.000000000000000000e+00
2.212118699999999905e+01 2.187631700000000023e+01 2.145313399999999504e+01 1.239142000000000000e+09 1.000000000000000000e+00
2.257483099999999965e+01 2.234800899999999757e+01 2.210915500000000122e+01 1.137160900000000000e+09 1.000000000000000000e+00
2.333085300000000117e+01 2.295284200000000041e+01 2.267562366666666662e+01 1.324518200000000000e+09 0.000000000000000000e+00
2.129714399999999941e+01 2.231399850000000029e+01 2.240094266666666556e+01 1.290850900000000000e+09 0.000000000000000000e+00
2.114340599999999881e+01 2.122027500000000089e+01 2.192380099999999743e+01 1.269506500000000000e+09 1.000000000000000000e+00
2.271379699999999957e+01 2.192860149999999919e+01 2.171811566666666593e+01 9.589649000000000000e+08 1.000000000000000000e+00
2.328278200000000098e+01 2.299828949999999850e+01 2.237999499999999742e+01 1.327154700000000000e+09 0.000000000000000000e+00
2.242965699999999885e+01 2.285621950000000169e+01 2.280874533333333076e+01 1.181412800000000000e+09 0.000000000000000000e+00
2.206432300000000168e+01 2.224699000000000026e+01 2.259225400000000050e+01 1.295548000000000000e+09 0.000000000000000000e+00
2.186644199999999927e+01 2.196538250000000048e+01 2.212014066666666778e+01 1.228579500000000000e+09 1.000000000000000000e+00
2.250064300000000017e+01 2.218354250000000150e+01 2.214380266666666941e+01 1.117419500000000000e+09 1.000000000000000000e+00
2.811434699999999864e+01 2.530749499999999941e+01 2.416047733333333269e+01 1.772076700000000000e+09 0.000000000000000000e+00
2.566264500000000126e+01 2.688849599999999995e+01 2.542587833333333336e+01 1.830846800000000000e+09 1.000000000000000000e+00
2.728007500000000007e+01 2.647136000000000067e+01 2.701902233333333569e+01 1.064817100000000000e+09 0.000000000000000000e+00
2.498119399999999857e+01 2.613063449999999932e+01 2.597463799999999878e+01 1.950301600000000000e+09 0.000000000000000000e+00
2.084320800000000062e+01 2.291220099999999960e+01 2.436815900000000212e+01 2.324580800000000000e+09 1.000000000000000000e+00
2.183193400000000040e+01 2.133757100000000051e+01 2.255211199999999749e+01 1.452390200000000000e+09 1.000000000000000000e+00
2.193963199999999958e+01 2.188578299999999999e+01 2.153825799999999902e+01 1.444720000000000000e+09 0.000000000000000000e+00
2.178577399999999997e+01 2.186270299999999978e+01 2.185244666666666546e+01 1.405170200000000000e+09 0.000000000000000000e+00
2.124057399999999873e+01 2.151317399999999935e+01 2.165532666666666728e+01 1.560439100000000000e+09 0.000000000000000000e+00
1.985850699999999946e+01 2.054954049999999910e+01 2.096161833333333391e+01 1.637501300000000000e+09 1.000000000000000000e+00
2.107071699999999836e+01 2.046461199999999891e+01 2.072326599999999885e+01 1.206949700000000000e+09 0.000000000000000000e+00
2.068964599999999976e+01 2.088018149999999906e+01 2.053962333333333490e+01 1.927538700000000000e+09 0.000000000000000000e+00
1.730983499999999964e+01 1.899974050000000148e+01 1.969006599999999807e+01 3.044579400000000000e+09 0.000000000000000000e+00
1.567420599999999986e+01 1.649202049999999886e+01 1.789122899999999916e+01 1.794911800000000000e+09 0.000000000000000000e+00
1.517164700000000011e+01 1.542292649999999909e+01 1.605189599999999928e+01 1.546943400000000000e+09 0.000000000000000000e+00
1.334543399999999913e+01 1.425854049999999873e+01 1.473042899999999911e+01 1.564043400000000000e+09 0.000000000000000000e+00
1.260401700000000069e+01 1.297472549999999991e+01 1.370703266666666487e+01 1.456213400000000000e+09 1.000000000000000000e+00
1.443488499999999952e+01 1.351945100000000011e+01 1.346144533333333193e+01 1.625752800000000000e+09 1.000000000000000000e+00
1.592002100000000020e+01 1.517745299999999986e+01 1.431964099999999895e+01 1.562400700000000000e+09 1.000000000000000000e+00
1.641505599999999987e+01 1.616753849999999915e+01 1.558998733333333320e+01 1.101122400000000000e+09 1.000000000000000000e+00
1.879674500000000137e+01 1.760590050000000062e+01 1.704394066666666774e+01 1.411144700000000000e+09 0.000000000000000000e+00
1.859905099999999933e+01 1.869789800000000213e+01 1.793695066666666449e+01 1.517459800000000000e+09 1.000000000000000000e+00
1.949262600000000134e+01 1.904583850000000211e+01 1.896280733333333401e+01 9.932504000000000000e+08 1.000000000000000000e+00
2.045311399999999935e+01 1.997287000000000035e+01 1.951493033333333571e+01 1.038979700000000000e+09 1.000000000000000000e+00
2.205151599999999945e+01 2.125231499999999940e+01 2.066575200000000123e+01 1.523430100000000000e+09 1.000000000000000000e+00
2.338749500000000126e+01 2.271950550000000035e+01 2.196404166666666313e+01 1.018256700000000000e+09 1.000000000000000000e+00
2.434551400000000143e+01 2.386650450000000134e+01 2.326150833333333523e+01 9.206055000000000000e+08 0.000000000000000000e+00
2.250842099999999846e+01 2.342696749999999994e+01 2.341381000000000157e+01 1.359650900000000000e+09 1.000000000000000000e+00
2.289980299999999858e+01 2.270411199999999852e+01 2.325124599999999830e+01 1.074643300000000000e+09 1.000000000000000000e+00
2.350442100000000067e+01 2.320211199999999963e+01 2.297088166666666709e+01 1.110237200000000000e+09 1.000000000000000000e+00
2.450751299999999944e+01 2.400596699999999828e+01 2.363724566666666860e+01 1.319029500000000000e+09 0.000000000000000000e+00
2.070379600000000053e+01 2.260565449999999998e+01 2.290524333333333118e+01 1.720130200000000000e+09 0.000000000000000000e+00
1.854821000000000097e+01 1.962600300000000075e+01 2.125317300000000031e+01 1.671811600000000000e+09 1.000000000000000000e+00
2.080527500000000174e+01 1.967674250000000313e+01 2.001909366666666656e+01 1.408590600000000000e+09 0.000000000000000000e+00
1.891902199999999823e+01 1.986214849999999998e+01 1.942416900000000268e+01 1.279372100000000000e+09 1.000000000000000000e+00
1.984654400000000152e+01 1.938278299999999987e+01 1.985694700000000168e+01 1.273139500000000000e+09 1.000000000000000000e+00
2.161319500000000104e+01 2.072986949999999950e+01 2.012625366666666693e+01 1.281432800000000000e+09 0.000000000000000000e+00
2.047054299999999927e+01 2.104186899999999838e+01 2.064342733333333157e+01 1.361176300000000000e+09 1.000000000000000000e+00
2.275705699999999965e+01 2.161379999999999768e+01 2.161359833333333214e+01 1.033710000000000000e+09 0.000000000000000000e+00
2.261029600000000173e+01 2.268367650000000069e+01 2.194596533333333355e+01 1.361258700000000000e+09 0.000000000000000000e+00
2.167261699999999891e+01 2.214145650000000032e+01 2.234665666666666439e+01 1.114368500000000000e+09 0.000000000000000000e+00
2.082468199999999925e+01 2.124864949999999908e+01 2.170253166666666900e+01 1.310885200000000000e+09 1.000000000000000000e+00
2.125938599999999923e+01 2.104203400000000101e+01 2.125222833333333128e+01 1.313844800000000000e+09 0.000000000000000000e+00
2.051300799999999924e+01 2.088619699999999924e+01 2.086569199999999924e+01 1.364062800000000000e+09 1.000000000000000000e+00
2.146477900000000005e+01 2.098889349999999965e+01 2.107905766666666736e+01 1.297757600000000000e+09 1.000000000000000000e+00
2.262057100000000176e+01 2.204267500000000268e+01 2.153278600000000154e+01 1.259328200000000000e+09 0.000000000000000000e+00
2.196012299999999939e+01 2.229034700000000058e+01 2.201515766666666707e+01 1.719339500000000000e+09 0.000000000000000000e+00
2.067809499999999900e+01 2.131910899999999742e+01 2.175292966666667027e+01 1.279920200000000000e+09 1.000000000000000000e+00
2.212364799999999931e+01 2.140087150000000094e+01 2.158728866666666590e+01 1.218142500000000000e+09 0.000000000000000000e+00
2.125132599999999883e+01 2.168748699999999729e+01 2.135102299999999786e+01 1.046207400000000000e+09 1.000000000000000000e+00
2.172942499999999910e+01 2.149037549999999896e+01 2.170146633333333241e+01 1.007166600000000000e+09 1.000000000000000000e+00
2.471764200000000145e+01 2.322353350000000205e+01 2.256613099999999861e+01 1.354858100000000000e+09 1.000000000000000000e+00
2.656749200000000144e+01 2.564256699999999967e+01 2.433818633333333636e+01 9.843323000000000000e+08 1.000000000000000000e+00
2.718051499999999976e+01 2.687400350000000060e+01 2.615521633333333185e+01 9.423665000000000000e+08 0.000000000000000000e+00
2.697830400000000139e+01 2.707940950000000058e+01 2.690877033333333657e+01 9.407397000000000000e+08 0.000000000000000000e+00
2.459390099999999890e+01 2.578610249999999837e+01 2.625090666666666550e+01 1.014372600000000000e+09 1.000000000000000000e+00
2.594258100000000056e+01 2.526824099999999973e+01 2.583826200000000028e+01 9.731314000000000000e+08 0.000000000000000000e+00
2.499273900000000026e+01 2.546766000000000219e+01 2.517640700000000109e+01 8.466041000000000000e+08 1.000000000000000000e+00
2.613763799999999904e+01 2.556518849999999787e+01 2.569098599999999877e+01 6.717484000000000000e+08 0.000000000000000000e+00
2.540587400000000073e+01 2.577175599999999989e+01 2.551208366666666549e+01 8.931077000000000000e+08 0.000000000000000000e+00
2.436437199999999947e+01 2.488512300000000010e+01 2.530262799999999856e+01 1.105402300000000000e+09 0.000000000000000000e+00
2.272529000000000110e+01 2.354483100000000206e+01 2.416517866666666592e+01 1.310516100000000000e+09 1.000000000000000000e+00
2.298948700000000045e+01 2.285738849999999900e+01 2.335971633333333486e+01 9.473109000000000000e+08 1.000000000000000000e+00
2.362641299999999944e+01 2.330794999999999817e+01 2.311373000000000033e+01 1.145054400000000000e+09 1.000000000000000000e+00
2.392765599999999893e+01 2.377703449999999918e+01 2.351451866666666390e+01 7.805870000000000000e+08 1.000000000000000000e+00
2.482870899999999992e+01 2.437818250000000120e+01 2.412759266666666846e+01 8.449460000000000000e+08 1.000000000000000000e+00
2.872528099999999895e+01 2.677699499999999944e+01 2.582721533333333142e+01 1.465757200000000000e+09 1.000000000000000000e+00
3.028737800000000036e+01 2.950632949999999965e+01 2.794712266666666878e+01 1.071860000000000000e+09 0.000000000000000000e+00
3.018515199999999865e+01 3.023626499999999950e+01 2.973260366666666599e+01 9.451555000000000000e+08 0.000000000000000000e+00
2.782557100000000005e+01 2.900536149999999935e+01 2.943270033333333302e+01 1.111130600000000000e+09 1.000000000000000000e+00
2.918888499999999908e+01 2.850722799999999779e+01 2.906653599999999926e+01 1.051265000000000000e+09 1.000000000000000000e+00
2.928896100000000047e+01 2.923892299999999977e+01 2.876780566666666417e+01 1.242961500000000000e+09 1.000000000000000000e+00
3.116352099999999936e+01 3.022624100000000169e+01 2.988045566666666630e+01 9.653315000000000000e+08 1.000000000000000000e+00
3.355733099999999780e+01 3.236042599999999680e+01 3.133660433333333728e+01 8.004316000000000000e+08 0.000000000000000000e+00
3.317336699999999894e+01 3.336534899999999482e+01 3.263140633333333085e+01 8.266177000000000000e+08 1.000000000000000000e+00
3.355466499999999996e+01 3.336401599999999945e+01 3.342845433333332750e+01 9.302262000000000000e+08 1.000000000000000000e+00
3.397145499999999885e+01 3.376305999999999585e+01 3.356649566666666828e+01 7.053045000000000000e+08 1.000000000000000000e+00
3.662050200000000189e+01 3.529597850000000392e+01 3.471554066666666216e+01 7.784257000000000000e+08 0.000000000000000000e+00
3.609339099999999689e+01 3.635694649999999939e+01 3.556178266666666588e+01 7.461125000000000000e+08 1.000000000000000000e+00
3.657582899999999881e+01 3.633460999999999785e+01 3.642990733333333253e+01 5.743629000000000000e+08 1.000000000000000000e+00
3.751763499999999851e+01 3.704673199999999866e+01 3.672895166666666711e+01 5.557673000000000000e+08 1.000000000000000000e+00
3.883120699999999914e+01 3.817442099999999527e+01 3.764155699999999882e+01 7.316165000000000000e+08 1.000000000000000000e+00
4.087351999999999919e+01 3.985236349999999561e+01 3.907412066666666561e+01 5.139197000000000000e+08 1.000000000000000000e+00
4.197075999999999851e+01 4.142213999999999885e+01 4.055849566666666561e+01 8.608273000000000000e+08 1.000000000000000000e+00
4.250490200000000129e+01 4.223783099999999990e+01 4.178306066666666396e+01 8.532609000000000000e+08 1.000000000000000000e+00
4.328348499999999888e+01 4.289419350000000009e+01 4.258638233333333289e+01 5.230059000000000000e+08 0.000000000000000000e+00
4.231747099999999762e+01 4.280047799999999825e+01 4.270195266666667067e+01 6.267712000000000000e+08 0.000000000000000000e+00
3.680572500000000247e+01 3.956159800000000359e+01 4.080222699999999492e+01 9.186811000000000000e+08 1.000000000000000000e+00
3.994878400000000340e+01 3.837725450000000649e+01 3.969066000000000116e+01 6.559571000000000000e+08 0.000000000000000000e+00
3.730621299999999962e+01 3.862749850000000151e+01 3.802024066666667323e+01 8.225514000000000000e+08 1.000000000000000000e+00
4.462799100000000152e+01 4.096710199999999702e+01 4.062766266666667292e+01 8.739367000000000000e+08 0.000000000000000000e+00
4.299481600000000014e+01 4.381140349999999728e+01 4.164300666666666473e+01 6.314758000000000000e+08 0.000000000000000000e+00
4.077159900000000192e+01 4.188320749999999748e+01 4.279813533333333453e+01 6.643392000000000000e+08 1.000000000000000000e+00
4.312648000000000081e+01 4.194903949999999782e+01 4.229763166666666763e+01 7.254581000000000000e+08 0.000000000000000000e+00
4.018981200000000342e+01 4.165814600000000212e+01 4.136263033333333539e+01 7.752280000000000000e+08 1.000000000000000000e+00
4.114271500000000259e+01 4.066626349999999945e+01 4.148633566666666894e+01 6.714176000000000000e+08 1.000000000000000000e+00
4.893250700000000109e+01 4.503761099999999828e+01 4.342167800000000710e+01 8.563228000000000000e+08 1.000000000000000000e+00
5.052206400000000031e+01 4.972728550000000070e+01 4.686576199999999659e+01 6.625592000000000000e+08 1.000000000000000000e+00
5.192010100000000250e+01 5.122108250000000140e+01 5.045822400000000130e+01 7.918951000000000000e+08 0.000000000000000000e+00
5.155512199999999723e+01 5.173761149999999986e+01 5.133242899999999764e+01 9.274332000000000000e+08 0.000000000000000000e+00
4.761526099999999673e+01 4.958519149999999343e+01 5.036349466666666785e+01 8.134253000000000000e+08 1.000000000000000000e+00
5.205724000000000018e+01 4.983625049999999845e+01 5.040920766666666708e+01 6.405483000000000000e+08 0.000000000000000000e+00
4.700515000000000043e+01 4.953119499999999675e+01 4.889255033333333245e+01 6.978613000000000000e+08 1.000000000000000000e+00
4.995534099999999711e+01 4.848024549999999522e+01 4.967257699999999687e+01 5.302840000000000000e+08 0.000000000000000000e+00
4.856781399999999849e+01 4.926157750000000135e+01 4.850943499999999631e+01 8.233515000000000000e+08 1.000000000000000000e+00
5.379761100000000340e+01 5.118271250000000094e+01 5.077358866666666160e+01 6.473512000000000000e+08 1.000000000000000000e+00
5.453794500000000056e+01 5.416777799999999843e+01 5.230112333333332941e+01 4.667298000000000000e+08 1.000000000000000000e+00
5.501157400000000308e+01 5.477475950000000182e+01 5.444904333333332858e+01 5.261963000000000000e+08 1.000000000000000000e+00
5.722731399999999979e+01 5.611944400000000144e+01 5.559227766666666781e+01 6.142117000000000000e+08 1.000000000000000000e+00
5.755203600000000108e+01 5.738967499999999688e+01 5.659697466666667509e+01 6.120341000000000000e+08 1.000000000000000000e+00
5.974846999999999753e+01 5.865025299999999930e+01 5.817593999999999710e+01 5.132565000000000000e+08 1.000000000000000000e+00
6.216187999999999647e+01 6.095517499999999700e+01 5.982079533333332932e+01 4.932838000000000000e+08 0.000000000000000000e+00
6.151766599999999841e+01 6.183977299999999389e+01 6.114267199999999747e+01 4.407015000000000000e+08 1.000000000000000000e+00
6.370921299999999832e+01 6.261343949999999836e+01 6.246291966666666440e+01 4.891697000000000000e+08 1.000000000000000000e+00
6.622430400000000361e+01 6.496675849999999741e+01 6.381706100000000248e+01 4.330659000000000000e+08 1.000000000000000000e+00
6.755924199999999757e+01 6.689177300000000059e+01 6.583091966666665940e+01 5.172185000000000000e+08 0.000000000000000000e+00
6.706115699999999435e+01 6.731019949999999596e+01 6.694823433333333185e+01 6.295848000000000000e+08 1.000000000000000000e+00
7.072894300000000101e+01 6.889504999999999768e+01 6.844978066666665484e+01 4.698512000000000000e+08 1.000000000000000000e+00
7.274281299999999817e+01 7.173587799999999959e+01 7.017763766666666925e+01 4.440412000000000000e+08 1.000000000000000000e+00
7.285653700000000299e+01 7.279967500000000769e+01 7.210943100000000072e+01 3.759839000000000000e+08 1.000000000000000000e+00
8.135598000000000241e+01 7.710625849999999559e+01 7.565177666666666312e+01 4.499500000000000000e+08 1.000000000000000000e+00
8.232426499999999692e+01 8.184012250000000677e+01 7.884559399999999130e+01 4.219260000000000000e+08 1.000000000000000000e+00
8.408438900000000160e+01 8.320432700000000636e+01 8.258821133333333364e+01 4.662033000000000000e+08 1.000000000000000000e+00
9.339324200000000076e+01 8.873881550000000118e+01 8.660063200000000450e+01 5.742398000000000000e+08 0.000000000000000000e+00
9.217433900000000335e+01 9.278379050000000916e+01 8.988398999999999717e+01 7.256633000000000000e+08 0.000000000000000000e+00
9.013832899999999881e+01 9.115633400000000108e+01 9.190197000000000571e+01 7.507548000000000000e+08 1.000000000000000000e+00
9.236042799999999886e+01 9.124937850000000594e+01 9.155769866666666701e+01 6.681307000000000000e+08 1.000000000000000000e+00
9.761446399999999812e+01 9.498744600000000560e+01 9.337107366666667474e+01 5.038400000000000000e+08 1.000000000000000000e+00
9.780943299999999851e+01 9.771194850000000542e+01 9.592810833333334131e+01 6.019410000000000000e+08 1.000000000000000000e+00
1.052187880000000035e+02 1.015141105000000010e+02 1.002142283333333381e+02 5.693523000000000000e+08 1.000000000000000000e+00
1.114180530000000005e+02 1.083184205000000020e+02 1.048154246666666722e+02 4.566113000000000000e+08 1.000000000000000000e+00
