1993-02-01,8.000000,8.281250,7.656250,8.281250,3.673820,58011600
1993-03-01,8.187500,9.812500,8.000000,9.593750,4.256087,48999600
1993-04-01,9.468750,9.812500,8.156250,9.687500,4.297677,24175200
1993-05-01,9.500000,9.500000,8.437500,8.593750,3.812457,13800000
1993-06-01,8.593750,9.750000,8.187500,9.375000,4.207651,26317600
1993-07-01,9.375000,9.812500,8.656250,9.312500,4.179602,100472400
1993-08-01,9.281250,10.062500,9.125000,9.718750,4.361927,66206000
1993-09-01,9.625000,11.500000,9.375000,11.000000,4.987971,74820000
1993-10-01,10.937500,11.625000,9.843750,10.281250,4.662054,56697600
1993-11-01,10.250000,10.250000,8.750000,9.500000,4.307794,50953600
1993-12-01,9.562500,9.843750,8.656250,8.656250,3.967514,40874400
1994-01-01,8.687500,9.937500,8.562500,9.593750,4.397209,50306400
1994-02-01,9.625000,9.718750,8.468750,9.000000,4.125067,51058800
1994-03-01,9.000000,9.250000,7.906250,8.156250,3.793007,53925200
1994-04-01,7.906250,9.562500,7.875000,9.406250,4.374309,43671200
1994-05-01,9.406250,10.218750,9.281250,9.750000,4.534168,35054800
1994-06-01,9.718750,10.250000,8.843750,9.375000,4.471613,33462400
1994-07-01,9.500000,10.218750,9.000000,10.031250,4.784625,29660400
1994-08-01,10.031250,10.781250,9.781250,10.656250,5.082734,32022000
1994-09-01,10.593750,10.687500,9.406250,9.406250,4.543221,29034800
1994-10-01,9.437500,9.906250,8.656250,9.656250,4.663972,44293200
1994-11-01,9.625000,9.656250,8.375000,8.750000,4.226252,27305600
1994-12-01,8.750000,8.875000,7.906250,8.468750,4.150883,33439600
1995-01-01,8.468750,9.562500,8.375000,9.343750,4.579754,52341200
1995-02-01,9.375000,10.406250,9.312500,10.031250,4.916727,50907200
1995-03-01,10.031250,10.843750,9.781250,10.187500,5.056027,51526000
1995-04-01,10.187500,11.250000,10.000000,10.593750,5.257648,28441200
1995-05-01,10.625000,12.031250,10.625000,11.875000,5.893528,41436000
1995-06-01,11.812500,12.187500,11.312500,11.750000,5.910294,33290800
1995-07-01,11.718750,12.718750,11.593750,12.625000,6.350423,30278400
1995-08-01,12.656250,12.812500,11.843750,12.812500,6.444736,25605600
1995-09-01,13.062500,14.562500,12.984375,14.062500,7.190257,49972400
1995-10-01,14.000000,14.031250,12.218750,12.437500,6.359382,47682800
1995-11-01,12.468750,13.187500,12.281250,12.750000,6.519166,28928400
1995-12-01,12.718750,13.125000,11.625000,11.750000,6.085168,54648800
1996-01-01,11.687500,13.531250,11.250000,13.531250,7.007655,63748400
1996-02-01,13.500000,14.312500,12.968750,13.437500,6.959102,38933600
1996-03-01,13.406250,14.500000,12.593750,14.312500,7.533337,42178400
1996-04-01,14.343750,14.843750,12.781250,13.625000,7.171475,35897600
1996-05-01,13.625000,15.531250,13.312500,14.812500,7.796512,37522000
1996-06-01,14.781250,15.312500,13.687500,14.281250,7.656384,31283200
1996-07-01,14.312500,14.437500,12.062500,12.718750,6.818706,41924800
1996-08-01,12.718750,14.062500,12.500000,12.500000,6.701427,46279600
1996-09-01,12.468750,13.906250,12.406250,13.750000,7.501649,37716000
1996-10-01,13.781250,15.218750,13.781250,14.718750,8.030179,37215600
1996-11-01,14.843750,17.156250,14.781250,17.093750,9.325917,27875200
1996-12-01,17.031250,17.187500,15.968750,16.562500,9.274796,28420400
1997-01-01,16.593750,19.437500,16.375000,19.062500,10.674761,30465400
1997-02-01,19.187500,22.000000,18.937500,19.187500,10.744761,73207800
1997-03-01,19.187500,20.437500,17.312500,17.437500,9.833406,33993600
1997-04-01,17.437500,19.500000,17.062500,19.125000,10.785022,35692600
1997-05-01,19.062500,20.812500,18.937500,20.750000,11.701404,20186800
1997-06-01,20.875000,23.375000,20.437500,21.531250,12.227291,53917200
1997-07-01,21.875000,26.562500,21.812500,26.218750,14.889255,62899000
1997-08-01,26.250000,27.187500,23.937500,24.062500,13.749012,56038200
1997-09-01,24.125000,29.062500,24.093750,27.031250,15.445325,46297000
1997-10-01,27.062500,29.375000,22.000000,24.500000,13.998992,56550800
1997-11-01,25.468750,28.375000,23.875000,27.156250,15.592842,43425400
1997-12-01,27.437500,29.750000,25.812500,29.562500,16.974480,46185800
1998-01-01,29.250000,30.687500,26.500000,29.187500,16.759161,64063200
1998-02-01,29.718750,35.718750,29.687500,34.906250,20.185558,51763000
1998-03-01,34.843750,38.937500,34.343750,36.437500,21.071049,54848800
1998-04-01,36.312500,42.437500,36.250000,39.437500,22.805889,72232200
1998-05-01,39.375000,40.562500,36.781250,39.031250,22.681179,39962600
1998-06-01,39.062500,45.687500,37.500000,45.687500,26.549145,55128400
1998-07-01,45.000000,48.750000,43.125000,43.531250,25.296143,52888000
1998-08-01,43.406250,43.968750,28.437500,29.031250,16.942343,79702600
1998-09-01,29.156250,31.125000,20.750000,21.562500,12.583652,183488400
1998-10-01,20.656250,33.093750,18.250000,32.500000,18.966663,198653800
1998-11-01,32.375000,38.375000,28.750000,34.812500,20.493700,93659600
1998-12-01,33.500000,39.656250,31.156250,35.500000,20.898424,76843800
1999-01-01,35.406250,44.437500,35.406250,43.312500,25.497547,99592000
1999-02-01,43.187500,48.937500,42.125000,45.250000,26.794373,88745000
1999-03-01,44.875000,53.093750,44.781250,49.968750,29.588539,102453000
1999-04-01,49.875000,58.468750,47.781250,49.593750,29.366503,88725000
1999-05-01,48.906250,54.812500,44.281250,48.250000,28.691416,111348000
1999-06-01,47.750000,51.875000,41.875000,51.312500,30.512506,110666600
1999-07-01,49.937500,52.593750,45.062500,45.125000,26.833158,66572800
1999-08-01,45.500000,49.250000,40.500000,42.906250,25.634430,86806000
1999-09-01,43.531250,47.062500,42.000000,44.593750,26.642626,86338800
1999-10-01,44.656250,57.625000,43.281250,55.156250,32.953247,103423400
1999-11-01,55.000000,63.750000,53.843750,60.312500,36.218403,79492200
1999-12-01,59.750000,71.437500,59.625000,71.375000,42.861580,74803000
2000-01-01,68.625000,69.375000,58.625000,66.250000,39.783978,90297500
2000-02-01,65.625000,71.187500,60.125000,70.437500,42.567646,63990900
2000-03-01,71.875000,97.375000,71.500000,82.875000,50.084049,96506300
2000-04-01,83.437500,90.187500,64.750000,76.750000,46.382523,91956700
2000-05-01,76.500000,82.625000,62.375000,71.500000,43.310417,81575700
2000-06-01,72.000000,87.937500,70.125000,83.250000,50.427856,67563400
2000-07-01,83.750000,97.000000,83.500000,91.250000,55.273796,55496700
2000-08-01,92.125000,108.500000,90.437500,107.578102,65.318092,61403500
2000-09-01,107.562500,110.000000,85.500000,91.437500,55.518009,78678100
2000-10-01,90.125000,93.500000,68.250000,80.312500,48.763237,118919000
2000-11-01,77.625000,84.250000,60.625000,63.375000,38.563278,94156800
2000-12-01,63.250000,80.750000,61.625000,79.250000,48.223087,106375100
2001-01-01,78.250000,89.187500,69.000000,84.800003,51.600258,136549800
2001-02-01,85.050003,90.489998,63.500000,65.129997,39.741989,119104600
2001-03-01,62.500000,68.849998,49.700001,53.500000,32.645405,172595400
2001-04-01,53.150002,68.849998,44.099998,62.790001,38.314110,144320400
2001-05-01,62.000000,75.230003,60.770000,65.010002,39.854542,109171300
2001-06-01,64.800003,66.400002,55.820000,64.230003,39.376366,98334400
2001-07-01,64.050003,64.830002,55.369999,59.820000,36.672791,80901200
2001-08-01,60.500000,63.849998,50.099998,53.349998,32.824768,92439700
2001-09-01,53.770000,54.400002,35.750000,46.349998,28.517864,104867300
2001-10-01,45.500000,54.349998,45.150002,48.919998,30.099106,119185800
2001-11-01,48.950001,59.599998,48.060001,55.500000,34.315346,90346900
2001-12-01,53.549999,57.650002,51.349998,55.939999,34.587402,86601200
2002-01-01,55.919998,60.020000,50.200001,55.000000,34.006207,106193700
2002-02-01,54.119999,54.200001,45.900002,49.119999,30.491650,116867300
2002-03-01,49.200001,58.270000,48.500000,57.310001,35.575653,98788800
2002-04-01,57.060001,57.290001,46.549999,47.720001,29.622585,122271000
2002-05-01,47.500000,50.680000,43.919998,45.459999,28.358030,115530600
2002-06-01,45.400002,45.939999,39.799999,43.080002,26.873388,107100800
2002-07-01,43.590000,44.090000,33.500000,40.349998,25.170399,146020400
2002-08-01,39.770000,46.500000,36.310001,42.720001,26.797544,107538300
2002-09-01,41.619999,43.709999,32.700001,33.880001,21.252363,112682700
2002-10-01,34.020000,39.410000,28.799999,38.919998,24.413868,151581000
2002-11-01,38.599998,46.830002,37.950001,45.240002,28.561804,108333100
2002-12-01,46.000000,46.700001,39.389999,39.919998,25.203075,97055800
2003-01-01,40.160000,44.389999,36.750000,37.900002,23.927767,101396500
2003-02-01,37.910000,38.799999,34.320000,36.849998,23.389339,92408500
2003-03-01,37.250000,41.730000,32.459999,38.349998,24.341400,133061100
2003-04-01,38.680000,48.029999,38.400002,44.750000,28.403601,127882300
2003-05-01,44.750000,46.099998,41.779999,45.750000,29.196623,105023000
2003-06-01,46.549999,50.490002,42.680000,42.750000,27.282078,129789500
2003-07-01,42.639999,49.400002,42.419998,47.439999,30.275131,118608200
2003-08-01,47.189999,49.950001,44.779999,48.790001,31.288557,81762800
2003-09-01,48.790001,53.099998,47.810001,50.459999,32.359516,120396800
2003-10-01,50.799999,55.230000,50.720001,54.869999,35.187618,93330300
2003-11-01,55.169998,58.070000,52.540001,55.279999,35.602184,85832500
2003-12-01,55.529999,58.779999,54.400002,57.869999,37.270226,74578700
2004-01-01,57.889999,60.900002,56.750000,58.209999,37.489208,83420400
2004-02-01,58.070000,62.160000,55.919998,59.759998,38.689144,81538500
2004-03-01,60.750000,62.830002,55.689999,57.299999,37.096523,113844200
2004-04-01,57.480000,58.500000,51.070000,51.389999,33.270336,126777200
2004-05-01,51.500000,54.799999,50.220001,53.509998,34.796520,102956100
2004-06-01,53.669998,54.740002,50.520000,52.770000,34.315315,82495200
2004-07-01,52.650002,53.080002,46.919998,49.330002,32.078358,107081200
2004-08-01,48.700001,52.099998,46.540001,50.730000,33.184788,78685500
2004-09-01,50.770000,53.189999,48.049999,49.299999,32.249363,100543100
2004-10-01,49.450001,52.340000,47.270000,51.090000,33.420296,91058800
2004-11-01,51.299999,54.000000,50.430000,50.750000,33.366325,90566200
2004-12-01,51.000000,55.959999,51.000000,55.520000,36.502422,102079800
2005-01-01,55.970001,56.900002,53.529999,55.959999,36.791718,93525600
2005-02-01,56.450001,60.509998,56.150002,56.470001,37.308685,88314100
2005-03-01,56.470001,60.400002,53.580002,57.250000,37.824017,154288400
2005-04-01,57.480000,60.099998,49.770000,52.619999,34.765068,207843800
2005-05-01,50.299999,50.860001,47.660000,48.959999,32.507263,158369500
2005-06-01,49.200001,53.759998,48.610001,52.470001,34.837761,167708000
2005-07-01,52.750000,54.610001,52.419998,53.049999,35.222862,93451800
2005-08-01,53.160000,54.500000,50.180000,50.869999,33.946728,97778500
2005-09-01,50.869999,54.009998,50.610001,53.939999,35.995384,103545900
2005-10-01,53.930000,55.080002,50.730000,54.410000,36.309036,102029100
2005-11-01,54.099998,57.980000,51.900002,56.029999,37.581409,112677500
2005-12-01,56.400002,58.669998,55.889999,56.740002,38.057640,91064600
2006-01-01,57.169998,61.910000,56.740002,61.450001,41.216812,93261600
2006-02-01,61.099998,62.150002,59.209999,59.660000,40.199467,63383200
2006-03-01,59.700001,64.230003,58.410000,62.820000,42.328709,103760100
2006-04-01,62.820000,65.790001,62.450001,64.300003,43.325958,72187300
2006-05-01,64.650002,66.000000,57.580002,59.619999,40.342209,84910800
2006-06-01,59.349998,63.490002,54.520000,63.209999,42.771400,115983600
2006-07-01,63.389999,66.660004,60.180000,66.500000,44.997597,85767400
2006-08-01,66.000000,69.500000,63.799999,65.790001,44.705982,100760100
2006-09-01,66.150002,73.650002,65.260002,72.910004,49.544197,95916500
2006-10-01,72.250000,78.199997,72.250000,76.430000,51.936134,78895600
2006-11-01,76.599998,80.000000,73.300003,76.160004,51.939648,83709800
2006-12-01,76.300003,83.400002,74.510002,81.430000,55.533688,78998400
2007-01-01,81.930000,84.660004,79.599998,82.790001,56.461178,91958100
2007-02-01,83.459999,84.389999,73.040001,74.919998,51.264515,101179000
2007-03-01,72.669998,82.000000,70.300003,78.760002,53.892090,190208500
2007-04-01,78.699997,85.169998,77.260002,84.010002,57.484428,109550200
2007-05-01,84.309998,87.440002,82.510002,85.040001,58.385582,89771900
2007-06-01,85.139999,90.949997,82.730003,83.879997,57.589161,190019100
2007-07-01,70.940002,73.639999,61.500000,63.869999,43.850975,240312700
2007-08-01,62.939999,66.800003,54.900002,62.369999,51.783039,345192300
2007-09-01,62.540001,69.870003,60.500000,63.000000,52.306103,207491400
2007-10-01,62.599998,69.230003,60.000000,67.260002,55.842983,222344300
2007-11-01,65.019997,65.019997,47.560001,52.720001,43.942795,392256700
2007-12-01,51.790001,55.389999,47.250000,53.110001,44.267864,329729200
2008-01-01,52.980000,53.400002,42.570000,49.340000,41.125526,382160500
2008-02-01,49.040001,49.450001,40.759998,42.119999,35.313049,325832100
2008-03-01,42.150002,51.799999,33.560001,45.700001,38.314480,489216800
2008-04-01,48.029999,51.549999,42.490002,48.599998,40.745834,295489300
2008-05-01,48.860001,51.419998,41.119999,44.230000,37.293495,238358800
2008-06-01,44.200001,44.810001,35.720001,36.070000,30.413210,470457000
2008-07-01,35.500000,40.349998,29.600000,39.480000,33.288425,538883900
2008-08-01,39.669998,46.580002,36.200001,40.830002,34.683346,352754400
2008-09-01,41.959999,44.500000,11.700000,23.000000,19.537521,1353630300
2008-10-01,22.719999,26.730000,6.710000,17.469999,14.840024,1596904700
2008-11-01,17.879999,19.260000,8.800000,14.750000,12.685606,714062900
2008-12-01,13.930000,17.930000,10.850000,16.040001,13.795066,622291500
2009-01-01,16.010000,23.420000,13.100000,20.230000,17.398638,749151800
2009-02-01,19.600000,24.440001,18.110001,19.540001,17.037659,819625500
2009-03-01,18.860001,27.270000,16.120001,22.770000,19.854023,1269247700
2009-04-01,22.190001,27.350000,20.690001,23.639999,20.612598,1048608400
2009-05-01,23.740000,30.350000,23.690001,30.320000,26.499460,821979100
2009-06-01,30.670000,31.990000,26.129999,28.510000,24.917532,620787100
2009-07-01,28.580000,29.330000,24.850000,28.500000,24.908794,520044000
2009-08-01,28.930000,32.000000,28.100000,28.959999,25.357052,367115200
2009-09-01,28.830000,33.330002,27.010000,30.879999,27.038191,457542200
2009-10-01,30.670000,35.779999,28.750000,32.119999,28.123915,453506300
2009-11-01,32.130001,34.549999,29.990000,31.580000,27.691683,277394600
2009-12-01,31.770000,31.969999,28.809999,29.600000,25.955486,266866000
2010-01-01,30.700001,33.270000,26.650000,26.780001,23.482689,455657800
2010-02-01,26.950001,28.430000,26.150000,28.180000,24.755604,341901000
2010-03-01,28.299999,30.790001,28.110001,29.290001,25.730724,387032700
2010-04-01,29.459999,32.290001,28.670000,30.219999,26.547710,484398200
2010-05-01,30.250000,30.600000,24.760000,27.110001,23.855484,480372700
2010-06-01,26.790001,27.389999,23.139999,23.209999,20.423679,368470200
2010-07-01,23.209999,27.889999,22.400000,26.990000,23.749889,357025800
2010-08-01,27.430000,28.049999,24.240000,24.690001,21.766312,228157600
2010-09-01,25.049999,27.799999,24.180000,24.680000,21.757496,298774100
2010-10-01,24.930000,26.230000,23.950001,24.870001,21.924997,338001300
2010-11-01,24.950001,27.360001,24.370001,24.459999,21.608206,321001100
2010-12-01,24.820000,27.770000,24.730000,27.209999,24.037584,248603200
2011-01-01,27.629999,30.250000,27.480000,29.400000,25.972254,345080600
2011-02-01,29.540001,31.040001,28.870001,29.680000,26.264877,205727800
2011-03-01,29.690001,29.780001,26.700001,27.320000,24.176432,262159700
2011-04-01,27.400000,28.240000,25.320000,26.150000,23.141058,250474600
2011-05-01,26.280001,26.490000,23.330000,24.160000,21.421471,248611200
2011-06-01,24.020000,24.049999,21.760000,23.010000,20.401827,374008300
2011-07-01,23.080000,24.459999,20.180000,22.250000,19.727970,434624700
2011-08-01,22.750000,22.860001,15.210000,17.500000,15.549436,706456800
2011-09-01,17.500000,17.549999,12.490000,13.510000,12.004165,620746500
2011-10-01,13.540000,19.670000,11.580000,17.639999,15.673830,890744800
2011-11-01,16.139999,17.750000,12.860000,14.790000,13.181098,709168300
2011-12-01,14.560000,17.500000,14.030000,15.130000,13.484114,646755700
2012-01-01,15.760000,18.879999,15.430000,18.650000,16.621202,518774900
2012-02-01,19.190001,20.700001,18.200001,18.540001,16.568687,474076600
2012-03-01,18.740000,21.190001,17.240000,19.639999,17.551727,602498500
2012-04-01,19.639999,20.049999,16.629999,17.280001,15.442656,531176000
2012-05-01,17.230000,17.680000,12.810000,13.360000,11.974393,699975400
2012-06-01,12.970000,14.610000,12.260000,14.590000,13.076825,602625100
2012-07-01,14.610000,15.210000,12.290000,13.660000,12.243279,515490500
2012-08-01,13.730000,15.340000,12.980000,15.000000,13.496213,388590100
2012-09-01,15.290000,18.500000,15.130000,16.740000,15.061773,510560900
2012-10-01,16.940001,18.570000,16.730000,17.379999,15.637609,441619400
2012-11-01,17.410000,18.240000,15.950000,16.870001,15.268214,383097100
2012-12-01,17.010000,19.450001,16.350000,19.120001,17.304577,345139100
2013-01-01,20.160000,23.030001,19.320000,22.850000,20.680414,553471400
2013-02-01,23.040001,24.469999,21.780001,22.549999,20.408895,378248600
2013-03-01,22.389999,23.660000,21.780001,21.980000,19.936642,374171500
2013-04-01,21.990000,22.629999,20.160000,22.150000,20.090839,469632500
2013-05-01,22.110001,26.420000,21.540001,25.900000,23.547165,366420400
2013-06-01,26.059999,27.170000,23.920000,24.430000,22.210701,436196100
2013-07-01,24.639999,27.980000,23.830000,27.209999,24.738159,365586700
2013-08-01,27.570000,28.020000,25.250000,25.760000,23.462234,225055100
2013-09-01,26.219999,29.500000,25.950001,26.950001,24.546091,288068100
2013-10-01,26.950001,29.969999,26.410000,28.730000,26.167315,313420500
2013-11-01,28.889999,31.799999,28.690001,31.299999,28.557352,223654500
2013-12-01,31.520000,31.850000,30.040001,31.360001,28.612103,219393800
2014-01-01,31.330000,33.520000,29.280001,29.510000,26.924206,304437100
2014-02-01,29.510000,30.940001,28.780001,30.799999,28.147882,258909600
2014-03-01,30.240000,33.250000,29.930000,31.170000,28.486023,257790800
2014-04-01,31.370001,31.590000,28.309999,30.930000,28.266685,279056100
2014-05-01,30.910000,31.440001,29.020000,30.860001,28.295238,222254200
2014-06-01,30.860001,32.820000,30.400000,32.330002,29.643068,184062300
2014-07-01,32.410000,33.599998,31.200001,32.340000,29.652237,198337400
2014-08-01,32.180000,34.570000,31.120001,34.310001,31.553932,148841700
2014-09-01,34.419998,36.439999,33.820000,34.570000,31.793039,219722300
2014-10-01,34.369999,35.400002,31.350000,34.950001,32.142517,267758400
2014-11-01,35.049999,36.130001,34.430000,35.180000,32.448483,140829400
2014-12-01,35.020000,39.189999,34.560001,38.799999,35.787407,201217400
2015-01-01,39.049999,39.150002,33.730000,33.810001,31.184853,265896600
2015-02-01,33.959999,37.200001,33.720001,35.790001,33.106636,182906800
2015-03-01,35.639999,37.220001,34.779999,35.689999,33.014130,223417700
2015-04-01,35.720001,37.700001,35.360001,37.310001,34.512684,191968300
2015-05-01,37.500000,38.849998,36.759998,38.200001,35.479588,166175100
2015-06-01,38.419998,40.259998,38.160000,38.790001,36.027573,178170600
2015-07-01,39.459999,41.040001,37.650002,38.840000,36.074009,199035300
2015-08-01,38.959999,39.349998,30.400000,34.450001,32.119396,260864100
2015-09-01,33.419998,35.049999,30.469999,31.500000,29.368963,263168300
2015-10-01,31.420000,34.080002,30.150000,32.970001,30.739519,334152300
2015-11-01,33.099998,35.740002,33.020000,34.299999,32.129070,199489100
2015-12-01,34.599998,35.580002,31.190001,31.809999,29.796669,251203200
2016-01-01,30.700001,31.700001,24.670000,25.879999,24.241995,377710300
2016-02-01,25.780001,25.930000,21.160000,24.700001,23.273634,379115600
2016-03-01,25.090000,26.610001,24.120001,25.010000,23.565733,354499300
2016-04-01,24.889999,27.879999,23.510000,27.059999,25.497349,338378400
2016-05-01,27.100000,28.290001,25.850000,27.370001,25.930634,271604500
2016-06-01,27.110001,27.570000,23.110001,25.980000,24.613733,359617000
2016-07-01,25.770000,29.370001,24.570000,28.730000,27.219109,298306700
2016-08-01,28.840000,32.310001,27.790001,32.060001,30.583250,258584700
2016-09-01,32.139999,32.439999,30.620001,32.060001,30.583250,243000500
2016-10-01,32.020000,34.029999,30.959999,33.570000,32.023697,225354400
2016-11-01,33.680000,41.639999,32.560001,41.360001,39.691193,303618600
2016-12-01,41.759998,44.040001,41.139999,42.250000,40.545288,237718500
2017-01-01,43.090000,44.599998,41.770000,42.490002,40.775608,223761100
2017-02-01,43.299999,46.820000,41.830002,45.669998,44.027325,209200400
2017-03-01,46.950001,47.330002,40.060001,42.840000,41.299114,277900200
2017-04-01,42.810001,44.860001,40.500000,43.369999,41.810055,221136000
2017-05-01,43.759998,44.060001,40.430000,41.740002,40.420879,187540000
2017-06-01,41.980000,45.980000,41.750000,44.560001,43.151764,214474400
2017-07-01,45.000000,48.040001,44.320000,46.900002,45.417809,177146600
2017-08-01,47.250000,48.900002,44.340000,45.500000,44.296627,177179500
2017-09-01,45.590000,48.490002,43.840000,48.169998,46.896008,157535900
2017-10-01,48.110001,51.520000,47.700001,50.000000,48.677612,181652600
2017-11-01,50.220001,52.580002,47.419998,48.599998,47.546982,211068400
2017-12-01,51.880001,54.250000,50.720001,52.470001,51.333134,156160300
2018-01-01,52.759998,58.049999,51.919998,56.549999,55.324726,196957700
2018-02-01,56.500000,57.820000,50.020000,56.020000,55.045750,193827500
2018-03-01,55.889999,59.380001,51.970001,53.959999,53.021576,204954800
2018-04-01,53.830002,55.389999,51.580002,51.619999,50.722271,222555100
2018-05-01,51.389999,55.639999,49.509998,50.139999,49.505108,196158700
2018-06-01,50.930000,52.720001,47.110001,47.400002,46.799805,207963800
2018-07-01,46.959999,51.529999,46.279999,50.560001,49.919788,187428300
2018-08-01,50.939999,51.180000,47.020000,48.830002,48.496693,188260100
2018-09-01,48.860001,50.369999,46.400002,46.570000,46.252117,172174900
