1989-11-01,16.625000,17.312500,16.437500,16.875000,2.272410,12577400
1989-12-01,16.875000,18.375000,16.750000,18.187500,2.534121,9035800
1990-01-01,18.250000,18.250000,16.500000,17.000000,2.368663,15612000
1990-02-01,16.937500,17.250000,16.125000,16.437500,2.290288,9279800
1990-03-01,16.375000,16.750000,15.875000,16.062500,2.316880,7531800
1990-04-01,16.062500,16.312500,14.750000,14.875000,2.145595,5654400
1990-05-01,14.937500,16.250000,14.875000,15.812500,2.280821,8965200
1990-06-01,15.875000,16.187500,15.062500,15.312500,2.292922,8777800
1990-07-01,15.312500,15.625000,14.625000,15.312500,2.292922,10906600
1990-08-01,15.375000,15.562500,13.250000,13.625000,2.040233,9600200
1990-09-01,13.562500,13.875000,13.062500,13.812500,2.160165,6339800
1990-10-01,13.875000,14.875000,13.562500,14.000000,2.189489,11642200
1990-11-01,14.000000,14.375000,13.500000,13.875000,2.169939,17054400
1990-12-01,13.625000,15.000000,13.500000,14.500000,2.267684,16728200
1991-01-01,14.625000,14.687500,14.062500,14.375000,2.347977,11916400
1991-02-01,14.375000,15.750000,14.312500,14.875000,2.429646,22779000
1991-03-01,14.812500,15.187500,14.437500,15.125000,2.569066,13337200
1991-04-01,15.125000,15.375000,14.875000,15.125000,2.569066,15080600
1991-05-01,15.125000,15.937500,14.937500,15.250000,2.590298,15459200
1991-06-01,15.187500,15.312500,14.812500,15.187500,2.681847,9657600
1991-07-01,15.250000,16.000000,15.000000,15.937500,2.814285,9306400
1991-08-01,15.937500,17.000000,15.875000,16.375000,2.891540,14722400
1991-09-01,16.312500,16.812500,16.125000,16.812500,3.078667,10838800
1991-10-01,16.812500,17.375000,16.437500,17.312500,3.170223,10544200
1991-11-01,17.250000,17.625000,17.062500,17.312500,3.170223,12459600
1991-12-01,17.250000,18.625000,17.125000,18.500000,3.507950,12977200
1992-01-01,18.500000,18.500000,17.000000,17.187500,3.259074,12870200
1992-02-01,17.250000,17.500000,16.437500,16.875000,3.199818,13629200
1992-03-01,16.875000,16.875000,16.437500,16.687500,3.279590,11936000
1992-04-01,16.562500,17.437500,16.000000,17.375000,3.414704,10569600
1992-05-01,17.375000,18.000000,17.062500,17.437500,3.426988,10249400
1992-06-01,17.500000,17.562500,16.937500,17.437500,3.548951,9928400
1992-07-01,17.437500,19.062500,17.437500,19.000000,3.866956,15528400
1992-08-01,18.937500,19.187500,17.750000,18.000000,3.663434,21809800
1992-09-01,17.937500,18.250000,17.687500,18.187500,3.823962,14748400
1992-10-01,18.187500,18.375000,17.562500,18.250000,3.837103,10145200
1992-11-01,18.250000,18.250000,17.375000,17.500000,3.679412,13261400
1992-12-01,17.437500,18.687500,17.250000,18.125000,3.944017,9856200
1993-01-01,18.187500,18.750000,18.062500,18.687500,4.066417,11118600
1993-02-01,18.687500,19.812500,18.562500,19.375000,4.216019,12289400
1993-03-01,19.312500,19.437500,18.375000,18.500000,4.153498,14284800
1993-04-01,18.562500,19.250000,18.312500,18.687500,4.195594,11547600
1993-05-01,18.687500,19.312500,18.250000,18.750000,4.209624,12959200
1993-06-01,18.750000,19.125000,18.562500,19.062500,4.426651,9238200
1993-07-01,19.062500,19.625000,18.812500,19.562500,4.542760,9295800
1993-08-01,19.625000,20.062500,19.125000,19.687500,4.571788,15624200
1993-09-01,19.625000,20.500000,19.625000,19.687500,4.719477,11476000
1993-10-01,19.687500,20.187500,19.375000,19.750000,4.734457,10911000
1993-11-01,19.687500,19.875000,17.750000,18.562500,4.449791,57115800
1993-12-01,18.625000,19.937500,18.500000,19.562500,4.851555,8408800
1994-01-01,19.562500,19.562500,17.625000,18.437500,4.572554,13459800
1994-02-01,18.312500,18.375000,16.375000,16.937500,4.200550,20456200
1994-03-01,16.875000,17.625000,16.187500,16.562500,4.261263,17537400
1994-04-01,16.375000,17.875000,16.312500,17.687500,4.550706,12586800
1994-05-01,17.562500,17.750000,13.437500,15.875000,4.084380,41229800
1994-06-01,15.812500,15.937500,14.375000,14.875000,3.934578,22155000
1994-07-01,15.125000,15.875000,15.000000,15.812500,4.182554,12307400
1994-08-01,15.812500,16.250000,15.375000,15.687500,4.149493,16033800
1994-09-01,15.687500,16.250000,14.937500,16.187500,4.398105,15130400
1994-10-01,16.187500,16.750000,15.500000,16.562500,4.499992,11969400
1994-11-01,16.500000,17.812500,16.187500,17.687500,4.805652,22792400
1994-12-01,17.625000,17.875000,17.187500,17.562500,4.895361,21006000
1995-01-01,17.437500,18.437500,17.187500,18.312500,5.104416,16601800
1995-02-01,18.375000,18.625000,17.812500,17.937500,4.999887,14265400
1995-03-01,17.937500,18.187500,17.000000,18.187500,5.193513,18751600
1995-04-01,18.187500,18.812500,18.062500,18.375000,5.247054,13106600
1995-05-01,18.375000,19.625000,18.125000,19.625000,5.603998,18495400
1995-06-01,19.312500,19.625000,18.500000,19.312500,5.650056,17367000
1995-07-01,19.187500,19.312500,18.500000,19.125000,5.595201,12571400
1995-08-01,19.062500,19.687500,19.000000,19.437500,5.686626,13912400
1995-09-01,19.437500,20.562500,19.250000,20.437500,6.117215,14966600
1995-10-01,20.375000,21.375000,20.125000,20.937500,6.266872,13865400
1995-11-01,21.000000,21.875000,20.750000,21.687500,6.491357,11850600
1995-12-01,21.625000,23.250000,21.562500,23.187500,7.086195,12920400
1996-01-01,23.062500,23.500000,22.500000,23.187500,7.086195,15824200
1996-02-01,23.125000,24.062500,22.250000,22.312500,6.818793,14293400
1996-03-01,22.562500,22.937500,21.062500,22.625000,7.053469,17894600
1996-04-01,22.625000,22.750000,20.750000,21.562500,6.722232,12829600
1996-05-01,21.500000,22.250000,20.812500,21.375000,6.663778,13899000
1996-06-01,21.312500,23.125000,21.062500,23.000000,7.323953,13056600
1996-07-01,23.000000,23.250000,22.062500,22.687500,7.224442,16655200
1996-08-01,22.687500,23.312500,22.125000,22.125000,7.045322,18907600
1996-09-01,22.000000,22.312500,21.312500,21.625000,7.025865,13110000
1996-10-01,21.625000,23.187500,21.562500,22.937500,7.452291,17832400
1996-11-01,23.062500,24.062500,22.750000,23.062500,7.492903,21235200
1996-12-01,23.000000,23.187500,21.562500,23.000000,7.623841,13902200
1997-01-01,23.000000,23.375000,22.125000,22.125000,7.333806,16369200
1997-02-01,22.125000,23.250000,21.875000,22.750000,7.540974,19601000
1997-03-01,22.562500,23.000000,21.812500,22.062500,7.468527,12964200
1997-04-01,22.000000,22.312500,21.312500,22.312500,7.553159,14536600
1997-05-01,22.312500,23.562500,22.187500,23.187500,7.849358,16596400
1997-06-01,23.250000,24.062500,22.562500,23.031250,7.961271,20364400
1997-07-01,23.062500,24.031250,22.750000,23.937500,8.274536,16192600
1997-08-01,23.875000,24.062500,22.937500,23.156250,8.004480,14592800
1997-09-01,23.187500,25.781250,23.156250,25.656250,9.051847,16938400
1997-10-01,25.562500,26.500000,24.750000,25.843750,9.117996,22707200
1997-11-01,25.875000,28.093750,25.812500,27.968750,9.867727,18019400
1997-12-01,27.843750,30.000000,27.312500,29.593750,10.625245,17108400
1998-01-01,29.625000,29.750000,28.031250,28.687500,10.299870,24854000
1998-02-01,28.437500,29.875000,28.437500,29.031250,10.423295,17569400
1998-03-01,28.937500,32.593750,28.812500,32.125000,11.734000,17493800
1998-04-01,32.093750,32.125000,29.812500,31.031250,11.334494,16652200
1998-05-01,31.218750,31.218750,29.343750,30.718750,11.220352,11538000
1998-06-01,30.656250,32.812500,30.593750,31.500000,11.702392,13741000
1998-07-01,31.531250,31.843750,30.375000,30.406250,11.296056,13842400
1998-08-01,30.531250,34.031250,29.843750,33.281250,12.364137,20346600
1998-09-01,33.062500,35.000000,31.625000,34.843750,13.151106,25169600
1998-10-01,34.750000,36.281250,30.250000,31.281250,11.806509,45356000
1998-11-01,31.625000,32.375000,30.375000,30.625000,11.558815,22974600
1998-12-01,30.687500,32.468750,30.312500,30.812500,11.817351,17372400
1999-01-01,30.687500,30.968750,27.250000,27.437500,10.522953,26526600
1999-02-01,27.437500,27.718750,25.156250,25.718750,9.863770,32433400
1999-03-01,25.781250,29.062500,25.062500,26.625000,10.416221,27696800
1999-04-01,26.625000,28.781250,26.437500,28.187500,11.027496,15979600
1999-05-01,28.218750,30.250000,27.593750,29.093750,11.382044,15349200
1999-06-01,29.125000,29.343750,27.312500,27.312500,10.876086,19599800
1999-07-01,27.250000,28.187500,26.531250,26.968750,10.739197,14728600
1999-08-01,26.843750,28.343750,26.375000,27.000000,10.751640,14393600
1999-09-01,27.000000,27.656250,24.562500,25.187500,10.220985,15663200
1999-10-01,25.187500,26.250000,23.781250,25.156250,10.208309,17611800
1999-11-01,25.093750,25.312500,20.906250,21.875000,8.876790,26738200
1999-12-01,21.750000,22.562500,20.562500,21.406250,8.893250,25559800
2000-01-01,21.187500,22.593750,20.500000,21.093750,8.763425,23945600
2000-02-01,20.906250,21.593750,18.187500,19.312500,8.023400,29236600
2000-03-01,19.312500,24.125000,18.843750,23.031250,9.828042,44710400
2000-04-01,22.968750,24.031250,20.906250,22.625000,9.654678,29689400
2000-05-01,23.000000,25.000000,22.375000,24.843750,10.601480,32195000
2000-06-01,24.750000,25.406250,23.531250,24.750000,10.803929,32826000
2000-07-01,24.625000,27.406250,23.562500,24.125000,10.531107,31095200
2000-08-01,24.375000,27.593750,24.250000,26.687500,11.649693,51407400
2000-09-01,26.812500,33.562500,26.718750,32.882801,14.644625,41697600
2000-10-01,32.906250,34.718750,29.687500,33.000000,14.696818,42714200
2000-11-01,33.000000,33.937500,31.375000,33.125000,14.752490,28758600
2000-12-01,33.000000,36.500000,31.062500,35.875000,16.238747,28311200
2001-01-01,35.437500,35.812500,27.406250,29.000000,13.126784,44064600
2001-02-01,29.075001,33.049999,28.100000,32.525002,14.722366,34998200
2001-03-01,32.625000,33.075001,27.924999,30.650000,14.118619,43433800
2001-04-01,30.625000,31.575001,28.715000,29.950001,13.796179,33930000
2001-05-01,29.975000,30.075001,27.275000,29.125000,13.416148,49045400
2001-06-01,29.400000,30.700001,28.730000,30.105000,14.140871,31943200
2001-07-01,30.025000,30.250000,26.344999,27.000000,12.682397,37030800
2001-08-01,27.004999,27.985001,26.424999,27.174999,12.764601,32005200
2001-09-01,27.225000,28.290001,25.605000,26.775000,12.834700,28934800
2001-10-01,26.680000,27.620001,25.545000,26.549999,12.726840,22997800
2001-11-01,26.650000,28.360001,26.450001,27.700001,13.278093,26707400
2001-12-01,27.700001,28.639999,26.525000,28.200001,13.796497,23975000
2002-01-01,28.125000,28.625000,25.980000,26.805000,13.114007,36482200
2002-02-01,26.684999,27.190001,25.565001,26.555000,12.991693,26009000
2002-03-01,26.674999,30.049999,26.549999,29.775000,14.893694,35733600
2002-04-01,29.750000,31.879999,29.405001,31.745001,15.879102,32332000
2002-05-01,31.745001,32.654999,30.400000,31.495001,15.754051,31152400
2002-06-01,30.450001,30.725000,28.150000,29.995001,15.003739,61293800
2002-07-01,30.000000,30.040001,22.500000,28.325001,14.447715,57458200
2002-08-01,28.125000,29.900000,26.815001,28.540001,14.557373,46920600
2002-09-01,28.250000,28.299999,24.924999,26.900000,14.000783,60553600
2002-10-01,27.100000,30.000000,24.174999,29.490000,15.348814,69763000
2002-11-01,29.500000,30.700001,27.330000,29.400000,15.301971,41908600
2002-12-01,29.400000,30.254999,28.360001,30.065001,15.958485,32390800
2003-01-01,30.145000,31.885000,28.410000,29.195000,15.496678,45660000
2003-02-01,29.174999,29.450001,26.775000,28.004999,14.865031,37951400
2003-03-01,28.094999,29.844999,28.094999,29.465000,15.968628,32547800
2003-04-01,29.424999,30.695000,28.870001,30.434999,16.494324,44779800
2003-05-01,30.325001,33.549999,29.705000,33.235001,18.011789,49528200
2003-06-01,33.334999,34.040001,32.325001,33.424999,18.114759,37306600
2003-07-01,33.424999,33.830002,30.725000,30.834999,17.012081,41131400
2003-08-01,30.850000,31.674999,30.004999,30.930000,17.064486,31070200
2003-09-01,30.934999,31.740000,30.500000,31.600000,17.772936,44349600
2003-10-01,31.600000,32.514999,31.325001,31.870001,17.924791,43035800
2003-11-01,31.825001,32.720001,31.360001,31.775000,17.871361,28277200
2003-12-01,31.950001,32.990002,31.500000,32.709999,18.749617,33418400
2004-01-01,32.709999,33.470001,31.670000,32.875000,18.844196,41282600
2004-02-01,32.900002,33.349998,31.885000,32.825001,18.815538,37548400
2004-03-01,32.875000,34.404999,32.560001,33.424999,19.523499,39873800
2004-04-01,33.360001,33.625000,31.385000,31.809999,18.580187,38914000
2004-05-01,31.850000,32.185001,30.100000,31.875000,18.618149,31482600
2004-06-01,32.125000,32.375000,31.260000,31.975000,18.676567,30520800
2004-07-01,32.000000,33.810001,31.205000,33.665001,20.049740,36743400
2004-08-01,33.580002,34.634998,33.485001,34.599998,20.606596,32501600
2004-09-01,34.599998,34.924999,33.549999,34.160000,20.756714,35634800
2004-10-01,34.224998,34.869999,33.665001,34.450001,20.932926,29411200
2004-11-01,34.485001,36.660000,33.950001,35.165001,21.367380,32559000
2004-12-01,35.290001,38.049999,34.700001,37.375000,23.139881,45647400
2005-01-01,37.500000,38.424999,35.900002,38.320000,23.724960,35602000
2005-02-01,38.320000,40.095001,38.150002,39.674999,24.563871,35641000
2005-03-01,39.674999,41.375000,38.700001,40.150002,24.857962,45975200
2005-04-01,40.599998,41.970001,39.759998,40.820000,25.726698,35247800
2005-05-01,40.820000,41.299999,39.250000,40.650002,25.619562,32740200
2005-06-01,40.410000,42.720001,40.299999,42.060001,26.508200,26864400
2005-07-01,42.240002,44.590000,41.830002,43.119999,27.415686,24057200
2005-08-01,43.209999,43.950001,40.299999,43.090000,27.396608,33879900
2005-09-01,43.150002,48.110001,43.090000,47.599998,30.513668,36249100
2005-10-01,47.450001,48.049999,41.709999,43.060001,27.603321,38461600
2005-11-01,42.549999,43.549999,40.759998,42.389999,27.173832,39139200
2005-12-01,42.599998,44.000000,40.750000,41.560001,26.863703,53430700
2006-01-01,41.860001,43.419998,40.590000,41.790001,27.012362,42454300
2006-02-01,41.770000,42.500000,39.750000,41.930000,27.102859,41762900
2006-03-01,41.930000,41.959999,38.849998,40.139999,25.945826,65729300
2006-04-01,40.139999,40.959999,38.320000,39.599998,25.831091,59942700
2006-05-01,39.529999,40.279999,37.810001,39.830002,25.981133,70258000
2006-06-01,39.650002,41.970001,39.480000,41.380001,26.992199,67368600
2006-07-01,41.380001,43.599998,40.590000,43.139999,28.399246,41727700
2006-08-01,43.099998,44.540001,42.900002,44.450001,29.261612,45720500
2006-09-01,44.650002,45.869999,43.689999,45.000000,29.878334,40508100
2006-10-01,45.130001,51.259998,44.970001,51.000000,33.862114,68351600
2006-11-01,51.200001,53.459999,50.759998,53.299999,35.389221,57757300
2006-12-01,53.630001,55.570000,53.040001,54.419998,36.391663,35266500
2007-01-01,54.419998,56.869999,53.720001,56.650002,37.882908,40035000
2007-02-01,56.750000,63.070000,56.669998,59.099998,39.521267,37766300
2007-03-01,58.180000,62.349998,56.500000,61.169998,41.190563,54336800
2007-04-01,61.529999,65.760002,60.340000,64.370003,43.345356,52487200
2007-05-01,64.449997,66.519997,61.810001,63.930000,43.049072,42974500
2007-06-01,63.880001,64.129997,56.180000,56.740002,38.207489,68240600
2007-07-01,57.270000,60.630001,54.610001,57.730000,39.135715,57213200
2007-08-01,57.799999,64.199997,56.630001,58.840000,39.888199,64097000
2007-09-01,58.939999,63.490002,58.230000,60.880001,41.568787,31766100
2007-10-01,60.990002,68.480003,60.259998,68.419998,46.717075,40406700
2007-11-01,67.849998,70.139999,65.529999,69.760002,47.632023,49239300
2007-12-01,69.550003,72.769997,67.519997,67.779999,46.561066,44430700
2008-01-01,67.870003,73.750000,57.209999,64.349998,44.204853,74037500
2008-02-01,64.629997,67.339996,59.709999,60.290001,41.415855,39200700
2008-03-01,60.000000,63.950001,59.020000,62.740002,43.396656,52088900
2008-04-01,62.939999,68.139999,62.750000,66.290001,45.852165,31735700
2008-05-01,66.070000,68.980003,63.750000,67.519997,46.702915,37321200
2008-06-01,67.389999,68.160004,63.000000,65.580002,45.361050,43577000
2008-07-01,64.980003,68.760002,62.709999,64.529999,44.938652,54146400
2008-08-01,64.440002,64.940002,57.000000,60.060001,41.825756,45750200
2008-09-01,60.610001,60.810001,49.740002,50.299999,35.287029,73635700
2008-10-01,50.220001,51.060001,33.810001,47.240002,33.140343,125794000
2008-11-01,47.200001,49.730000,42.540001,48.759998,34.206661,64532500
2008-12-01,48.139999,51.869999,43.020000,50.330002,35.635998,58653100
2009-01-01,50.259998,53.310001,46.750000,51.549999,36.499813,56386800
2009-02-01,51.029999,53.990002,44.400002,45.330002,32.095757,58163400
2009-03-01,44.599998,52.250000,41.480000,50.730000,36.268246,61206600
2009-04-01,50.189999,54.750000,49.700001,53.790001,38.455902,53874400
2009-05-01,54.130001,58.500000,52.400002,56.529999,40.414806,55340900
2009-06-01,56.990002,59.000000,54.389999,56.860001,40.650738,56022700
2009-07-01,57.240002,60.610001,53.660000,56.669998,40.849464,51851200
2009-08-01,56.900002,58.500000,55.580002,56.180000,40.496265,41170100
2009-09-01,56.110001,56.540001,53.130001,55.230000,40.139481,60801300
2009-10-01,54.939999,55.279999,48.779999,49.099998,35.684372,80123400
2009-11-01,49.299999,52.650002,48.549999,51.970001,37.770226,48382500
2009-12-01,52.110001,56.570000,52.099998,52.820000,38.739910,47823800
2010-01-01,53.040001,53.750000,47.680000,48.759998,35.762177,86213100
2010-02-01,48.650002,49.590000,45.290001,46.369999,34.009266,74285200
2010-03-01,46.959999,48.720001,46.700001,48.330002,35.829594,61931900
2010-04-01,48.549999,52.220001,48.139999,52.049999,38.587437,66120900
2010-05-01,52.279999,53.500000,48.450001,49.930000,37.015774,71963900
2010-06-01,49.459999,52.990002,47.959999,48.759998,36.148380,48875200
2010-07-01,49.020000,54.000000,48.439999,52.299999,39.172981,33596400
2010-08-01,52.599998,55.250000,51.310001,53.730000,40.244057,38947200
2010-09-01,53.980000,55.980000,53.369999,54.389999,41.117088,37482900
2010-10-01,54.080002,56.259998,53.000000,55.040001,41.608467,41525100
2010-11-01,55.230000,55.230000,50.000000,50.619999,38.267086,37136400
2010-12-01,51.220001,52.490002,50.250000,51.990002,39.683681,43355400
2011-01-01,52.180000,54.730000,51.540001,53.459999,40.805721,40690300
2011-02-01,53.790001,55.549999,53.700001,55.470001,42.339939,31531600
2011-03-01,55.459999,55.860001,52.040001,55.119999,42.072784,45207800
2011-04-01,55.250000,57.000000,54.279999,56.570000,43.622803,35208700
2011-05-01,56.770000,58.980000,56.340000,57.950001,44.686970,35052400
2011-06-01,57.459999,57.500000,54.160000,57.459999,44.309120,37334400
2011-07-01,57.470001,58.250000,55.160000,55.250000,43.013165,30061900
2011-08-01,55.549999,56.820000,49.000000,56.720001,44.157570,71499200
2011-09-01,56.830002,57.040001,52.900002,54.020000,42.479454,53132600
2011-10-01,53.889999,58.090000,51.330002,56.400002,44.350990,42964400
2011-11-01,55.529999,57.669998,52.320000,55.439999,43.596092,47038000
2011-12-01,55.439999,61.200001,55.340000,60.880001,48.360161,42779000
2012-01-01,61.160000,61.160000,58.570000,59.849998,47.541981,50704600
2012-02-01,60.160000,61.000000,59.099998,59.509998,47.271896,52656900
2012-03-01,59.549999,61.209999,59.189999,61.080002,49.005196,33571000
2012-04-01,61.200001,64.849998,61.200001,64.349998,51.628750,39109200
2012-05-01,62.849998,66.000000,62.619999,65.339996,52.423038,54912400
2012-06-01,64.570000,68.959999,64.309998,68.809998,55.720058,34557000
2012-07-01,69.230003,71.860001,67.570000,70.900002,57.412487,30052900
2012-08-01,71.290001,72.220001,66.989998,67.309998,54.505417,31382400
2012-09-01,67.339996,70.480003,65.949997,70.330002,57.454990,42675200
2012-10-01,70.699997,72.209999,68.910004,70.059998,57.234390,34810000
2012-11-01,70.300003,70.300003,66.050003,68.709999,56.131538,33421900
2012-12-01,68.809998,71.190002,67.750000,69.190002,57.028187,33076200
2013-01-01,69.989998,72.870003,69.809998,72.050003,59.385479,33285900
2013-02-01,72.449997,73.500000,71.419998,71.870003,59.237125,51879200
2013-03-01,71.849998,77.790001,71.510002,77.680000,64.615952,42304200
2013-04-01,77.610001,82.650002,77.239998,82.029999,68.234413,34030400
2013-05-01,81.650002,82.199997,74.860001,75.620003,62.902420,36005800
2013-06-01,75.660004,81.779999,74.779999,81.480003,68.372879,44735700
2013-07-01,81.879997,87.650002,79.040001,86.610001,72.677620,41525800
2013-08-01,87.019997,88.389999,79.739998,80.360001,67.432999,35327200
2013-09-01,81.070000,83.889999,78.809998,80.160004,67.817184,45962100
2013-10-01,80.269997,86.730003,78.970001,84.750000,71.700409,37956300
2013-11-01,86.330002,89.750000,84.379997,84.589996,71.565033,41368800
2013-12-01,84.839996,85.839996,81.519997,85.620003,72.996025,45446200
2014-01-01,85.389999,92.250000,83.970001,91.930000,78.375656,46336400
2014-02-01,92.050003,94.040001,89.010002,91.389999,77.915268,40038700
2014-03-01,90.870003,96.129997,89.809998,95.620003,82.171684,42216500
2014-04-01,95.610001,101.500000,93.279999,99.849998,85.806763,43196900
2014-05-01,100.220001,100.349998,94.220001,97.360001,83.666954,46773800
2014-06-01,97.150002,102.510002,94.190002,102.480003,88.727592,47961400
2014-07-01,102.440002,102.459999,93.800003,93.889999,81.290329,39166700
2014-08-01,93.500000,98.629997,91.790001,98.449997,85.238388,35522200
2014-09-01,98.290001,98.519997,92.570000,93.879997,81.895538,34904000
2014-10-01,93.680000,100.510002,90.330002,100.220001,87.426216,49301800
2014-11-01,100.320000,105.940002,99.650002,104.389999,91.063866,38527600
2014-12-01,103.839996,110.839996,99.570000,106.290001,93.377182,49164200
2015-01-01,106.629997,112.639999,105.190002,109.239998,95.968803,40889100
2015-02-01,109.529999,110.629997,102.699997,103.459999,90.890999,40522700
2015-03-01,103.459999,107.470001,97.480003,104.050003,92.077690,58143800
2015-04-01,103.940002,106.629997,100.250000,100.930000,89.316681,35964700
2015-05-01,101.000000,103.940002,98.820000,102.339996,90.564445,46497200
2015-06-01,102.550003,104.379997,97.230003,98.029999,87.416611,43251100
2015-07-01,98.410004,106.320000,97.919998,105.199997,93.810333,44089000
2015-08-01,108.480003,109.980003,97.620003,98.410004,87.755478,59044900
2015-09-01,97.320000,100.220001,93.739998,97.550003,87.660133,63433300
2015-10-01,97.790001,105.849998,95.839996,102.660004,92.252083,40891800
2015-11-01,102.760002,103.510002,97.449997,99.860001,89.735939,40959100
2015-12-01,100.029999,105.300003,96.190002,103.889999,94.812622,52531800
2016-01-01,102.870003,111.860001,102.199997,111.709999,101.949364,57471600
2016-02-01,111.639999,116.980003,110.599998,112.820000,102.962364,58339300
2016-03-01,113.430000,119.370003,109.339996,118.339996,108.815346,47212000
2016-04-01,118.089996,119.180000,112.440002,117.580002,108.116516,35550800
2016-05-01,117.830002,121.510002,116.500000,120.120003,110.452095,35918300
2016-06-01,120.120003,130.429993,118.699997,130.399994,120.786987,43686100
2016-07-01,131.270004,131.979996,125.550003,128.289993,118.832550,38340700
2016-08-01,128.199997,128.809998,120.620003,120.940002,112.024399,43583200
2016-09-01,120.750000,128.869995,120.220001,122.320000,114.099922,45487100
2016-10-01,122.459999,128.460007,117.519997,128.000000,119.398209,40682800
2016-11-01,128.190002,128.279999,110.489998,114.230003,106.553574,75970900
2016-12-01,113.519997,120.750000,112.629997,119.459999,113.151230,44764400
2017-01-01,119.540001,124.309998,117.330002,123.720001,117.186264,35369200
2017-02-01,122.720001,131.479996,122.089996,131.000000,124.081795,33049400
2017-03-01,129.559998,133.279999,127.779999,128.369995,122.522621,44492200
2017-04-01,128.500000,134.330002,127.089996,133.559998,127.476227,31775200
2017-05-01,134.139999,141.830002,132.779999,141.440002,134.997284,39147300
2017-06-01,141.350006,144.869995,138.149994,140.130005,134.691177,44543300
2017-07-01,140.850006,146.880005,138.000000,146.089996,140.419830,31538200
2017-08-01,145.880005,151.279999,145.380005,150.509995,144.668304,31533000
2017-09-01,151.000000,151.600006,144.699997,146.550003,141.785522,33086700
2017-10-01,147.369995,156.800003,145.619995,155.070007,150.028534,28551400
2017-11-01,155.669998,159.279999,148.369995,158.039993,152.901962,36241400
2017-12-01,158.389999,159.399994,152.679993,156.190002,152.068558,34624400
2018-01-01,156.429993,159.229996,149.070007,158.419998,154.239731,47303700
2018-02-01,158.610001,159.639999,145.100006,152.149994,148.135162,43111700
2018-03-01,152.699997,164.410004,151.339996,163.330002,160.157837,53767300
2018-04-01,163.940002,165.149994,158.649994,163.910004,160.726593,36501900
2018-05-01,163.690002,166.619995,155.220001,165.809998,162.589691,40837400
2018-06-01,165.669998,169.529999,155.059998,167.029999,163.785995,42343800
2018-07-01,167.639999,171.500000,163.509995,167.539993,165.411957,36100000
2018-08-01,167.070007,175.649994,165.449997,170.100006,167.939453,31455300
2018-09-01,170.240005,174.809998,164.250000,167.600006,166.555145,39038400
