2.368663000000000185e+00 2.451392000000000237e+00 2.391731333333332987e+00 0.000000000000000000e+00
2.290287999999999879e+00 2.329475500000000032e+00 2.397690666666667081e+00 0.000000000000000000e+00
2.316879999999999828e+00 2.303583999999999854e+00 2.325276999999999816e+00 1.000000000000000000e+00
2.145595000000000141e+00 2.231237499999999763e+00 2.250920999999999950e+00 0.000000000000000000e+00
2.280820999999999987e+00 2.213207999999999842e+00 2.247765333333333171e+00 1.000000000000000000e+00
2.292921999999999905e+00 2.286871500000000168e+00 2.239779333333333344e+00 1.000000000000000000e+00
2.292921999999999905e+00 2.292921999999999905e+00 2.288888333333333414e+00 0.000000000000000000e+00
2.040233000000000185e+00 2.166577499999999823e+00 2.208692333333333480e+00 0.000000000000000000e+00
2.160165000000000113e+00 2.100198999999999927e+00 2.164439999999999920e+00 1.000000000000000000e+00
2.189489000000000019e+00 2.174827000000000066e+00 2.129962333333333291e+00 1.000000000000000000e+00
2.169938999999999840e+00 2.179713999999999707e+00 2.173197666666666805e+00 0.000000000000000000e+00
2.267684000000000033e+00 2.218811500000000159e+00 2.209037333333333297e+00 1.000000000000000000e+00
2.347977000000000203e+00 2.307830500000000118e+00 2.261866666666666692e+00 1.000000000000000000e+00
2.429645999999999972e+00 2.388811500000000088e+00 2.348435666666666588e+00 1.000000000000000000e+00
2.569065999999999850e+00 2.499355999999999689e+00 2.448896333333333342e+00 1.000000000000000000e+00
2.569065999999999850e+00 2.569065999999999850e+00 2.522592666666666261e+00 0.000000000000000000e+00
2.590298000000000211e+00 2.579682000000000031e+00 2.576143333333333008e+00 1.000000000000000000e+00
2.681846999999999870e+00 2.636072500000000041e+00 2.613736999999999977e+00 1.000000000000000000e+00
2.814284999999999926e+00 2.748065999999999676e+00 2.695476666666666521e+00 1.000000000000000000e+00
2.891539999999999999e+00 2.852912499999999962e+00 2.795890666666666302e+00 1.000000000000000000e+00
3.078666999999999820e+00 2.985103500000000132e+00 2.928164000000000211e+00 1.000000000000000000e+00
3.170223000000000013e+00 3.124444999999999695e+00 3.046810000000000240e+00 1.000000000000000000e+00
3.170223000000000013e+00 3.170223000000000013e+00 3.139704333333332986e+00 0.000000000000000000e+00
3.507950000000000124e+00 3.339086500000000068e+00 3.282798666666666865e+00 1.000000000000000000e+00
3.259074000000000026e+00 3.383512000000000075e+00 3.312415666666666425e+00 0.000000000000000000e+00
3.199818000000000051e+00 3.229446000000000261e+00 3.322280666666666438e+00 0.000000000000000000e+00
3.279589999999999783e+00 3.239703999999999695e+00 3.246160666666666916e+00 1.000000000000000000e+00
3.414703999999999962e+00 3.347146999999999650e+00 3.298037333333333265e+00 1.000000000000000000e+00
3.426988000000000145e+00 3.420846000000000053e+00 3.373760666666666186e+00 0.000000000000000000e+00
3.548951000000000189e+00 3.487969500000000167e+00 3.463547666666666913e+00 1.000000000000000000e+00
3.866956000000000060e+00 3.707953500000000346e+00 3.614298333333333613e+00 1.000000000000000000e+00
3.663434000000000079e+00 3.765195000000000292e+00 3.693113666666667072e+00 0.000000000000000000e+00
3.823961999999999861e+00 3.743698000000000192e+00 3.784784000000000148e+00 1.000000000000000000e+00
3.837102999999999930e+00 3.830532499999999896e+00 3.774832999999999661e+00 0.000000000000000000e+00
3.679412000000000127e+00 3.758257500000000029e+00 3.780158999999999825e+00 0.000000000000000000e+00
3.944017000000000106e+00 3.811714499999999894e+00 3.820177333333333536e+00 1.000000000000000000e+00
4.066417000000000392e+00 4.005217000000000027e+00 3.896615333333333098e+00 1.000000000000000000e+00
4.216019000000000183e+00 4.141218000000000288e+00 4.075484333333332820e+00 1.000000000000000000e+00
4.153497999999999912e+00 4.184758500000000048e+00 4.145311333333332904e+00 0.000000000000000000e+00
4.195593999999999824e+00 4.174545999999999424e+00 4.188370333333333306e+00 1.000000000000000000e+00
4.209623999999999810e+00 4.202608999999999817e+00 4.186238666666666219e+00 0.000000000000000000e+00
4.426650999999999669e+00 4.318137499999999740e+00 4.277289666666666434e+00 1.000000000000000000e+00
4.542760000000000353e+00 4.484705500000000455e+00 4.393011666666666315e+00 1.000000000000000000e+00
4.571787999999999741e+00 4.557273999999999603e+00 4.513733000000000217e+00 1.000000000000000000e+00
4.719477000000000366e+00 4.645632499999999609e+00 4.611341666666667116e+00 1.000000000000000000e+00
4.734456999999999915e+00 4.726967000000000141e+00 4.675240666666666378e+00 0.000000000000000000e+00
4.449791000000000274e+00 4.592124000000000095e+00 4.634575000000000777e+00 0.000000000000000000e+00
4.851555000000000284e+00 4.650673000000000279e+00 4.678601000000000454e+00 1.000000000000000000e+00
4.572554000000000229e+00 4.712054500000000701e+00 4.624633333333333596e+00 0.000000000000000000e+00
4.200549999999999784e+00 4.386552000000000007e+00 4.541553000000000395e+00 0.000000000000000000e+00
4.261262999999999579e+00 4.230906499999999681e+00 4.344788999999999568e+00 1.000000000000000000e+00
4.550705999999999918e+00 4.405984499999999748e+00 4.337506333333332798e+00 1.000000000000000000e+00
4.084380000000000344e+00 4.317543000000000575e+00 4.298783000000000243e+00 0.000000000000000000e+00
3.934578000000000131e+00 4.009479000000000681e+00 4.189888000000000723e+00 0.000000000000000000e+00
4.182553999999999661e+00 4.058565999999999896e+00 4.067170666666666712e+00 1.000000000000000000e+00
4.149492999999999654e+00 4.166023499999999657e+00 4.088874999999999815e+00 0.000000000000000000e+00
4.398105000000000153e+00 4.273799000000000348e+00 4.243383999999999823e+00 1.000000000000000000e+00
4.499991999999999770e+00 4.449048499999999962e+00 4.349196666666666822e+00 1.000000000000000000e+00
4.805652000000000257e+00 4.652822000000000457e+00 4.567916333333333689e+00 1.000000000000000000e+00
4.895361000000000296e+00 4.850506499999999832e+00 4.733668333333334033e+00 1.000000000000000000e+00
5.104415999999999620e+00 4.999888499999999958e+00 4.935143000000000058e+00 1.000000000000000000e+00
4.999887000000000192e+00 5.052151499999999906e+00 4.999887999999999444e+00 0.000000000000000000e+00
5.193513000000000268e+00 5.096700000000000230e+00 5.099272000000000027e+00 1.000000000000000000e+00
5.247054000000000329e+00 5.220283500000000743e+00 5.146818000000000559e+00 1.000000000000000000e+00
5.603997999999999813e+00 5.425525999999999627e+00 5.348188333333333766e+00 1.000000000000000000e+00
5.650056000000000189e+00 5.627027000000000001e+00 5.500369333333332555e+00 1.000000000000000000e+00
5.595201000000000313e+00 5.622628500000000251e+00 5.616418333333332846e+00 0.000000000000000000e+00
5.686626000000000403e+00 5.640913499999999914e+00 5.643961000000000006e+00 1.000000000000000000e+00
6.117214999999999847e+00 5.901920500000000125e+00 5.799680666666667150e+00 1.000000000000000000e+00
6.266872000000000220e+00 6.192043500000000478e+00 6.023571000000000453e+00 1.000000000000000000e+00
6.491356999999999822e+00 6.379114500000000021e+00 6.291814666666667222e+00 1.000000000000000000e+00
7.086195000000000022e+00 6.788776000000000366e+00 6.614808000000000021e+00 1.000000000000000000e+00
7.086195000000000022e+00 7.086195000000000022e+00 6.887915666666667214e+00 0.000000000000000000e+00
6.818793000000000326e+00 6.952493999999999730e+00 6.997060999999999531e+00 0.000000000000000000e+00
7.053468999999999767e+00 6.936130999999999602e+00 6.986152333333333075e+00 1.000000000000000000e+00
6.722231999999999985e+00 6.887850499999999876e+00 6.864831333333332175e+00 0.000000000000000000e+00
6.663777999999999757e+00 6.693004999999999427e+00 6.813159666666666503e+00 0.000000000000000000e+00
7.323953000000000380e+00 6.993865500000000068e+00 6.903320999999999152e+00 1.000000000000000000e+00
7.224441999999999808e+00 7.274197499999999650e+00 7.070724333333333611e+00 0.000000000000000000e+00
7.045321999999999640e+00 7.134881999999999280e+00 7.197905666666666313e+00 0.000000000000000000e+00
7.025864999999999583e+00 7.035593499999999167e+00 7.098542999999999381e+00 0.000000000000000000e+00
7.452290999999999777e+00 7.239077999999999236e+00 7.174492666666665741e+00 1.000000000000000000e+00
7.492903000000000091e+00 7.472597000000000378e+00 7.323686333333331966e+00 1.000000000000000000e+00
7.623840999999999646e+00 7.558372000000000313e+00 7.523011666666666208e+00 1.000000000000000000e+00
7.333806000000000047e+00 7.478823499999999846e+00 7.483516666666666595e+00 0.000000000000000000e+00
7.540974000000000288e+00 7.437390000000000612e+00 7.499540333333333031e+00 1.000000000000000000e+00
7.468526999999999916e+00 7.504750500000000102e+00 7.447769000000000972e+00 0.000000000000000000e+00
7.553158999999999956e+00 7.510842999999999492e+00 7.520886666666666720e+00 1.000000000000000000e+00
7.849357999999999613e+00 7.701258499999999785e+00 7.623681333333332866e+00 1.000000000000000000e+00
7.961270999999999987e+00 7.905314499999999356e+00 7.787929333333333481e+00 1.000000000000000000e+00
8.274535999999999447e+00 8.117903500000000605e+00 8.028388333333332127e+00 1.000000000000000000e+00
8.004479999999999151e+00 8.139507999999999299e+00 8.080095666666666787e+00 0.000000000000000000e+00
9.051847000000000421e+00 8.528163499999999786e+00 8.443621000000000265e+00 1.000000000000000000e+00
9.117995999999999768e+00 9.084921500000000094e+00 8.724774333333334297e+00 1.000000000000000000e+00
9.867727000000000359e+00 9.492861500000000063e+00 9.345856666666668033e+00 1.000000000000000000e+00
1.062524499999999961e+01 1.024648600000000087e+01 9.870322666666666578e+00 1.000000000000000000e+00
1.029987000000000030e+01 1.046255749999999907e+01 1.026428066666666616e+01 0.000000000000000000e+00
1.042329499999999953e+01 1.036158250000000081e+01 1.044946999999999981e+01 1.000000000000000000e+00
1.173399999999999999e+01 1.107864749999999887e+01 1.081905500000000053e+01 1.000000000000000000e+00
1.133449399999999940e+01 1.153424700000000058e+01 1.116392966666666631e+01 0.000000000000000000e+00
1.122035200000000010e+01 1.127742299999999886e+01 1.142961533333333257e+01 0.000000000000000000e+00
1.170239199999999968e+01 1.146137200000000078e+01 1.141907933333333425e+01 1.000000000000000000e+00
1.129605600000000010e+01 1.149922399999999989e+01 1.140626666666666722e+01 0.000000000000000000e+00
1.236413699999999949e+01 1.183009649999999979e+01 1.178752833333333250e+01 1.000000000000000000e+00
1.315110600000000041e+01 1.275762149999999906e+01 1.227043299999999881e+01 1.000000000000000000e+00
1.180650900000000014e+01 1.247880750000000027e+01 1.244058399999999942e+01 0.000000000000000000e+00
1.155881499999999917e+01 1.168266200000000055e+01 1.217214333333333265e+01 0.000000000000000000e+00
1.181735100000000038e+01 1.168808299999999889e+01 1.172755833333333442e+01 1.000000000000000000e+00
1.052295299999999934e+01 1.117015199999999986e+01 1.129970633333333296e+01 0.000000000000000000e+00
9.863770000000000593e+00 1.019336149999999996e+01 1.073469133333333225e+01 0.000000000000000000e+00
1.041622100000000017e+01 1.013999550000000127e+01 1.026764799999999944e+01 1.000000000000000000e+00
1.102749599999999930e+01 1.072185849999999974e+01 1.043582900000000002e+01 1.000000000000000000e+00
1.138204400000000049e+01 1.120476999999999990e+01 1.094192033333333391e+01 1.000000000000000000e+00
1.087608600000000081e+01 1.112906500000000065e+01 1.109520866666666628e+01 0.000000000000000000e+00
1.073919700000000077e+01 1.080764150000000079e+01 1.099910899999999891e+01 0.000000000000000000e+00
1.075164000000000009e+01 1.074541849999999954e+01 1.078897433333333389e+01 0.000000000000000000e+00
1.022098500000000065e+01 1.048631250000000037e+01 1.057060733333333324e+01 0.000000000000000000e+00
1.020830899999999986e+01 1.021464699999999937e+01 1.039364466666666686e+01 0.000000000000000000e+00
8.876789999999999736e+00 9.542549499999999796e+00 9.768694666666666748e+00 0.000000000000000000e+00
8.893250000000000099e+00 8.885020000000000806e+00 9.326116333333333230e+00 0.000000000000000000e+00
8.763424999999999798e+00 8.828337499999999949e+00 8.844488333333332619e+00 0.000000000000000000e+00
8.023400000000000531e+00 8.393412500000000165e+00 8.560025000000001327e+00 0.000000000000000000e+00
9.828041999999999945e+00 8.925720999999999350e+00 8.871622333333332833e+00 1.000000000000000000e+00
9.654678000000000537e+00 9.741360000000000241e+00 9.168706666666667005e+00 0.000000000000000000e+00
1.060148000000000046e+01 1.012807899999999961e+01 1.002806666666666757e+01 1.000000000000000000e+00
1.080392900000000012e+01 1.070270449999999940e+01 1.035336233333333311e+01 1.000000000000000000e+00
1.053110700000000044e+01 1.066751800000000117e+01 1.064550533333333249e+01 0.000000000000000000e+00
1.164969299999999919e+01 1.109039999999999893e+01 1.099490966666666658e+01 1.000000000000000000e+00
1.464462499999999956e+01 1.314715899999999849e+01 1.227514166666666462e+01 1.000000000000000000e+00
1.469681800000000038e+01 1.467072149999999908e+01 1.366371199999999853e+01 0.000000000000000000e+00
1.475248999999999988e+01 1.472465400000000102e+01 1.469797766666666661e+01 0.000000000000000000e+00
1.623874700000000004e+01 1.549561849999999907e+01 1.522935166666666795e+01 1.000000000000000000e+00
1.312678400000000067e+01 1.468276550000000036e+01 1.470600699999999961e+01 0.000000000000000000e+00
1.472236599999999918e+01 1.392457500000000081e+01 1.469596566666666604e+01 1.000000000000000000e+00
1.411861900000000070e+01 1.442049249999999994e+01 1.398925633333333529e+01 0.000000000000000000e+00
1.379617900000000041e+01 1.395739900000000056e+01 1.421238799999999891e+01 0.000000000000000000e+00
1.341614799999999974e+01 1.360616350000000097e+01 1.377698199999999851e+01 0.000000000000000000e+00
1.414087100000000063e+01 1.377850950000000019e+01 1.378439933333333478e+01 1.000000000000000000e+00
1.268239699999999992e+01 1.341163399999999939e+01 1.341313866666666677e+01 0.000000000000000000e+00
1.276460100000000075e+01 1.272349900000000034e+01 1.319595633333333318e+01 1.000000000000000000e+00
1.283469999999999978e+01 1.279965050000000026e+01 1.276056599999999897e+01 1.000000000000000000e+00
1.272683999999999926e+01 1.278077000000000041e+01 1.277538033333333267e+01 0.000000000000000000e+00
1.327809300000000015e+01 1.300246650000000059e+01 1.294654433333333365e+01 1.000000000000000000e+00
1.379649700000000045e+01 1.353729500000000030e+01 1.326714333333333506e+01 1.000000000000000000e+00
1.311400700000000086e+01 1.345525200000000154e+01 1.339619900000000108e+01 0.000000000000000000e+00
1.299169299999999971e+01 1.305284999999999940e+01 1.330073233333333427e+01 0.000000000000000000e+00
1.489369399999999999e+01 1.394269350000000074e+01 1.366646466666666448e+01 1.000000000000000000e+00
1.587910199999999961e+01 1.538639799999999980e+01 1.458816299999999977e+01 1.000000000000000000e+00
1.575405100000000047e+01 1.581657650000000004e+01 1.550894900000000121e+01 0.000000000000000000e+00
1.500373899999999949e+01 1.537889499999999998e+01 1.554563066666666771e+01 0.000000000000000000e+00
1.444771500000000053e+01 1.472572699999999912e+01 1.506850166666666802e+01 0.000000000000000000e+00
1.455737300000000012e+01 1.450254400000000032e+01 1.466960899999999945e+01 1.000000000000000000e+00
1.400078300000000020e+01 1.427907800000000016e+01 1.433529033333333302e+01 0.000000000000000000e+00
1.534881400000000085e+01 1.467479850000000141e+01 1.463565666666666765e+01 1.000000000000000000e+00
1.530197099999999999e+01 1.532539249999999953e+01 1.488385600000000153e+01 0.000000000000000000e+00
1.595848499999999959e+01 1.563022799999999890e+01 1.553642333333333170e+01 1.000000000000000000e+00
1.549667799999999929e+01 1.572758149999999944e+01 1.558571133333333059e+01 0.000000000000000000e+00
1.486503100000000011e+01 1.518085449999999881e+01 1.544006466666666633e+01 0.000000000000000000e+00
1.596862800000000071e+01 1.541682950000000041e+01 1.544344566666666729e+01 1.000000000000000000e+00
1.649432399999999888e+01 1.623147600000000068e+01 1.577599433333333501e+01 1.000000000000000000e+00
1.801178900000000027e+01 1.725305649999999957e+01 1.682491366666666721e+01 1.000000000000000000e+00
1.811475899999999939e+01 1.806327399999999983e+01 1.754029066666666736e+01 1.000000000000000000e+00
1.701208099999999845e+01 1.756342000000000070e+01 1.771287633333333034e+01 0.000000000000000000e+00
1.706448599999999871e+01 1.703828349999999858e+01 1.739710866666666789e+01 0.000000000000000000e+00
1.777293600000000140e+01 1.741871100000000183e+01 1.728316766666666737e+01 1.000000000000000000e+00
1.792479099999999903e+01 1.784886350000000022e+01 1.758740433333333542e+01 1.000000000000000000e+00
1.787136100000000027e+01 1.789807599999999965e+01 1.785636266666666572e+01 0.000000000000000000e+00
1.874961700000000064e+01 1.831048900000000046e+01 1.818192300000000117e+01 1.000000000000000000e+00
1.884419600000000017e+01 1.879690649999999863e+01 1.848839133333333606e+01 1.000000000000000000e+00
1.881553800000000010e+01 1.882986700000000013e+01 1.880311700000000030e+01 0.000000000000000000e+00
1.952349900000000105e+01 1.916951850000000235e+01 1.906107766666666592e+01 1.000000000000000000e+00
1.858018699999999868e+01 1.905184299999999809e+01 1.897307466666666542e+01 0.000000000000000000e+00
1.861814899999999895e+01 1.859916799999999881e+01 1.890727833333333407e+01 0.000000000000000000e+00
1.867656699999999859e+01 1.864735799999999699e+01 1.862496766666666659e+01 0.000000000000000000e+00
2.004973999999999990e+01 1.936315349999999924e+01 1.911481866666666463e+01 1.000000000000000000e+00
2.060659599999999969e+01 2.032816799999999802e+01 1.977763433333333509e+01 1.000000000000000000e+00
2.075671399999999878e+01 2.068165499999999923e+01 2.047101666666666731e+01 1.000000000000000000e+00
2.093292599999999837e+01 2.084481999999999857e+01 2.076541199999999776e+01 1.000000000000000000e+00
2.136738000000000071e+01 2.115015299999999954e+01 2.101900666666666595e+01 1.000000000000000000e+00
2.313988099999999903e+01 2.225363049999999987e+01 2.181339566666666485e+01 1.000000000000000000e+00
2.372495999999999938e+01 2.343242049999999921e+01 2.274407366666666519e+01 1.000000000000000000e+00
2.456387099999999890e+01 2.414441550000000092e+01 2.380957066666666222e+01 1.000000000000000000e+00
2.485796200000000056e+01 2.471091649999999973e+01 2.438226433333333532e+01 1.000000000000000000e+00
2.572669799999999896e+01 2.529232999999999976e+01 2.504951033333333044e+01 1.000000000000000000e+00
2.561956199999999839e+01 2.567313000000000045e+01 2.540140733333333500e+01 0.000000000000000000e+00
2.650819999999999865e+01 2.606388099999999852e+01 2.595148666666666770e+01 1.000000000000000000e+00
2.741568600000000089e+01 2.696194299999999799e+01 2.651448266666666598e+01 1.000000000000000000e+00
2.739660800000000052e+01 2.740614700000000070e+01 2.710683133333333217e+01 0.000000000000000000e+00
3.051366799999999913e+01 2.895513799999999804e+01 2.844198733333333351e+01 1.000000000000000000e+00
2.760332100000000111e+01 2.905849450000000189e+01 2.850453233333333358e+01 0.000000000000000000e+00
2.717383200000000087e+01 2.738857649999999921e+01 2.843027366666666822e+01 0.000000000000000000e+00
2.686370300000000100e+01 2.701876750000000271e+01 2.721361866666666529e+01 0.000000000000000000e+00
2.701236199999999954e+01 2.693803249999999849e+01 2.701663233333333380e+01 1.000000000000000000e+00
2.710285899999999870e+01 2.705761049999999912e+01 2.699297466666666523e+01 0.000000000000000000e+00
2.594582600000000028e+01 2.652434249999999949e+01 2.668701566666666736e+01 0.000000000000000000e+00
2.583109100000000069e+01 2.588845849999999871e+01 2.629325866666666300e+01 0.000000000000000000e+00
2.598113299999999981e+01 2.590611200000000025e+01 2.591934999999999789e+01 1.000000000000000000e+00
2.699219899999999939e+01 2.648666599999999960e+01 2.626814099999999996e+01 1.000000000000000000e+00
2.839924600000000154e+01 2.769572250000000224e+01 2.712419266666666928e+01 1.000000000000000000e+00
2.926161199999999951e+01 2.883042900000000230e+01 2.821768566666666800e+01 1.000000000000000000e+00
2.987833399999999884e+01 2.956997299999999740e+01 2.917973066666666782e+01 1.000000000000000000e+00
3.386211399999999827e+01 3.187022400000000033e+01 3.100068666666666672e+01 1.000000000000000000e+00
3.538922099999999915e+01 3.462566749999999871e+01 3.304322300000000467e+01 1.000000000000000000e+00
3.639166300000000120e+01 3.589044200000000018e+01 3.521433266666667095e+01 1.000000000000000000e+00
3.788290800000000047e+01 3.713728550000000439e+01 3.655459733333333361e+01 1.000000000000000000e+00
3.952126700000000170e+01 3.870208750000000464e+01 3.793194600000000349e+01 1.000000000000000000e+00
4.119056299999999737e+01 4.035591499999999598e+01 3.953157933333333318e+01 1.000000000000000000e+00
4.334535600000000244e+01 4.226795950000000346e+01 4.135239533333333384e+01 1.000000000000000000e+00
4.304907200000000245e+01 4.319721400000000244e+01 4.252833033333333645e+01 0.000000000000000000e+00
3.820748900000000248e+01 4.062828050000000246e+01 4.153397233333333816e+01 0.000000000000000000e+00
3.913571499999999759e+01 3.867160200000000003e+01 4.013075866666667224e+01 1.000000000000000000e+00
3.988819900000000018e+01 3.951195699999999533e+01 3.907713433333333342e+01 1.000000000000000000e+00
4.156878700000000038e+01 4.072849300000000028e+01 4.019756699999999938e+01 1.000000000000000000e+00
4.671707500000000124e+01 4.414293100000000436e+01 4.272468699999999586e+01 1.000000000000000000e+00
4.763202299999999667e+01 4.717454899999999895e+01 4.530596166666666846e+01 1.000000000000000000e+00
4.656106599999999673e+01 4.709654449999999315e+01 4.697005466666666962e+01 0.000000000000000000e+00
4.420485299999999995e+01 4.538295949999999834e+01 4.613264733333333112e+01 0.000000000000000000e+00
4.141585500000000053e+01 4.281035400000000379e+01 4.406059133333332767e+01 0.000000000000000000e+00
4.339665600000000012e+01 4.240625550000000032e+01 4.300578800000000257e+01 1.000000000000000000e+00
4.585216499999999940e+01 4.462441049999999620e+01 4.355489199999999528e+01 1.000000000000000000e+00
4.670291499999999729e+01 4.627754000000000190e+01 4.531724533333332516e+01 1.000000000000000000e+00
4.536104999999999876e+01 4.603198249999999803e+01 4.597204333333333892e+01 0.000000000000000000e+00
4.493865199999999760e+01 4.514985099999999818e+01 4.566753899999999788e+01 0.000000000000000000e+00
4.182575599999999838e+01 4.338220400000000154e+01 4.404181933333332921e+01 0.000000000000000000e+00
3.528702899999999687e+01 3.855639250000000118e+01 4.068381233333332858e+01 0.000000000000000000e+00
3.314034300000000144e+01 3.421368599999999560e+01 3.675104266666667030e+01 0.000000000000000000e+00
3.420666099999999687e+01 3.367350199999999916e+01 3.421134433333332936e+01 1.000000000000000000e+00
3.563599800000000073e+01 3.492132949999999880e+01 3.432766733333333065e+01 1.000000000000000000e+00
3.649981300000000317e+01 3.606790550000000195e+01 3.544749066666666693e+01 1.000000000000000000e+00
3.209575699999999898e+01 3.429778500000000463e+01 3.474385600000000096e+01 0.000000000000000000e+00
3.626824599999999776e+01 3.418200149999999837e+01 3.495460533333334041e+01 1.000000000000000000e+00
3.845590200000000181e+01 3.736207399999999978e+01 3.560663500000000425e+01 1.000000000000000000e+00
4.041480599999999868e+01 3.943535400000000379e+01 3.837965133333333512e+01 1.000000000000000000e+00
4.065073799999999693e+01 4.053277199999999425e+01 3.984048200000000151e+01 1.000000000000000000e+00
4.084946399999999755e+01 4.075010100000000079e+01 4.063833599999999535e+01 0.000000000000000000e+00
4.049626500000000107e+01 4.067286450000000286e+01 4.066548900000000089e+01 0.000000000000000000e+00
4.013948100000000352e+01 4.031787300000000585e+01 4.049507000000000545e+01 0.000000000000000000e+00
3.568437200000000331e+01 3.791192650000000697e+01 3.877337266666666693e+01 0.000000000000000000e+00
3.777022600000000097e+01 3.672729900000000214e+01 3.786469300000000970e+01 1.000000000000000000e+00
3.873991000000000184e+01 3.825506800000000140e+01 3.739816933333333537e+01 1.000000000000000000e+00
3.576217700000000121e+01 3.725104350000000153e+01 3.742410433333333231e+01 0.000000000000000000e+00
3.400926599999999667e+01 3.488572150000000249e+01 3.617045099999999991e+01 0.000000000000000000e+00
3.582959400000000016e+01 3.491942999999999842e+01 3.520034566666667075e+01 1.000000000000000000e+00
3.858743700000000132e+01 3.720851550000000429e+01 3.614209900000000175e+01 1.000000000000000000e+00
3.701577400000000040e+01 3.780160550000000086e+01 3.714426833333333633e+01 0.000000000000000000e+00
3.614838000000000306e+01 3.658207699999999818e+01 3.725053033333333730e+01 0.000000000000000000e+00
3.917298100000000005e+01 3.766068049999999801e+01 3.744571166666666073e+01 1.000000000000000000e+00
4.024405699999999797e+01 3.970851899999999546e+01 3.852180599999999799e+01 1.000000000000000000e+00
4.111708800000000252e+01 4.068057249999999669e+01 4.017804199999999781e+01 1.000000000000000000e+00
4.160846699999999743e+01 4.136277749999999997e+01 4.098987066666666124e+01 1.000000000000000000e+00
3.826708599999999905e+01 3.993777649999999824e+01 4.033088033333333300e+01 0.000000000000000000e+00
3.968368099999999998e+01 3.897538349999999951e+01 3.985307800000000356e+01 1.000000000000000000e+00
4.080572099999999836e+01 4.024470099999999917e+01 3.958549599999999913e+01 1.000000000000000000e+00
4.233993900000000110e+01 4.157282999999999618e+01 4.094311366666666885e+01 1.000000000000000000e+00
4.207278399999999863e+01 4.220636149999999986e+01 4.173948133333333033e+01 0.000000000000000000e+00
4.362280299999999755e+01 4.284779349999999454e+01 4.267850866666666576e+01 1.000000000000000000e+00
4.468697000000000230e+01 4.415488650000000348e+01 4.346085233333332809e+01 1.000000000000000000e+00
4.430912000000000006e+01 4.449804500000000473e+01 4.420629766666667138e+01 0.000000000000000000e+00
4.301316500000000076e+01 4.366114249999999686e+01 4.400308499999999867e+01 0.000000000000000000e+00
4.415756999999999977e+01 4.358536750000000382e+01 4.382661833333332879e+01 1.000000000000000000e+00
4.247945399999999694e+01 4.331851199999999835e+01 4.321672966666667293e+01 0.000000000000000000e+00
4.435099000000000302e+01 4.341522199999999998e+01 4.366267133333332850e+01 1.000000000000000000e+00
4.359609199999999873e+01 4.397354099999999733e+01 4.347551200000000193e+01 0.000000000000000000e+00
4.836016099999999796e+01 4.597812650000000190e+01 4.543574766666666420e+01 1.000000000000000000e+00
4.754198099999999982e+01 4.795107099999999889e+01 4.649941133333333454e+01 0.000000000000000000e+00
4.727189599999999814e+01 4.740693849999999543e+01 4.772467933333333434e+01 0.000000000000000000e+00
4.900519599999999798e+01 4.813854599999999806e+01 4.793969100000000338e+01 1.000000000000000000e+00
5.162874999999999659e+01 5.031697299999999728e+01 4.930194733333333801e+01 1.000000000000000000e+00
5.242303799999999825e+01 5.202589399999999387e+01 5.101899466666666427e+01 1.000000000000000000e+00
5.572005800000000164e+01 5.407154799999999994e+01 5.325728199999999646e+01 1.000000000000000000e+00
5.741248699999999872e+01 5.656627249999999663e+01 5.518519433333333524e+01 1.000000000000000000e+00
5.450541700000000134e+01 5.595895199999999647e+01 5.587932066666666486e+01 0.000000000000000000e+00
5.745499000000000223e+01 5.598020350000000178e+01 5.645763133333333172e+01 1.000000000000000000e+00
5.723438999999999766e+01 5.734468999999999994e+01 5.639826566666666707e+01 0.000000000000000000e+00
5.613153799999999904e+01 5.668296399999999835e+01 5.694030599999999964e+01 0.000000000000000000e+00
5.702818700000000263e+01 5.657986250000000439e+01 5.679803833333333074e+01 1.000000000000000000e+00
5.938547899999999657e+01 5.820683300000000315e+01 5.751506800000000652e+01 1.000000000000000000e+00
5.923712499999999892e+01 5.931130199999999775e+01 5.855026366666666604e+01 0.000000000000000000e+00
6.461595199999999295e+01 6.192653849999999238e+01 6.107951866666666518e+01 1.000000000000000000e+00
6.823441300000000354e+01 6.642518250000000535e+01 6.402916333333332943e+01 1.000000000000000000e+00
6.290241999999999933e+01 6.556841649999999788e+01 6.525092833333333431e+01 0.000000000000000000e+00
6.837287899999999752e+01 6.563764949999999487e+01 6.650323733333333109e+01 1.000000000000000000e+00
7.267762000000000455e+01 7.052524950000000104e+01 6.798430633333333617e+01 1.000000000000000000e+00
6.743299899999999525e+01 7.005530949999999279e+01 6.949449933333333718e+01 0.000000000000000000e+00
6.781718399999999747e+01 6.762509149999999636e+01 6.930926766666665628e+01 1.000000000000000000e+00
7.170040899999999340e+01 6.975879649999998833e+01 6.898353066666665256e+01 1.000000000000000000e+00
7.156503299999999967e+01 7.163272100000000364e+01 7.036087533333332544e+01 0.000000000000000000e+00
7.299602500000000305e+01 7.228052900000000136e+01 7.208715566666667485e+01 1.000000000000000000e+00
7.837565600000000643e+01 7.568584050000001184e+01 7.431223799999999358e+01 1.000000000000000000e+00
7.791526799999999753e+01 7.814546200000000908e+01 7.642898300000000233e+01 0.000000000000000000e+00
8.217168399999999906e+01 8.004347599999999829e+01 7.948753600000000574e+01 1.000000000000000000e+00
8.580676300000000367e+01 8.398922350000000847e+01 8.196457166666665728e+01 1.000000000000000000e+00
8.366695400000000404e+01 8.473685850000001096e+01 8.388180033333334507e+01 0.000000000000000000e+00
8.872759200000000135e+01 8.619727299999999559e+01 8.606710300000001723e+01 1.000000000000000000e+00
8.129032899999999984e+01 8.500896050000000059e+01 8.456162499999999227e+01 0.000000000000000000e+00
8.523838800000000049e+01 8.326435850000000016e+01 8.508543633333333389e+01 1.000000000000000000e+00
8.189553800000000194e+01 8.356696300000000122e+01 8.280808500000000549e+01 0.000000000000000000e+00
8.742621599999999660e+01 8.466087699999999927e+01 8.485338066666666634e+01 1.000000000000000000e+00
9.106386600000000442e+01 8.924504100000000051e+01 8.679520666666667239e+01 1.000000000000000000e+00
9.337718200000000479e+01 9.222052400000001171e+01 9.062242133333332106e+01 1.000000000000000000e+00
9.596880299999999409e+01 9.467299249999999233e+01 9.346995033333332970e+01 1.000000000000000000e+00
9.089099899999999366e+01 9.342990100000000098e+01 9.341232800000000225e+01 0.000000000000000000e+00
9.207769000000000403e+01 9.148434449999999174e+01 9.297916400000001147e+01 1.000000000000000000e+00
8.931668100000000265e+01 9.069718550000000334e+01 9.076179000000000485e+01 0.000000000000000000e+00
9.056444500000000630e+01 8.994056299999999737e+01 9.065293866666667100e+01 1.000000000000000000e+00
8.741661100000000317e+01 8.899052800000001184e+01 8.909924566666666124e+01 0.000000000000000000e+00
9.381033299999999997e+01 9.061347200000000157e+01 9.059712966666667455e+01 1.000000000000000000e+00
8.775547799999999654e+01 9.078290549999999826e+01 8.966080733333332375e+01 0.000000000000000000e+00
8.766013300000000186e+01 8.770780550000000630e+01 8.974198133333334226e+01 0.000000000000000000e+00
9.225208299999999895e+01 8.995610800000000040e+01 8.922256466666665631e+01 1.000000000000000000e+00
8.973593900000000190e+01 9.099401100000000042e+01 8.988271833333332950e+01 0.000000000000000000e+00
9.481262200000000462e+01 9.227428050000000326e+01 9.226688133333334463e+01 1.000000000000000000e+00
1.019493640000000028e+02 9.838099300000000369e+01 9.549930833333333169e+01 1.000000000000000000e+00
1.029623639999999938e+02 1.024558639999999912e+02 9.990811666666667179e+01 1.000000000000000000e+00
1.088153460000000052e+02 1.058888550000000066e+02 1.045756913333333387e+02 1.000000000000000000e+00
1.081165160000000043e+02 1.084659310000000119e+02 1.066314086666666725e+02 0.000000000000000000e+00
1.104520949999999999e+02 1.092843055000000021e+02 1.091279856666666745e+02 1.000000000000000000e+00
1.207869869999999963e+02 1.156195409999999981e+02 1.131185326666666668e+02 1.000000000000000000e+00
1.188325499999999977e+02 1.198097684999999899e+02 1.166905440000000027e+02 0.000000000000000000e+00
1.120243990000000025e+02 1.154284744999999930e+02 1.172146453333333369e+02 0.000000000000000000e+00
1.140999220000000065e+02 1.130621605000000045e+02 1.149856236666666547e+02 1.000000000000000000e+00
1.193982089999999943e+02 1.167490655000000004e+02 1.151741766666666678e+02 1.000000000000000000e+00
1.065535739999999976e+02 1.129758914999999888e+02 1.133505683333333280e+02 0.000000000000000000e+00
1.131512299999999982e+02 1.098524019999999979e+02 1.130343376666666586e+02 1.000000000000000000e+00
1.171862639999999942e+02 1.151687469999999962e+02 1.122970226666666775e+02 1.000000000000000000e+00
1.240817949999999996e+02 1.206340294999999969e+02 1.181397630000000021e+02 1.000000000000000000e+00
1.225226210000000009e+02 1.233022080000000074e+02 1.212635599999999982e+02 0.000000000000000000e+00
1.274762269999999944e+02 1.249994240000000048e+02 1.246935476666666744e+02 1.000000000000000000e+00
1.349972840000000076e+02 1.312367555000000152e+02 1.283320439999999962e+02 1.000000000000000000e+00
1.346911770000000104e+02 1.348442305000000090e+02 1.323882293333333564e+02 0.000000000000000000e+00
1.404198299999999904e+02 1.375555034999999862e+02 1.367027636666666695e+02 1.000000000000000000e+00
1.446683040000000062e+02 1.425440669999999841e+02 1.399264369999999928e+02 1.000000000000000000e+00
1.417855219999999861e+02 1.432269129999999961e+02 1.422912186666666514e+02 0.000000000000000000e+00
1.500285340000000076e+02 1.459070279999999968e+02 1.454941199999999810e+02 1.000000000000000000e+00
1.529019619999999975e+02 1.514652480000000025e+02 1.482386726666666448e+02 1.000000000000000000e+00
1.520685579999999959e+02 1.524852599999999825e+02 1.516663513333333242e+02 0.000000000000000000e+00
1.542397310000000061e+02 1.531541445000000010e+02 1.530700836666666476e+02 1.000000000000000000e+00
1.481351620000000082e+02 1.511874465000000214e+02 1.514811503333333178e+02 0.000000000000000000e+00
1.601578370000000007e+02 1.541464995000000044e+02 1.541775766666666811e+02 1.000000000000000000e+00
1.607265930000000083e+02 1.604422150000000045e+02 1.563398640000000057e+02 0.000000000000000000e+00
1.625896909999999878e+02 1.616581419999999980e+02 1.611580403333333322e+02 1.000000000000000000e+00
1.637859950000000140e+02 1.631878429999999867e+02 1.623674263333333272e+02 1.000000000000000000e+00
1.654119570000000010e+02 1.645989759999999933e+02 1.639292143333333343e+02 1.000000000000000000e+00
1.679394529999999861e+02 1.666757049999999936e+02 1.657124683333333053e+02 1.000000000000000000e+00
