9.957999999999999838e-03 9.007000000000001116e-03 8.980000000000000135e-03 1.000000000000000000e+00
1.119000000000000029e-02 1.057400000000000007e-02 9.734666666666667509e-03 1.000000000000000000e+00
1.335899999999999935e-02 1.227450000000000069e-02 1.150233333333333142e-02 1.000000000000000000e+00
1.715600000000000111e-02 1.525750000000000023e-02 1.390166666666666807e-02 1.000000000000000000e+00
1.958899999999999877e-02 1.837249999999999994e-02 1.670133333333333192e-02 0.000000000000000000e+00
1.915299999999999989e-02 1.937099999999999933e-02 1.863266666666666890e-02 1.000000000000000000e+00
2.573100000000000040e-02 2.244200000000000014e-02 2.149099999999999969e-02 0.000000000000000000e+00
1.959800000000000084e-02 2.266450000000000062e-02 2.149399999999999922e-02 0.000000000000000000e+00
1.870000000000000134e-02 1.914899999999999936e-02 2.134300000000000086e-02 1.000000000000000000e+00
2.025499999999999870e-02 1.947750000000000176e-02 1.951766666666666580e-02 1.000000000000000000e+00
2.513400000000000009e-02 2.269449999999999940e-02 2.136300000000000351e-02 1.000000000000000000e+00
2.964599999999999874e-02 2.738999999999999768e-02 2.501166666666666469e-02 1.000000000000000000e+00
3.999599999999999683e-02 3.482099999999999779e-02 3.159200000000000202e-02 1.000000000000000000e+00
4.020599999999999868e-02 4.010099999999999776e-02 3.661600000000000271e-02 0.000000000000000000e+00
3.863500000000000267e-02 3.942049999999999721e-02 3.961233333333333273e-02 1.000000000000000000e+00
4.347999999999999782e-02 4.105749999999999678e-02 4.077366666666665945e-02 0.000000000000000000e+00
3.638600000000000168e-02 3.993299999999999628e-02 3.950033333333333174e-02 0.000000000000000000e+00
3.306699999999999917e-02 3.472650000000000042e-02 3.764433333333332826e-02 1.000000000000000000e+00
4.502300000000000052e-02 3.904499999999999638e-02 3.815866666666666712e-02 1.000000000000000000e+00
5.147299999999999792e-02 4.824799999999999922e-02 4.318766666666665893e-02 1.000000000000000000e+00
5.585899999999999893e-02 5.366599999999999843e-02 5.078499999999999681e-02 1.000000000000000000e+00
6.277399999999999647e-02 5.931649999999999423e-02 5.670199999999999546e-02 1.000000000000000000e+00
6.689299999999999413e-02 6.483349999999998836e-02 6.184199999999998726e-02 1.000000000000000000e+00
8.223199999999999954e-02 7.456250000000000377e-02 7.063299999999998746e-02 1.000000000000000000e+00
9.120399999999999341e-02 8.671799999999998954e-02 8.010966666666667624e-02 0.000000000000000000e+00
9.042899999999999550e-02 9.081649999999999445e-02 8.795499999999999152e-02 0.000000000000000000e+00
8.346099999999999353e-02 8.694499999999999451e-02 8.836466666666666081e-02 0.000000000000000000e+00
8.319699999999999318e-02 8.332899999999998641e-02 8.569566666666665611e-02 0.000000000000000000e+00
7.705299999999999649e-02 8.012500000000000178e-02 8.123699999999998977e-02 1.000000000000000000e+00
8.253299999999999526e-02 7.979300000000000281e-02 8.092766666666666164e-02 1.000000000000000000e+00
1.041740000000000027e-01 9.335350000000000592e-02 8.791999999999999815e-02 1.000000000000000000e+00
1.050809999999999939e-01 1.046274999999999983e-01 9.726266666666666394e-02 1.000000000000000000e+00
1.154260000000000008e-01 1.102535000000000043e-01 1.082270000000000038e-01 1.000000000000000000e+00
1.210770000000000041e-01 1.182515000000000094e-01 1.138613333333333283e-01 1.000000000000000000e+00
1.340979999999999950e-01 1.275874999999999926e-01 1.235336666666666666e-01 0.000000000000000000e+00
1.290449999999999930e-01 1.315715000000000079e-01 1.280733333333333446e-01 1.000000000000000000e+00
1.372730000000000061e-01 1.331589999999999996e-01 1.334720000000000073e-01 0.000000000000000000e+00
1.212970000000000020e-01 1.292850000000000110e-01 1.292049999999999865e-01 1.000000000000000000e+00
1.288650000000000073e-01 1.250809999999999977e-01 1.291450000000000098e-01 0.000000000000000000e+00
1.262399999999999911e-01 1.275525000000000131e-01 1.254673333333333474e-01 1.000000000000000000e+00
1.341009999999999980e-01 1.301704999999999945e-01 1.297353333333333414e-01 0.000000000000000000e+00
1.019629999999999981e-01 1.180319999999999980e-01 1.207679999999999865e-01 1.000000000000000000e+00
1.143519999999999953e-01 1.081574999999999898e-01 1.168053333333333305e-01 0.000000000000000000e+00
1.095229999999999954e-01 1.119374999999999953e-01 1.086126666666666490e-01 0.000000000000000000e+00
9.148100000000000676e-02 1.005020000000000080e-01 1.051186666666666519e-01 1.000000000000000000e+00
1.116349999999999981e-01 1.015580000000000094e-01 1.042130000000000001e-01 0.000000000000000000e+00
1.104809999999999959e-01 1.110579999999999901e-01 1.045323333333333382e-01 0.000000000000000000e+00
1.067310000000000064e-01 1.086060000000000081e-01 1.096156666666666668e-01 1.000000000000000000e+00
1.331360000000000043e-01 1.199334999999999984e-01 1.167826666666666596e-01 1.000000000000000000e+00
1.377960000000000018e-01 1.354660000000000031e-01 1.258876666666666477e-01 1.000000000000000000e+00
1.411239999999999994e-01 1.394600000000000006e-01 1.373520000000000019e-01 1.000000000000000000e+00
1.628840000000000010e-01 1.520040000000000002e-01 1.472679999999999823e-01 1.000000000000000000e+00
1.792100000000000082e-01 1.710470000000000046e-01 1.610726666666666695e-01 1.000000000000000000e+00
1.814890000000000114e-01 1.803494999999999959e-01 1.745276666666666643e-01 1.000000000000000000e+00
2.100299999999999945e-01 1.957595000000000030e-01 1.902430000000000232e-01 1.000000000000000000e+00
2.198479999999999879e-01 2.149389999999999912e-01 2.037889999999999979e-01 0.000000000000000000e+00
2.023459999999999981e-01 2.110969999999999791e-01 2.107413333333333361e-01 1.000000000000000000e+00
2.306979999999999864e-01 2.165219999999999922e-01 2.176306666666666390e-01 1.000000000000000000e+00
2.420670000000000044e-01 2.363824999999999954e-01 2.250370000000000148e-01 1.000000000000000000e+00
2.828060000000000018e-01 2.624365000000000170e-01 2.518569999999999975e-01 1.000000000000000000e+00
3.072520000000000251e-01 2.950289999999999857e-01 2.773749999999999827e-01 1.000000000000000000e+00
3.110379999999999812e-01 3.091450000000000031e-01 3.003653333333333175e-01 1.000000000000000000e+00
3.245609999999999884e-01 3.177995000000000125e-01 3.142836666666666834e-01 1.000000000000000000e+00
3.715600000000000014e-01 3.480604999999999949e-01 3.357196666666666940e-01 1.000000000000000000e+00
3.824699999999999767e-01 3.770149999999999890e-01 3.595303333333332851e-01 1.000000000000000000e+00
4.073209999999999886e-01 3.948954999999999549e-01 3.871169999999999889e-01 1.000000000000000000e+00
5.416050000000000031e-01 4.744629999999999681e-01 4.437986666666666191e-01 1.000000000000000000e+00
5.550880000000000258e-01 5.483465000000000700e-01 5.013379999999999503e-01 1.000000000000000000e+00
6.659559999999999924e-01 6.105220000000000091e-01 5.875496666666667478e-01 1.000000000000000000e+00
7.428510000000000391e-01 7.044034999999999602e-01 6.546316666666666118e-01 1.000000000000000000e+00
7.608890000000000375e-01 7.518700000000000383e-01 7.232319999999999860e-01 1.000000000000000000e+00
9.133949999999999569e-01 8.371420000000000528e-01 8.057116666666667149e-01 1.000000000000000000e+00
9.526719999999999633e-01 9.330334999999999601e-01 8.756519999999999859e-01 0.000000000000000000e+00
8.877950000000000008e-01 9.202334999999999265e-01 9.179539999999999367e-01 1.000000000000000000e+00
1.109742999999999924e+00 9.987690000000000179e-01 9.834033333333332960e-01 1.000000000000000000e+00
1.237854000000000010e+00 1.173798499999999967e+00 1.078464000000000089e+00 1.000000000000000000e+00
1.419994999999999896e+00 1.328924499999999842e+00 1.255863999999999869e+00 1.000000000000000000e+00
1.453594000000000053e+00 1.436794499999999974e+00 1.370480999999999838e+00 1.000000000000000000e+00
1.491333999999999937e+00 1.472463999999999995e+00 1.454974333333333369e+00 1.000000000000000000e+00
1.565628999999999937e+00 1.528481499999999826e+00 1.503519000000000050e+00 1.000000000000000000e+00
1.764957000000000109e+00 1.665293000000000134e+00 1.607306666666666439e+00 0.000000000000000000e+00
1.753317000000000014e+00 1.759136999999999951e+00 1.694634333333333354e+00 0.000000000000000000e+00
1.686595000000000066e+00 1.719956000000000040e+00 1.734956333333333545e+00 1.000000000000000000e+00
1.779265000000000096e+00 1.732930000000000081e+00 1.739725666666666726e+00 1.000000000000000000e+00
2.058183000000000096e+00 1.918724000000000096e+00 1.841347666666666827e+00 1.000000000000000000e+00
2.163537999999999961e+00 2.110860500000000251e+00 2.000328666666666866e+00 0.000000000000000000e+00
1.862524000000000068e+00 2.013030999999999793e+00 2.028081666666667005e+00 0.000000000000000000e+00
1.714099000000000039e+00 1.788311500000000054e+00 1.913386999999999949e+00 1.000000000000000000e+00
1.752191000000000054e+00 1.733144999999999936e+00 1.776271333333333535e+00 1.000000000000000000e+00
1.778853999999999935e+00 1.765522499999999884e+00 1.748381333333333343e+00 1.000000000000000000e+00
1.934482000000000035e+00 1.856667999999999985e+00 1.821842333333333341e+00 0.000000000000000000e+00
1.648751999999999995e+00 1.791617000000000015e+00 1.787362666666666655e+00 0.000000000000000000e+00
1.637167999999999957e+00 1.642959999999999976e+00 1.740134000000000070e+00 0.000000000000000000e+00
1.478159999999999918e+00 1.557663999999999938e+00 1.588026666666666697e+00 1.000000000000000000e+00
1.527169999999999916e+00 1.502664999999999917e+00 1.547499333333333338e+00 0.000000000000000000e+00
1.225265000000000049e+00 1.376217500000000094e+00 1.410198333333333442e+00 1.000000000000000000e+00
1.285033000000000092e+00 1.255149000000000070e+00 1.345822666666666834e+00 1.000000000000000000e+00
1.407319999999999904e+00 1.346176499999999887e+00 1.305872666666666682e+00 1.000000000000000000e+00
1.419349999999999890e+00 1.413335000000000008e+00 1.370567666666666407e+00 1.000000000000000000e+00
1.565385000000000026e+00 1.492367499999999847e+00 1.464018333333333421e+00 0.000000000000000000e+00
1.508013999999999966e+00 1.536699500000000107e+00 1.497582999999999886e+00 1.000000000000000000e+00
1.596117999999999926e+00 1.552065999999999946e+00 1.556505666666666565e+00 0.000000000000000000e+00
1.491236999999999924e+00 1.543677499999999814e+00 1.531789666666666605e+00 0.000000000000000000e+00
1.162411000000000083e+00 1.326824000000000003e+00 1.416588666666666496e+00 1.000000000000000000e+00
1.233621999999999996e+00 1.198016500000000040e+00 1.295756666666666668e+00 1.000000000000000000e+00
1.493149000000000060e+00 1.363385500000000139e+00 1.296394000000000046e+00 0.000000000000000000e+00
1.376967000000000052e+00 1.435058000000000167e+00 1.367912666666666555e+00 1.000000000000000000e+00
1.396330000000000071e+00 1.386648500000000173e+00 1.422148666666666728e+00 1.000000000000000000e+00
1.602938999999999892e+00 1.499634499999999981e+00 1.458745333333333560e+00 1.000000000000000000e+00
1.882573000000000052e+00 1.742755999999999972e+00 1.627280666666666598e+00 1.000000000000000000e+00
2.032297999999999938e+00 1.957435499999999884e+00 1.839269999999999960e+00 1.000000000000000000e+00
2.228028000000000119e+00 2.130163000000000029e+00 2.047632999999999814e+00 0.000000000000000000e+00
2.183243000000000045e+00 2.205635500000000082e+00 2.147856333333333367e+00 1.000000000000000000e+00
2.270573000000000174e+00 2.226907999999999888e+00 2.227281333333333446e+00 0.000000000000000000e+00
1.895826999999999929e+00 2.083200000000000163e+00 2.116547666666666494e+00 0.000000000000000000e+00
1.704422000000000104e+00 1.800124499999999905e+00 1.956940666666666884e+00 1.000000000000000000e+00
2.073561999999999905e+00 1.888992000000000004e+00 1.891270333333333165e+00 0.000000000000000000e+00
2.078396999999999828e+00 2.075979499999999867e+00 1.952126999999999946e+00 0.000000000000000000e+00
1.707254999999999967e+00 1.892825999999999897e+00 1.953071333333333159e+00 1.000000000000000000e+00
1.839472999999999914e+00 1.773363999999999940e+00 1.875041666666666496e+00 0.000000000000000000e+00
1.728320000000000078e+00 1.783896499999999996e+00 1.758349333333333320e+00 0.000000000000000000e+00
1.080200000000000049e+00 1.404260000000000064e+00 1.549330999999999792e+00 1.000000000000000000e+00
1.505157999999999996e+00 1.292679000000000133e+00 1.437892666666666708e+00 1.000000000000000000e+00
1.699413000000000062e+00 1.602285500000000029e+00 1.428257000000000110e+00 0.000000000000000000e+00
1.677407000000000092e+00 1.688410000000000188e+00 1.627326000000000050e+00 0.000000000000000000e+00
1.557590999999999948e+00 1.617499000000000020e+00 1.644803666666666997e+00 1.000000000000000000e+00
1.754834999999999923e+00 1.656212999999999935e+00 1.663277666666666654e+00 0.000000000000000000e+00
1.587496999999999936e+00 1.671165999999999929e+00 1.633307666666666380e+00 1.000000000000000000e+00
1.606927999999999912e+00 1.597212499999999924e+00 1.649753333333333183e+00 1.000000000000000000e+00
1.642743000000000064e+00 1.624835500000000099e+00 1.612389333333333452e+00 1.000000000000000000e+00
1.753287999999999958e+00 1.698015499999999900e+00 1.667653000000000274e+00 1.000000000000000000e+00
2.295726999999999851e+00 2.024507499999999904e+00 1.897252666666666698e+00 1.000000000000000000e+00
2.311971999999999916e+00 2.303849500000000106e+00 2.120328999999999908e+00 0.000000000000000000e+00
1.640360000000000040e+00 1.976166000000000089e+00 2.082686333333333639e+00 1.000000000000000000e+00
1.695839000000000096e+00 1.668099500000000068e+00 1.882723666666666906e+00 1.000000000000000000e+00
1.804637999999999964e+00 1.750238500000000030e+00 1.713612333333333515e+00 0.000000000000000000e+00
1.773992000000000013e+00 1.789314999999999989e+00 1.758156333333333210e+00 1.000000000000000000e+00
1.812407000000000101e+00 1.793199500000000057e+00 1.797012333333333212e+00 1.000000000000000000e+00
2.100553999999999810e+00 1.956480500000000067e+00 1.895650999999999975e+00 1.000000000000000000e+00
2.208785000000000220e+00 2.154669499999999793e+00 2.040582000000000118e+00 0.000000000000000000e+00
2.067864999999999842e+00 2.138325000000000031e+00 2.125734666666666328e+00 1.000000000000000000e+00
2.246570999999999874e+00 2.157217999999999858e+00 2.174406999999999979e+00 1.000000000000000000e+00
2.411788000000000043e+00 2.329179499999999958e+00 2.242074666666666882e+00 1.000000000000000000e+00
2.559708000000000094e+00 2.485748000000000069e+00 2.406022333333333041e+00 1.000000000000000000e+00
2.775635999999999992e+00 2.667672000000000043e+00 2.582377333333333524e+00 0.000000000000000000e+00
2.726989000000000107e+00 2.751312500000000050e+00 2.687444333333333546e+00 1.000000000000000000e+00
2.780269000000000101e+00 2.753629000000000104e+00 2.760964666666666734e+00 0.000000000000000000e+00
2.510489000000000193e+00 2.645379000000000147e+00 2.672582333333333171e+00 1.000000000000000000e+00
2.530260999999999871e+00 2.520375000000000032e+00 2.607006333333333092e+00 0.000000000000000000e+00
2.525551999999999797e+00 2.527906499999999834e+00 2.522100666666666768e+00 0.000000000000000000e+00
2.365361000000000047e+00 2.445456499999999700e+00 2.473724666666666572e+00 0.000000000000000000e+00
2.072150999999999854e+00 2.218755999999999950e+00 2.321021333333332937e+00 0.000000000000000000e+00
2.072150999999999854e+00 2.072150999999999854e+00 2.169887666666666437e+00 1.000000000000000000e+00
2.316298000000000190e+00 2.194224499999999800e+00 2.153533333333333299e+00 0.000000000000000000e+00
2.198005000000000209e+00 2.257151499999999977e+00 2.195484666666666751e+00 0.000000000000000000e+00
2.182789000000000090e+00 2.190396999999999927e+00 2.232364000000000015e+00 1.000000000000000000e+00
2.244467999999999908e+00 2.213628499999999999e+00 2.208420666666666587e+00 1.000000000000000000e+00
2.336685000000000123e+00 2.290576500000000237e+00 2.254647333333333226e+00 1.000000000000000000e+00
2.591165999999999858e+00 2.463925500000000213e+00 2.390772999999999815e+00 1.000000000000000000e+00
2.761734000000000133e+00 2.676449999999999996e+00 2.563195000000000334e+00 1.000000000000000000e+00
2.888650000000000162e+00 2.825192000000000370e+00 2.747183333333333533e+00 0.000000000000000000e+00
2.759669000000000150e+00 2.824159500000000378e+00 2.803351000000000592e+00 0.000000000000000000e+00
2.723951000000000011e+00 2.741810000000000080e+00 2.790756666666666774e+00 1.000000000000000000e+00
2.999820999999999849e+00 2.861886000000000152e+00 2.827813666666666226e+00 1.000000000000000000e+00
3.201983999999999941e+00 3.100902500000000117e+00 2.975251999999999786e+00 1.000000000000000000e+00
3.433562999999999921e+00 3.317773499999999931e+00 3.211789333333333385e+00 1.000000000000000000e+00
3.613570999999999867e+00 3.523566999999999894e+00 3.416372666666666280e+00 1.000000000000000000e+00
3.678587999999999969e+00 3.646079499999999918e+00 3.575240666666666289e+00 1.000000000000000000e+00
3.838953000000000060e+00 3.758770499999999792e+00 3.710370666666666484e+00 1.000000000000000000e+00
4.036795999999999829e+00 3.937874499999999944e+00 3.851445666666666767e+00 1.000000000000000000e+00
4.291403999999999996e+00 4.164099999999999469e+00 4.055717666666666332e+00 0.000000000000000000e+00
4.049686999999999593e+00 4.170545499999999350e+00 4.125962333333332843e+00 0.000000000000000000e+00
4.004659000000000191e+00 4.027172999999999448e+00 4.115249999999999631e+00 1.000000000000000000e+00
4.263569000000000386e+00 4.134114000000000289e+00 4.105971666666666131e+00 0.000000000000000000e+00
4.187497999999999720e+00 4.225533500000000053e+00 4.151908666666666470e+00 1.000000000000000000e+00
4.337238000000000149e+00 4.262368000000000379e+00 4.262768333333333715e+00 1.000000000000000000e+00
4.538231999999999822e+00 4.437734999999999985e+00 4.354322666666667452e+00 1.000000000000000000e+00
4.781698999999999700e+00 4.659965500000000205e+00 4.552389666666666557e+00 1.000000000000000000e+00
4.978706999999999994e+00 4.880202999999999847e+00 4.766212666666667097e+00 1.000000000000000000e+00
5.333321999999999896e+00 5.156014499999999501e+00 5.031242666666666530e+00 0.000000000000000000e+00
5.214856000000000158e+00 5.274089000000000027e+00 5.175628333333333053e+00 0.000000000000000000e+00
5.234116000000000213e+00 5.224486000000000629e+00 5.260764666666666756e+00 0.000000000000000000e+00
5.015000999999999820e+00 5.124558500000000016e+00 5.154657666666667026e+00 0.000000000000000000e+00
4.733457999999999721e+00 4.874229500000000215e+00 4.994191666666666585e+00 1.000000000000000000e+00
5.065621000000000151e+00 4.899539499999999492e+00 4.938026666666666564e+00 1.000000000000000000e+00
5.336772999999999989e+00 5.201197000000000514e+00 5.045283999999999658e+00 0.000000000000000000e+00
5.288777999999999757e+00 5.312775499999999873e+00 5.230390666666667521e+00 0.000000000000000000e+00
4.980163000000000117e+00 5.134470499999999937e+00 5.201904666666666621e+00 1.000000000000000000e+00
5.154981000000000257e+00 5.067572000000000187e+00 5.141307333333333673e+00 1.000000000000000000e+00
5.445878999999999692e+00 5.300430000000000419e+00 5.193674333333333060e+00 1.000000000000000000e+00
5.526873000000000147e+00 5.486375999999999920e+00 5.375910999999999440e+00 1.000000000000000000e+00
5.623414999999999608e+00 5.575143999999999878e+00 5.532055666666667371e+00 0.000000000000000000e+00
5.399469999999999992e+00 5.511442499999999356e+00 5.516586000000000212e+00 1.000000000000000000e+00
5.788338000000000427e+00 5.593904000000000210e+00 5.603740999999999417e+00 0.000000000000000000e+00
5.676280000000000214e+00 5.732309000000000765e+00 5.621362666666667174e+00 0.000000000000000000e+00
5.622889999999999944e+00 5.649585000000000079e+00 5.695835999999999899e+00 0.000000000000000000e+00
5.517771999999999899e+00 5.570330999999999477e+00 5.605647333333333648e+00 1.000000000000000000e+00
5.565178000000000402e+00 5.541475000000000151e+00 5.568613333333332527e+00 1.000000000000000000e+00
5.599768000000000079e+00 5.582473000000000241e+00 5.560906000000000127e+00 1.000000000000000000e+00
5.724522000000000332e+00 5.662145000000000650e+00 5.629822666666666642e+00 1.000000000000000000e+00
6.210778999999999606e+00 5.967650499999999525e+00 5.845023000000000302e+00 1.000000000000000000e+00
6.718519999999999825e+00 6.464649500000000160e+00 6.217940333333333847e+00 1.000000000000000000e+00
7.235501000000000182e+00 6.977010500000000448e+00 6.721599999999999575e+00 0.000000000000000000e+00
7.241346000000000060e+00 7.238423499999999677e+00 7.065122333333333948e+00 1.000000000000000000e+00
7.449817999999999607e+00 7.345582000000000278e+00 7.308888333333332987e+00 1.000000000000000000e+00
7.876559000000000310e+00 7.663188500000000403e+00 7.522574333333333918e+00 1.000000000000000000e+00
8.011516000000000304e+00 7.944037500000000307e+00 7.779297666666667332e+00 1.000000000000000000e+00
8.358138000000000289e+00 8.184827000000000297e+00 8.082071000000000893e+00 1.000000000000000000e+00
8.806611999999999441e+00 8.582374999999998977e+00 8.392088666666666086e+00 1.000000000000000000e+00
9.045595000000000496e+00 8.926103499999999968e+00 8.736781666666665558e+00 0.000000000000000000e+00
8.877985000000000682e+00 8.961790000000000589e+00 8.910064000000000206e+00 0.000000000000000000e+00
8.860687000000000424e+00 8.869336000000000553e+00 8.928088999999999942e+00 1.000000000000000000e+00
9.225554000000000698e+00 9.043120500000000561e+00 8.988075333333334527e+00 1.000000000000000000e+00
1.056172100000000036e+01 9.893637500000000529e+00 9.549320666666666568e+00 0.000000000000000000e+00
1.046448600000000084e+01 1.051310349999999971e+01 1.008392033333333337e+01 0.000000000000000000e+00
1.023973499999999959e+01 1.035211050000000021e+01 1.042198066666666634e+01 0.000000000000000000e+00
9.914210999999999885e+00 1.007697299999999885e+01 1.020614400000000010e+01 0.000000000000000000e+00
9.731541999999999248e+00 9.822876499999999567e+00 9.961829333333332315e+00 1.000000000000000000e+00
1.099243700000000068e+01 1.036198949999999996e+01 1.021273000000000053e+01 0.000000000000000000e+00
1.096433900000000072e+01 1.097838800000000070e+01 1.056277266666666748e+01 1.000000000000000000e+00
1.122203400000000073e+01 1.109318650000000162e+01 1.105960333333333345e+01 0.000000000000000000e+00
9.784191999999999112e+00 1.050311299999999903e+01 1.065685500000000019e+01 0.000000000000000000e+00
9.763759999999999550e+00 9.773975999999999331e+00 1.025666199999999861e+01 1.000000000000000000e+00
1.008489400000000025e+01 9.924326999999999899e+00 9.877615333333332970e+00 1.000000000000000000e+00
1.113148499999999963e+01 1.060818949999999994e+01 1.032671299999999981e+01 0.000000000000000000e+00
9.733696000000000126e+00 1.043259049999999988e+01 1.031669166666666548e+01 0.000000000000000000e+00
8.993914000000000186e+00 9.363804999999999268e+00 9.953031666666666055e+00 0.000000000000000000e+00
8.613891000000000631e+00 8.803902499999999520e+00 9.113833666666666389e+00 0.000000000000000000e+00
7.792542000000000080e+00 8.203216499999999911e+00 8.466782333333332744e+00 0.000000000000000000e+00
7.151919999999999611e+00 7.472230999999999845e+00 7.852784333333333144e+00 1.000000000000000000e+00
8.074970999999999677e+00 7.613445499999999200e+00 7.673144333333333122e+00 1.000000000000000000e+00
9.253375999999999379e+00 8.664173500000000416e+00 8.160088999999999260e+00 1.000000000000000000e+00
1.006108599999999953e+01 9.657230999999999455e+00 9.129811000000000121e+00 0.000000000000000000e+00
9.131691999999999254e+00 9.596388999999998504e+00 9.482051333333332721e+00 1.000000000000000000e+00
1.016349899999999984e+01 9.647595499999999547e+00 9.785425666666666800e+00 0.000000000000000000e+00
9.939199999999999591e+00 1.005134950000000060e+01 9.744797000000000153e+00 1.000000000000000000e+00
1.160978899999999925e+01 1.077449449999999942e+01 1.057082933333333408e+01 0.000000000000000000e+00
1.137089600000000011e+01 1.149034250000000057e+01 1.097329500000000024e+01 1.000000000000000000e+00
1.186647699999999972e+01 1.161868649999999903e+01 1.161572066666666636e+01 1.000000000000000000e+00
1.208226699999999987e+01 1.197437199999999891e+01 1.177321333333333264e+01 0.000000000000000000e+00
1.185390600000000028e+01 1.196808650000000007e+01 1.193421666666666603e+01 1.000000000000000000e+00
1.256978699999999982e+01 1.221184650000000005e+01 1.216865333333333332e+01 1.000000000000000000e+00
1.366685299999999970e+01 1.311832000000000065e+01 1.269684866666666778e+01 1.000000000000000000e+00
1.434401300000000035e+01 1.400543300000000002e+01 1.352688433333333329e+01 0.000000000000000000e+00
1.367697700000000083e+01 1.401049500000000059e+01 1.389594766666666636e+01 0.000000000000000000e+00
1.276429899999999940e+01 1.322063800000000100e+01 1.359509633333333234e+01 1.000000000000000000e+00
1.412402900000000017e+01 1.344416400000000067e+01 1.352176833333333406e+01 0.000000000000000000e+00
1.342588199999999965e+01 1.377495550000000080e+01 1.343807000000000151e+01 1.000000000000000000e+00
1.537071700000000085e+01 1.439829950000000025e+01 1.430687600000000081e+01 1.000000000000000000e+00
1.585749000000000031e+01 1.561410350000000058e+01 1.488469633333333242e+01 1.000000000000000000e+00
1.677069499999999991e+01 1.631409250000000100e+01 1.599963400000000036e+01 0.000000000000000000e+00
1.663244600000000162e+01 1.670157050000000254e+01 1.642021033333333335e+01 0.000000000000000000e+00
1.629048299999999827e+01 1.646146449999999817e+01 1.656454133333333445e+01 1.000000000000000000e+00
1.758415799999999862e+01 1.693732049999999845e+01 1.683569566666666617e+01 0.000000000000000000e+00
1.495137000000000072e+01 1.626776399999999967e+01 1.627533699999999683e+01 1.000000000000000000e+00
1.649037900000000079e+01 1.572087450000000075e+01 1.634196900000000241e+01 1.000000000000000000e+00
1.691705500000000129e+01 1.670371700000000104e+01 1.611960133333333545e+01 1.000000000000000000e+00
1.802483000000000146e+01 1.747094249999999960e+01 1.714408799999999999e+01 1.000000000000000000e+00
1.833565300000000065e+01 1.818024150000000105e+01 1.775917933333333210e+01 0.000000000000000000e+00
1.762377400000000094e+01 1.797971350000000257e+01 1.799475233333333435e+01 0.000000000000000000e+00
1.739191599999999838e+01 1.750784499999999966e+01 1.778378100000000117e+01 1.000000000000000000e+00
1.988117400000000146e+01 1.863654499999999814e+01 1.829895466666666692e+01 0.000000000000000000e+00
1.984609800000000135e+01 1.986363599999999963e+01 1.903972933333333017e+01 0.000000000000000000e+00
1.988530300000000040e+01 1.986570050000000265e+01 1.987085833333333440e+01 1.000000000000000000e+00
2.178378500000000173e+01 2.083454400000000106e+01 2.050506200000000234e+01 1.000000000000000000e+00
2.260704000000000136e+01 2.219541250000000332e+01 2.142537599999999998e+01 0.000000000000000000e+00
2.271597099999999969e+01 2.266150550000000052e+01 2.236893200000000093e+01 1.000000000000000000e+00
2.375140000000000029e+01 2.323368549999999999e+01 2.302480366666666711e+01 0.000000000000000000e+00
2.296797199999999961e+01 2.335968599999999995e+01 2.314511433333333557e+01 0.000000000000000000e+00
1.888720899999999858e+01 2.092759050000000087e+01 2.186886033333333401e+01 1.000000000000000000e+00
2.008568400000000054e+01 1.948644649999999956e+01 2.064695500000000195e+01 1.000000000000000000e+00
2.094849800000000073e+01 2.051709100000000063e+01 1.997379700000000113e+01 0.000000000000000000e+00
2.072372599999999920e+01 2.083611199999999997e+01 2.058596933333333467e+01 0.000000000000000000e+00
1.995294000000000167e+01 2.033833299999999866e+01 2.054172133333333150e+01 1.000000000000000000e+00
2.128488499999999917e+01 2.061891250000000042e+01 2.065385033333333453e+01 1.000000000000000000e+00
2.253385400000000161e+01 2.190936950000000039e+01 2.125722633333333533e+01 1.000000000000000000e+00
2.401684399999999897e+01 2.327534899999999851e+01 2.261186100000000110e+01 1.000000000000000000e+00
2.419902400000000142e+01 2.410793400000000020e+01 2.358324066666666496e+01 1.000000000000000000e+00
2.642504100000000022e+01 2.531203250000000082e+01 2.488030299999999784e+01 1.000000000000000000e+00
2.848046700000000087e+01 2.745275399999999877e+01 2.636817733333333535e+01 0.000000000000000000e+00
2.761172300000000135e+01 2.804609500000000111e+01 2.750574366666666393e+01 1.000000000000000000e+00
2.870789100000000005e+01 2.815980700000000070e+01 2.826669366666666861e+01 0.000000000000000000e+00
2.836526900000000140e+01 2.853658000000000072e+01 2.822829433333333427e+01 0.000000000000000000e+00
2.832019199999999870e+01 2.834273050000000183e+01 2.846445066666666435e+01 1.000000000000000000e+00
3.296568299999999851e+01 3.064293749999999861e+01 2.988371466666666620e+01 1.000000000000000000e+00
3.438160700000000247e+01 3.367364500000000049e+01 3.188916066666666893e+01 1.000000000000000000e+00
3.591552399999999778e+01 3.514856550000000368e+01 3.442093799999999959e+01 0.000000000000000000e+00
3.568861400000000117e+01 3.580206900000000303e+01 3.532858166666667188e+01 0.000000000000000000e+00
3.326880599999999788e+01 3.447870999999999952e+01 3.495764799999999894e+01 1.000000000000000000e+00
3.575767900000000310e+01 3.451324250000000404e+01 3.490503300000000309e+01 0.000000000000000000e+00
3.393778199999999856e+01 3.484773049999999728e+01 3.432142233333333792e+01 0.000000000000000000e+00
3.351964199999999749e+01 3.372871200000000158e+01 3.440503433333333305e+01 1.000000000000000000e+00
3.533921099999999882e+01 3.442942649999999816e+01 3.426554500000000303e+01 1.000000000000000000e+00
3.585896699999999981e+01 3.559908899999999932e+01 3.490593999999999397e+01 0.000000000000000000e+00
3.566476399999999813e+01 3.576186549999999897e+01 3.562098066666666796e+01 1.000000000000000000e+00
3.632136200000000059e+01 3.599306299999999936e+01 3.594836433333333048e+01 1.000000000000000000e+00
4.174999199999999888e+01 3.903567699999999974e+01 3.791203933333333254e+01 1.000000000000000000e+00
4.351454499999999825e+01 4.263226849999999502e+01 4.052863299999999924e+01 1.000000000000000000e+00
4.647261000000000308e+01 4.499357750000000067e+01 4.391238233333333341e+01 0.000000000000000000e+00
4.500293700000000285e+01 4.573777350000000297e+01 4.499669733333333710e+01 0.000000000000000000e+00
4.342655899999999747e+01 4.421474800000000016e+01 4.496736866666666543e+01 1.000000000000000000e+00
4.571911200000000264e+01 4.457283549999999650e+01 4.471620266666666765e+01 1.000000000000000000e+00
4.750497800000000126e+01 4.661204500000000195e+01 4.555021633333333142e+01 0.000000000000000000e+00
4.679947700000000310e+01 4.715222750000000218e+01 4.667452233333333567e+01 1.000000000000000000e+00
4.813944599999999951e+01 4.746946150000000131e+01 4.748130033333333699e+01 1.000000000000000000e+00
5.142612799999999851e+01 4.978278699999999901e+01 4.878835033333333371e+01 1.000000000000000000e+00
5.485390499999999747e+01 5.314001650000000154e+01 5.147315966666666753e+01 1.000000000000000000e+00
1.072321929999999952e+02 8.104304899999999634e+01 7.117074200000000417e+01 0.000000000000000000e+00
5.854351400000000183e+01 8.288785350000000562e+01 7.354320400000000291e+01 1.000000000000000000e+00
6.269788400000000195e+01 6.062069900000000189e+01 7.615786366666667107e+01 1.000000000000000000e+00
6.329601300000000208e+01 6.299694850000000201e+01 6.151247033333334002e+01 0.000000000000000000e+00
5.981253099999999989e+01 6.155427199999999743e+01 6.193547600000000131e+01 0.000000000000000000e+00
5.963199999999999790e+01 5.972226549999999889e+01 6.091351466666666425e+01 0.000000000000000000e+00
5.922811899999999952e+01 5.943005949999999871e+01 5.955754999999999910e+01 0.000000000000000000e+00
5.911270900000000239e+01 5.917041400000000095e+01 5.932427599999999757e+01 0.000000000000000000e+00
5.682585900000000123e+01 5.796928400000000181e+01 5.838889566666666298e+01 0.000000000000000000e+00
5.323929600000000306e+01 5.503257750000000215e+01 5.639262133333333082e+01 0.000000000000000000e+00
5.322001600000000110e+01 5.322965600000000563e+01 5.442839033333333276e+01 1.000000000000000000e+00
5.366557300000000197e+01 5.344279450000000509e+01 5.337496166666667108e+01 1.000000000000000000e+00
5.573483999999999838e+01 5.470020650000000018e+01 5.420680966666666478e+01 0.000000000000000000e+00
5.090977900000000034e+01 5.332230950000000291e+01 5.343673066666666926e+01 0.000000000000000000e+00
4.878982899999999745e+01 4.984980399999999889e+01 5.181148266666667013e+01 0.000000000000000000e+00
4.868287999999999727e+01 4.873635449999999736e+01 4.946082933333332932e+01 1.000000000000000000e+00
5.028716299999999961e+01 4.948502150000000199e+01 4.925329066666666478e+01 1.000000000000000000e+00
5.162004900000000163e+01 5.095360600000000062e+01 5.019669733333333284e+01 1.000000000000000000e+00
5.577697400000000272e+01 5.369851150000000217e+01 5.256139533333333702e+01 0.000000000000000000e+00
5.438157999999999959e+01 5.507927700000000470e+01 5.392620099999999894e+01 0.000000000000000000e+00
5.423778899999999936e+01 5.430968450000000303e+01 5.479878099999999819e+01 0.000000000000000000e+00
5.186898800000000165e+01 5.305338849999999695e+01 5.349611900000000020e+01 1.000000000000000000e+00
5.775184200000000345e+01 5.481041500000000610e+01 5.461953966666666815e+01 0.000000000000000000e+00
5.799779099999999943e+01 5.787481650000000144e+01 5.587287366666667054e+01 0.000000000000000000e+00
5.186898399999999754e+01 5.493338749999999493e+01 5.587287233333333347e+01 0.000000000000000000e+00
5.110108900000000176e+01 5.148503649999999965e+01 5.365595466666666624e+01 1.000000000000000000e+00
5.419574000000000069e+01 5.264841450000000123e+01 5.238860433333334043e+01 1.000000000000000000e+00
5.954730200000000195e+01 5.687152100000000132e+01 5.494804366666667050e+01 1.000000000000000000e+00
6.164654199999999662e+01 6.059692199999999929e+01 5.846319466666667353e+01 1.000000000000000000e+00
6.745793899999999610e+01 6.455224049999999636e+01 6.288392766666666489e+01 0.000000000000000000e+00
6.628123499999999524e+01 6.686958699999999567e+01 6.512857200000000546e+01 0.000000000000000000e+00
6.569782999999999618e+01 6.598953249999999571e+01 6.647900133333332917e+01 1.000000000000000000e+00
6.783060500000000559e+01 6.676421750000000088e+01 6.660322333333333233e+01 1.000000000000000000e+00
7.121270800000000634e+01 6.952165650000000596e+01 6.824704766666667410e+01 1.000000000000000000e+00
7.902825900000000559e+01 7.512048350000000596e+01 7.269052399999999636e+01 0.000000000000000000e+00
7.649398800000000165e+01 7.776112349999999651e+01 7.557831833333334259e+01 1.000000000000000000e+00
8.175537099999999668e+01 7.912467949999999917e+01 7.909253933333333464e+01 1.000000000000000000e+00
