1989-11-01,0.960938,0.992188,0.890625,0.921875,0.008926,598048000
1989-12-01,0.921875,0.929688,0.738281,0.832031,0.008056,660038400
1990-01-01,0.832031,0.890625,0.761719,0.789063,0.009958,425433600
1990-02-01,0.789063,0.886719,0.750000,0.886719,0.011190,363891200
1990-03-01,0.886719,1.105469,0.855469,1.058594,0.013359,532960000
1990-04-01,1.058594,1.109375,1.019531,1.074219,0.017156,404140800
1990-05-01,1.074219,1.296875,1.074219,1.226563,0.019589,663059200
1990-06-01,1.226563,1.261719,1.103516,1.199219,0.019153,682073600
1990-07-01,1.199219,1.498047,1.195313,1.343750,0.025731,890694400
1990-08-01,1.343750,1.365234,0.917969,1.023438,0.019598,1135193600
1990-09-01,1.023438,1.187500,0.902344,0.976563,0.018700,829804800
1990-10-01,0.988281,1.060547,0.812500,0.859375,0.020255,631235200
1990-11-01,0.859375,1.140625,0.851563,1.066406,0.025134,339955200
1990-12-01,1.078125,1.257813,1.078125,1.257813,0.029646,319811200
1991-01-01,1.257813,1.492188,1.101563,1.492188,0.039996,312720000
1991-02-01,1.492188,1.683594,1.359375,1.500000,0.040206,350928000
1991-03-01,1.500000,1.703125,1.367188,1.441406,0.038635,298153600
1991-04-01,1.441406,1.570313,1.332031,1.484375,0.043480,325856000
1991-05-01,1.484375,1.542969,1.191406,1.242188,0.036386,427395200
1991-06-01,1.242188,1.304688,1.097656,1.128906,0.033067,269859200
1991-07-01,1.128906,1.371094,1.109375,1.363281,0.045023,305676800
1991-08-01,1.363281,1.562500,1.320313,1.558594,0.051473,297177600
1991-09-01,1.558594,1.707031,1.480469,1.691406,0.055859,233571200
1991-10-01,1.691406,1.765625,1.546875,1.726563,0.062774,245801600
1991-11-01,1.734375,1.960938,1.707031,1.839844,0.066893,212531200
1991-12-01,1.824219,2.367188,1.789063,2.261719,0.082232,190147200
1992-01-01,2.218750,2.421875,2.171875,2.300781,0.091204,217632000
1992-02-01,2.308594,2.417969,2.113281,2.281250,0.090429,133628800
1992-03-01,2.289063,2.339844,2.039063,2.105469,0.083461,187872000
1992-04-01,2.093750,2.242188,1.835938,1.957031,0.083197,254089600
1992-05-01,1.964844,2.062500,1.773438,1.812500,0.077053,213974400
1992-06-01,1.816406,1.960938,1.718750,1.941406,0.082533,173193600
1992-07-01,1.945313,2.257813,1.867188,2.242188,0.104174,199916800
1992-08-01,2.234375,2.289063,2.140625,2.261719,0.105081,115926400
1992-09-01,2.261719,2.511719,2.238281,2.484375,0.115426,185708800
1992-10-01,2.476563,2.484375,2.316406,2.433594,0.121077,165008000
1992-11-01,2.441406,2.820313,2.441406,2.695313,0.134098,158806400
1992-12-01,2.691406,2.812500,2.593750,2.593750,0.129045,187875200
1993-01-01,2.601563,2.734375,2.457031,2.550781,0.137273,163939200
1993-02-01,2.574219,2.789063,2.015625,2.253906,0.121297,242966400
1993-03-01,2.253906,2.484375,2.203125,2.394531,0.128865,201008000
1993-04-01,2.390625,2.394531,2.117188,2.132813,0.126240,189539200
1993-05-01,2.140625,2.414063,2.132813,2.265625,0.134101,178752000
1993-06-01,2.273438,2.335938,1.691406,1.722656,0.101963,351235200
1993-07-01,1.718750,1.812500,1.679688,1.757813,0.114352,269683200
1993-08-01,1.765625,1.796875,1.542969,1.683594,0.109523,224012800
1993-09-01,1.679688,1.699219,1.351563,1.406250,0.091481,355510400
1993-10-01,1.406250,1.546875,1.398438,1.511719,0.111635,244019200
1993-11-01,1.511719,1.699219,1.492188,1.496094,0.110481,234256000
1993-12-01,1.507813,1.519531,1.347656,1.445313,0.106731,334928000
1994-01-01,1.449219,1.652344,1.445313,1.562500,0.133136,267929600
1994-02-01,1.570313,1.625000,1.527344,1.617188,0.137796,167766400
1994-03-01,1.609375,1.824219,1.578125,1.656250,0.141124,292531200
1994-04-01,1.640625,1.835938,1.632813,1.675781,0.162884,163840000
1994-05-01,1.683594,1.933594,1.656250,1.843750,0.179210,189664000
1994-06-01,1.835938,1.898438,1.757813,1.867188,0.181489,165734400
1994-07-01,1.871094,1.996094,1.820313,1.921875,0.210030,186275200
1994-08-01,1.929688,2.082031,1.921875,2.011719,0.219848,192784000
1994-09-01,2.019531,2.074219,1.816406,1.851563,0.202346,171948800
1994-10-01,1.851563,1.964844,1.816406,1.902344,0.230698,86121600
1994-11-01,1.898438,2.041016,1.855469,1.996094,0.242067,119628800
1994-12-01,2.000000,2.390625,1.988281,2.332031,0.282806,218908800
1995-01-01,2.312500,2.312500,2.179688,2.218750,0.307252,171318400
1995-02-01,2.203125,2.312500,2.148438,2.246094,0.311038,154931200
1995-03-01,2.246094,2.437500,2.238281,2.343750,0.324561,248832000
1995-04-01,2.335938,2.402344,2.214844,2.394531,0.371560,208822400
1995-05-01,2.386719,2.519531,2.378906,2.464844,0.382470,161600000
1995-06-01,2.460938,2.675781,2.441406,2.625000,0.407321,160800000
1995-07-01,2.617188,2.898438,2.601563,2.824219,0.541605,168070400
1995-08-01,2.832031,3.023438,2.789063,2.894531,0.555088,179542400
1995-09-01,2.894531,3.546875,2.832031,3.472656,0.665956,277667200
1995-10-01,3.476563,3.648438,3.363281,3.539063,0.742851,173388800
1995-11-01,3.531250,3.914063,3.500000,3.625000,0.760889,139150400
1995-12-01,3.625000,4.398438,3.617188,4.351563,0.913395,152985600
1996-01-01,4.296875,4.460938,3.976563,4.359375,0.952672,166953600
1996-02-01,4.171875,4.312500,3.968750,4.062500,0.887795,193336000
1996-03-01,4.085938,5.367188,4.085938,5.078125,1.109743,240600000
1996-04-01,5.078125,5.914063,4.859375,5.468750,1.237854,219643200
1996-05-01,5.476563,6.507813,5.468750,6.273438,1.419995,207619200
1996-06-01,6.265625,6.742188,6.078125,6.421875,1.453594,137120000
1996-07-01,6.429688,6.906250,5.984375,6.429688,1.491334,263596800
1996-08-01,6.445313,6.953125,6.445313,6.750000,1.565629,132184000
1996-09-01,6.648438,7.843750,6.617188,7.609375,1.764957,207443200
1996-10-01,7.625000,8.000000,7.187500,7.390625,1.753317,195209600
1996-11-01,7.421875,7.484375,6.453125,7.109375,1.686595,360784000
1996-12-01,7.125000,7.843750,6.437500,7.500000,1.779265,241409600
1997-01-01,7.468750,8.671875,7.234375,8.546875,2.058183,235096000
1997-02-01,8.515625,9.546875,7.890625,8.984375,2.163538,197195200
1997-03-01,8.843750,9.140625,7.671875,7.734375,1.862524,330716800
1997-04-01,7.718750,7.906250,6.406250,7.031250,1.714099,590005600
1997-05-01,7.078125,8.312500,6.718750,7.187500,1.752191,652409600
1997-06-01,7.218750,7.765625,6.859375,7.296875,1.778854,346074400
1997-07-01,7.265625,8.015625,6.953125,7.828125,1.934482,323491200
1997-08-01,7.757813,7.875000,6.585938,6.671875,1.648752,313789600
1997-09-01,6.804688,7.062500,6.546875,6.625000,1.637168,335854400
1997-10-01,6.664063,6.718750,5.625000,5.890625,1.478160,332632000
1997-11-01,5.992188,6.414063,5.781250,6.085938,1.527170,186445600
1997-12-01,6.117188,6.257813,4.718750,4.882813,1.225265,402532800
1998-01-01,4.906250,5.414063,4.859375,5.007813,1.285033,246700000
1998-02-01,5.039063,5.937500,4.968750,5.484375,1.407320,384157600
1998-03-01,5.484375,5.953125,5.343750,5.531250,1.419350,264640800
1998-04-01,5.531250,6.093750,5.359375,5.968750,1.565385,209955200
1998-05-01,5.984375,6.093750,5.656250,5.750000,1.508014,125297600
1998-06-01,5.718750,6.242188,5.421875,6.085938,1.596118,132468000
1998-07-01,6.343750,6.585938,5.492188,5.562500,1.491237,221866400
1998-08-01,5.546875,5.656250,4.328125,4.335938,1.162411,206505600
1998-09-01,4.320313,5.250000,3.875000,4.601563,1.233622,218813600
1998-10-01,4.531250,5.609375,4.437500,5.421875,1.493149,139511200
1998-11-01,5.437500,5.953125,4.914063,5.000000,1.376967,171960000
1998-12-01,4.937500,5.296875,4.359375,5.070313,1.396330,229710400
1999-01-01,5.070313,5.734375,4.843750,5.687500,1.602939,190421600
1999-02-01,6.000000,6.875000,5.710938,6.679688,1.882573,190380800
1999-03-01,6.593750,7.937500,6.250000,7.210938,2.032298,309294400
1999-04-01,7.210938,8.093750,6.835938,7.773438,2.228028,177753600
1999-05-01,7.757813,8.367188,7.265625,7.617188,2.183243,157863200
1999-06-01,7.585938,8.125000,6.789063,7.921875,2.270573,188289600
1999-07-01,7.640625,7.703125,6.468750,6.500000,1.895827,227159200
1999-08-01,6.484375,6.820313,5.773438,5.843750,1.704422,160040000
1999-09-01,5.781250,7.226563,5.781250,7.109375,2.073562,221071200
1999-10-01,7.078125,7.406250,6.664063,7.000000,2.078397,148224000
1999-11-01,6.968750,7.046875,5.507813,5.750000,1.707255,237304800
1999-12-01,5.718750,6.984375,4.976563,6.195313,1.839473,235860800
2000-01-01,6.164063,6.687500,5.671875,5.687500,1.728320,142004800
2000-02-01,5.679688,6.062500,3.312500,3.554688,1.080200,397492800
2000-03-01,3.554688,5.000000,3.226563,4.953125,1.505158,325264000
2000-04-01,5.125000,5.734375,4.546875,5.429688,1.699413,187183200
2000-05-01,5.429688,5.890625,4.734375,5.359375,1.677407,145275200
2000-06-01,5.390625,5.609375,4.351563,4.976563,1.557591,148908800
2000-07-01,5.125000,5.968750,4.968750,5.468750,1.754835,118205600
2000-08-01,5.468750,6.062500,4.945313,4.947262,1.587497,187812000
2000-09-01,5.046875,5.250000,4.437500,5.007813,1.606928,229575200
2000-10-01,5.007813,5.437500,4.367188,4.992188,1.642743,181374400
2000-11-01,4.960938,5.617188,4.890625,5.328125,1.753288,135044000
2000-12-01,5.343750,7.125000,5.031250,6.976563,2.295727,242557600
2001-01-01,6.843750,7.507813,6.343750,6.876250,2.311972,307727200
2001-02-01,6.875000,7.165000,4.661250,4.878750,1.640360,310156800
2001-03-01,4.882500,5.156250,4.415000,5.043750,1.695839,227849600
2001-04-01,5.040000,5.256250,4.537500,5.226250,1.804638,198206400
2001-05-01,5.150000,5.717500,4.781250,5.137500,1.773992,202687200
2001-06-01,5.150000,5.625000,5.062500,5.248750,1.812407,221994400
2001-07-01,5.225000,6.012500,5.041250,5.943750,2.100554,198777600
2001-08-01,5.908750,6.475000,5.807500,6.250000,2.208785,186447200
2001-09-01,6.281250,6.500000,5.093750,5.851250,2.067865,242140800
2001-10-01,5.847500,6.370000,5.768750,6.170000,2.246571,247352800
2001-11-01,6.075000,6.803750,5.956250,6.623750,2.411788,179064000
2001-12-01,6.622500,7.303750,6.250000,7.030000,2.559708,308527200
2002-01-01,7.040000,7.631250,6.825000,7.488750,2.775636,256148800
2002-02-01,7.481250,7.580000,7.091250,7.357500,2.726989,171968000
2002-03-01,7.350000,8.035000,7.131250,7.501250,2.780269,258675200
2002-04-01,7.450000,7.450000,6.600000,6.666250,2.510489,276537600
2002-05-01,6.612500,7.052500,6.500000,6.718750,2.530261,227011200
2002-06-01,6.708750,7.037500,6.027500,6.706250,2.525552,284765600
2002-07-01,6.793750,7.231250,5.637500,6.161250,2.365361,339646400
2002-08-01,6.062500,6.062500,5.062500,5.397500,2.072151,407546400
2002-09-01,5.350000,5.715000,5.043750,5.397500,2.072151,274517600
2002-10-01,5.398750,6.028750,4.816250,5.898750,2.316298,302560000
2002-11-01,5.893750,6.025000,5.353750,5.597500,2.198005,245716800
2002-12-01,5.750000,5.891250,5.148750,5.558750,2.182789,267160800
2003-01-01,5.571250,6.053750,5.315000,5.567500,2.244468,209041600
2003-02-01,5.581250,5.872500,5.297500,5.796250,2.336685,197583200
2003-03-01,5.812500,6.675000,5.688750,6.427500,2.591166,328340800
2003-04-01,6.437500,6.957500,6.282500,6.691250,2.761734,218646400
2003-05-01,6.716250,7.070000,6.437500,6.998750,2.888650,230232000
2003-06-01,7.006250,7.187500,6.575000,6.686250,2.759669,327230400
2003-07-01,6.686250,6.807500,6.282500,6.467500,2.723951,224850400
2003-08-01,6.437500,7.133750,6.200000,7.122500,2.999821,184159200
2003-09-01,7.132500,7.781250,6.883750,7.602500,3.201984,261538400
2003-10-01,7.600000,8.116250,7.587500,7.987500,3.433563,238666400
2003-11-01,7.987500,8.435000,7.586250,8.406250,3.613571,239918400
2003-12-01,8.431250,8.567500,7.902500,8.557500,3.678588,265883200
2004-01-01,8.587500,8.827500,8.288750,8.707500,3.838953,184354400
2004-02-01,8.700000,9.325000,8.690000,9.156250,4.036796,171486400
2004-03-01,9.212500,9.820000,9.027500,9.733750,4.291404,291142400
2004-04-01,9.727500,9.820000,8.913750,8.993750,4.049687,200372800
2004-05-01,8.972500,8.987500,8.226250,8.893750,4.004659,256339200
2004-06-01,8.897500,9.667500,8.660000,9.468750,4.263569,200580800
2004-07-01,9.473750,9.515000,8.662500,9.088750,4.187498,199154400
2004-08-01,9.090000,9.612500,8.576250,9.413750,4.337238,163166400
2004-09-01,9.375000,10.002500,9.315000,9.850000,4.538232,223154400
2004-10-01,9.875000,10.243750,9.577500,10.163750,4.781699,202959200
2004-11-01,10.132500,10.975000,10.087500,10.582500,4.978707,222089600
2004-12-01,10.600000,11.553750,10.600000,11.336250,5.333322,196408800
2005-01-01,11.325000,11.417500,10.587500,10.828750,5.214856,154428800
2005-02-01,10.828750,10.986250,10.325000,10.868750,5.234116,209337600
2005-03-01,10.878750,11.065000,10.180000,10.413750,5.015001,312577600
2005-04-01,10.485000,10.530000,9.387500,9.601250,4.733458,249906400
2005-05-01,9.601250,10.465000,9.475000,10.275000,5.065621,235928000
2005-06-01,10.287500,11.366250,10.261250,10.825000,5.336773,326050400
2005-07-01,10.771250,11.062500,10.428750,10.475000,5.288778,238440000
2005-08-01,10.476250,11.125000,9.670000,9.863750,4.980163,356301600
2005-09-01,9.863750,10.656250,9.566250,10.210000,5.154981,495809600
2005-10-01,10.260000,10.540000,9.992500,10.506250,5.445879,261707200
2005-11-01,10.500000,11.068750,10.428750,10.662500,5.526873,213472000
2005-12-01,10.718750,11.442500,10.468750,10.848750,5.623415,354718400
2006-01-01,10.848750,11.020000,10.075000,10.118750,5.399470,347512800
2006-02-01,10.156250,10.978750,10.151250,10.847500,5.788338,252378400
2006-03-01,10.831250,11.005000,10.503750,10.637500,5.676280,318510400
2006-04-01,10.637500,10.732500,10.045000,10.230000,5.622890,206466400
2006-05-01,10.253750,10.387500,9.673750,10.038750,5.517772,267000000
2006-06-01,10.051250,10.621250,9.862500,10.125000,5.565178,326280000
2006-07-01,10.131250,10.218750,9.750000,9.875000,5.599768,315201600
2006-08-01,9.875000,10.118750,9.440000,10.095000,5.724522,421105600
2006-09-01,10.095000,11.113750,9.982500,10.952500,6.210779,450955200
2006-10-01,10.871250,11.758750,10.863750,11.485000,6.718520,259665600
2006-11-01,11.512500,12.412500,11.322500,12.368750,7.235501,213671200
2006-12-01,12.337500,12.650000,11.848750,12.378750,7.241346,258766400
2007-01-01,12.250000,12.543750,11.865000,12.351250,7.449818,273166400
2007-02-01,12.327500,13.612500,12.305000,13.058750,7.876559,283613600
2007-03-01,12.887500,13.762500,12.771250,13.282500,8.011516,329332800
2007-04-01,13.350000,13.775000,13.200000,13.465000,8.358138,203464800
2007-05-01,13.465000,14.280000,13.085000,14.187500,8.806612,259559600
2007-06-01,14.187500,14.815000,12.967500,14.572500,9.045595,389084000
2007-07-01,14.675000,15.087500,13.860000,14.112500,8.877985,319975200
2007-08-01,14.302500,14.657500,13.000000,14.085000,8.860687,346503200
2007-09-01,14.010000,15.247500,13.537500,14.665000,9.225554,291098800
2007-10-01,14.697500,16.642500,14.650000,16.565001,10.561721,353234800
2007-11-01,16.485001,16.547501,15.227500,16.412500,10.464486,233026000
2007-12-01,16.237499,16.982500,15.560000,16.059999,10.239735,233625200
2008-01-01,16.080000,16.174999,12.875000,15.332500,9.914211,419696000
2008-02-01,15.410000,15.750000,14.877500,15.050000,9.731542,240372800
2008-03-01,15.060000,17.650000,14.175000,17.000000,10.992437,388726800
2008-04-01,17.150000,17.500000,16.297501,16.700001,10.964339,292848000
2008-05-01,16.700001,17.219999,16.020000,17.092501,11.222034,262823600
2008-06-01,17.067499,17.570000,14.407500,14.902500,9.784192,380941200
2008-07-01,14.900000,15.107500,13.660000,14.670000,9.763760,398798800
2008-08-01,14.605000,16.200001,14.437500,15.152500,10.084894,239295600
2008-09-01,15.390000,17.000000,14.617500,16.725000,11.131485,429137200
2008-10-01,16.549999,16.754999,11.617500,14.407500,9.733696,580011200
2008-11-01,14.337500,14.625000,10.670000,13.312500,8.993914,379518400
2008-12-01,13.067500,14.332500,11.770000,12.750000,8.613891,364402400
2009-01-01,12.737500,13.500000,10.885000,11.312500,7.792542,280087600
2009-02-01,11.142500,12.280000,10.020000,10.382500,7.151920,289726800
2009-03-01,10.207500,12.072500,9.560000,11.722500,8.074971,412890800
2009-04-01,11.545000,14.075000,11.410000,13.117500,9.253376,287046000
2009-05-01,13.217500,14.285000,12.190000,14.262500,10.061086,309504000
2009-06-01,14.465000,14.987500,12.540000,12.945000,9.131692,379703200
2009-07-01,13.035000,14.442500,12.647500,14.160000,10.163499,297748000
2009-08-01,14.245000,14.567500,13.700000,13.847500,9.939200,269588000
2009-09-01,13.725000,16.237499,13.305000,16.174999,11.609789,426029200
2009-10-01,16.000000,16.587500,15.270000,15.545000,11.370896,302178800
2009-11-01,15.585000,16.584999,15.450000,16.222500,11.866477,175682400
2009-12-01,16.317499,16.655001,15.437500,16.517500,12.082267,214435200
2010-01-01,16.514999,16.517500,15.737500,15.937500,11.853906,183847600
2010-02-01,15.992500,16.962500,15.222500,16.900000,12.569787,196404000
2010-03-01,16.977501,18.837500,16.815001,18.375000,13.666853,245335600
2010-04-01,18.490000,19.632500,18.264999,18.977501,14.344013,199108000
2010-05-01,19.002501,19.637501,16.747499,18.094999,13.676977,370556400
2010-06-01,17.860001,18.980000,16.825001,16.887501,12.764299,306146800
2010-07-01,16.972500,18.527500,16.584999,18.410000,14.124029,268348800
2010-08-01,18.597500,18.750000,17.080000,17.500000,13.425882,221693200
2010-09-01,17.782499,20.424999,17.705000,20.035000,15.370717,283139600
2010-10-01,20.240000,20.850000,19.760000,20.360001,15.857490,222612800
2010-11-01,20.469999,21.742500,20.065001,21.532499,16.770695,189888800
2010-12-01,21.870001,23.122499,21.280001,21.355000,16.632446,212482800
2011-01-01,21.457500,21.645000,20.252501,20.620001,16.290483,181603600
2011-02-01,20.687500,22.290001,20.655001,22.257500,17.584158,177180400
2011-03-01,22.412500,22.780001,17.357500,18.924999,14.951370,425141200
2011-04-01,18.985001,20.682501,18.955000,20.580000,16.490379,223100800
2011-05-01,20.695000,21.632500,20.352501,21.112499,16.917055,197235200
2011-06-01,21.084999,22.645000,19.860001,22.495001,18.024830,337338800
2011-07-01,22.412500,23.557501,22.137501,22.537500,18.335653,241526400
2011-08-01,22.605000,22.615000,19.245001,21.662500,17.623774,346141200
2011-09-01,21.587500,23.139999,20.049999,21.377501,17.391916,327130000
2011-10-01,21.237499,24.420000,20.252501,24.087500,19.881174,232694800
2011-11-01,23.377501,24.375000,22.447500,24.045000,19.846098,196018400
2011-12-01,23.840000,24.562500,23.222500,24.092501,19.885303,221889600
2012-01-01,24.342501,26.235001,24.127501,25.997499,21.783785,193462000
2012-02-01,26.102501,27.070000,25.642500,26.980000,22.607040,148473600
2012-03-01,27.222500,28.242500,26.517500,27.110001,22.715971,230840400
2012-04-01,27.105000,28.000000,26.482500,27.967501,23.751400,178009200
2012-05-01,27.977501,28.702499,26.067499,27.045000,22.967972,205013600
2012-06-01,26.572500,27.477501,21.275000,21.945000,18.887209,339438800
2012-07-01,22.097500,24.437500,22.007500,23.337500,20.085684,277826000
2012-08-01,23.377501,24.822500,22.760000,24.340000,20.948498,212740400
2012-09-01,24.297501,25.230000,23.197500,23.727501,20.723726,252478000
2012-10-01,23.727501,24.525000,22.580000,22.844999,19.952940,198277200
2012-11-01,22.975000,25.082500,22.412500,24.370001,21.284885,188968400
2012-12-01,24.415001,26.557501,24.152500,25.799999,22.533854,187460200
2013-01-01,26.200001,27.785000,25.700001,27.025000,24.016844,149268200
2013-02-01,27.230000,27.950001,26.750000,27.230000,24.199024,123347800
2013-03-01,27.209999,30.125000,26.635000,29.504999,26.425041,197793600
2013-04-01,29.500000,31.885000,28.990000,31.799999,28.480467,147312200
2013-05-01,31.780001,33.035000,30.780001,30.830000,27.611723,143206000
2013-06-01,30.799999,32.035000,29.555000,31.840000,28.707891,179310200
2013-07-01,31.969999,32.330002,30.950001,31.459999,28.365269,139193800
2013-08-01,31.620001,33.424999,31.299999,31.410000,28.320192,136639400
2013-09-01,31.805000,37.625000,31.750000,36.320000,32.965683,226198200
2013-10-01,36.520000,38.445000,34.980000,37.880001,34.381607,178418000
2013-11-01,37.900002,39.935001,37.790001,39.570000,35.915524,102247600
2013-12-01,39.735001,40.130001,37.709999,39.320000,35.688614,162278800
2014-01-01,39.075001,39.415001,35.755001,36.424999,33.268806,167970600
2014-02-01,36.380001,39.529999,34.924999,39.150002,35.757679,136880200
2014-03-01,38.814999,40.044998,36.505001,36.930000,33.937782,178531800
2014-04-01,37.009998,37.590000,35.299999,36.474998,33.519642,166126400
2014-05-01,36.404999,38.465000,35.764999,38.455002,35.339211,113444000
2014-06-01,38.494999,39.575001,36.570000,38.775002,35.858967,165319600
2014-07-01,38.865002,39.970001,38.150002,38.564999,35.664764,134401800
2014-08-01,38.270000,40.150002,37.950001,39.275002,36.321362,115312800
2014-09-01,39.174999,45.145000,39.174999,44.599998,41.749992,217202400
2014-10-01,44.455002,47.070000,41.924999,46.485001,43.514545,183619800
2014-11-01,46.674999,49.880001,46.310001,49.645000,46.472610,99490000
2014-12-01,49.330002,49.750000,46.415001,48.075001,45.002937,166357300
2015-01-01,48.275002,48.724998,46.014999,46.125000,43.426559,65078600
2015-02-01,46.340000,48.705002,45.345001,48.560001,45.719112,69169400
2015-03-01,48.445000,51.895000,47.590000,50.165001,47.504978,94241100
2015-04-01,50.000000,51.000000,49.070000,49.419998,46.799477,61647000
2015-05-01,49.939999,52.750000,49.705002,50.834999,48.139446,57032200
2015-06-01,50.884998,55.169998,50.389999,54.009998,51.426128,70939300
2015-07-01,54.474998,57.970001,54.294998,57.610001,54.853905,63468900
2015-08-01,57.755001,112.690002,47.250000,112.620003,107.232193,102499000
2015-09-01,54.490002,62.974998,54.014999,61.485001,58.543514,129835300
2015-10-01,61.580002,66.760002,60.500000,65.514999,62.697884,155220000
2015-11-01,65.864998,67.650002,60.209999,66.139999,63.296013,157813300
2015-12-01,66.059998,68.195000,62.150002,62.500000,59.812531,176476500
2016-01-01,61.110001,62.590000,56.590000,62.009998,59.632000,201089300
2016-02-01,61.750000,63.500000,53.639999,61.590000,59.228119,210777400
2016-03-01,61.970001,65.440002,57.950001,61.470001,59.112709,230046500
2016-04-01,61.220001,61.849998,56.889999,58.939999,56.825859,178008400
2016-05-01,59.090000,59.990002,55.169998,55.220001,53.239296,192223100
2016-06-01,53.330002,55.639999,51.480000,55.200001,53.220016,316652300
2016-07-01,55.070000,58.869999,54.820000,55.500000,53.665573,166759400
2016-08-01,55.730000,60.330002,54.279999,57.639999,55.734840,180845100
2016-09-01,57.669998,59.180000,52.119999,52.650002,50.909779,230891200
2016-10-01,52.540001,53.060001,50.000000,50.180000,48.789829,190211200
2016-11-01,50.500000,51.889999,49.009998,50.070000,48.682880,165972900
2016-12-01,50.110001,53.349998,50.060001,51.720001,50.287163,229408200
2017-01-01,51.990002,54.119999,51.630001,52.900002,51.620049,175817200
2017-02-01,52.980000,58.419998,52.049999,57.160000,55.776974,178338300
2017-03-01,57.860001,59.000000,53.759998,55.730000,54.381580,249512200
2017-04-01,55.740002,56.689999,54.500000,55.410000,54.237789,137900400
2017-05-01,55.430000,55.450001,50.810001,52.990002,51.868988,223428200
2017-06-01,53.060001,59.709999,50.790001,59.000000,57.751842,275319700
2017-07-01,58.369999,60.000000,57.000000,59.049999,57.997791,158127000
2017-08-01,59.000000,60.529999,52.070000,52.810001,51.868984,174889500
2017-09-01,53.000000,54.160000,51.029999,51.849998,51.101089,211929400
2017-10-01,52.160000,57.250000,50.349998,54.990002,54.195740,247775300
2017-11-01,55.419998,61.209999,54.590000,60.419998,59.547302,182957400
2017-12-01,60.419998,65.190002,59.240002,62.549999,61.646542,198525200
2018-01-01,62.849998,68.830002,62.549999,68.220001,67.457939,157725500
2018-02-01,67.669998,70.250000,62.090000,67.029999,66.281235,160317000
2018-03-01,67.239998,67.690002,63.889999,66.440002,65.697830,174066700
2018-04-01,65.970001,70.000000,63.209999,68.389999,67.830605,158981900
2018-05-01,67.980003,73.489998,66.639999,71.800003,71.212708,128998700
2018-06-01,72.120003,81.000000,71.150002,79.680000,79.028259,156468800
2018-07-01,78.580002,79.480003,75.059998,76.910004,76.493988,122265700
2018-08-01,76.500000,83.680000,76.500000,82.199997,81.755371,123635500
2018-09-01,79.389999,86.040001,79.000000,84.720001,84.469284,165674100
