1.026351200000000041e+01 1.070826300000000053e+01 1.106178400000000117e+01 0.000000000000000000e+00
9.100312000000000623e+00 9.681912000000000518e+00 1.017227933333333389e+01 0.000000000000000000e+00
7.116033999999999970e+00 8.108173000000000741e+00 8.826619333333333373e+00 1.000000000000000000e+00
7.497752000000000194e+00 7.306893000000000526e+00 7.904699333333333300e+00 1.000000000000000000e+00
8.598340000000000316e+00 8.048045999999999367e+00 7.737375333333333494e+00 0.000000000000000000e+00
7.772897999999999641e+00 8.185618999999999090e+00 7.956329999999998570e+00 0.000000000000000000e+00
7.772897999999999641e+00 7.772897999999999641e+00 8.048045333333332607e+00 0.000000000000000000e+00
6.741099000000000174e+00 7.256998499999999908e+00 7.428965000000000707e+00 0.000000000000000000e+00
5.571722000000000286e+00 6.156410499999999786e+00 6.695239666666666700e+00 1.000000000000000000e+00
6.785670999999999786e+00 6.178696500000000036e+00 6.366164000000000378e+00 0.000000000000000000e+00
5.677805000000000213e+00 6.231738000000000000e+00 6.011732666666667058e+00 0.000000000000000000e+00
5.539321000000000161e+00 5.608563000000000187e+00 6.000932333333333979e+00 1.000000000000000000e+00
5.954769999999999897e+00 5.747045500000000473e+00 5.723965333333333128e+00 1.000000000000000000e+00
6.647185999999999595e+00 6.300977999999999746e+00 6.047092333333334402e+00 0.000000000000000000e+00
5.885529000000000011e+00 6.266357499999999803e+00 6.162494999999999834e+00 1.000000000000000000e+00
6.202946999999999989e+00 6.044238000000000000e+00 6.245220666666665643e+00 0.000000000000000000e+00
5.993858999999999604e+00 6.098402999999999352e+00 6.027445000000000164e+00 0.000000000000000000e+00
5.784773000000000387e+00 5.889315999999999995e+00 5.993859666666666364e+00 1.000000000000000000e+00
5.924163000000000068e+00 5.854468000000000671e+00 5.900931666666667574e+00 0.000000000000000000e+00
5.436290999999999762e+00 5.680227000000000359e+00 5.715075666666667331e+00 1.000000000000000000e+00
5.784773000000000387e+00 5.610532000000000075e+00 5.715075666666667331e+00 1.000000000000000000e+00
5.902887999999999913e+00 5.843830500000000150e+00 5.707983999999999725e+00 0.000000000000000000e+00
5.621795999999999793e+00 5.762342000000000297e+00 5.769819000000000919e+00 1.000000000000000000e+00
5.762342000000000297e+00 5.692069000000000045e+00 5.762342000000000297e+00 0.000000000000000000e+00
5.762342000000000297e+00 5.762342000000000297e+00 5.715493333333333759e+00 0.000000000000000000e+00
5.410980000000000345e+00 5.586661000000000321e+00 5.645221333333334535e+00 0.000000000000000000e+00
5.129889000000000365e+00 5.270434500000000355e+00 5.434403666666667299e+00 1.000000000000000000e+00
5.183570999999999707e+00 5.156729999999999592e+00 5.241480000000000139e+00 1.000000000000000000e+00
5.467603000000000435e+00 5.325587000000000515e+00 5.260354333333332910e+00 0.000000000000000000e+00
5.041554999999999787e+00 5.254578999999999667e+00 5.230909666666666347e+00 1.000000000000000000e+00
5.183570999999999707e+00 5.112562999999999747e+00 5.230909666666666347e+00 1.000000000000000000e+00
5.325586000000000375e+00 5.254578500000000041e+00 5.183570666666667215e+00 1.000000000000000000e+00
5.680626000000000175e+00 5.503106000000000719e+00 5.396594333333332827e+00 0.000000000000000000e+00
5.254579999999999806e+00 5.467603000000000435e+00 5.420264000000000415e+00 0.000000000000000000e+00
5.183570999999999707e+00 5.219075499999999757e+00 5.372925666666667155e+00 1.000000000000000000e+00
5.254579999999999806e+00 5.219075499999999757e+00 5.230910333333333107e+00 1.000000000000000000e+00
5.680626000000000175e+00 5.467603000000000435e+00 5.372925666666667155e+00 1.000000000000000000e+00
5.893650000000000055e+00 5.787138000000000559e+00 5.609618666666666975e+00 1.000000000000000000e+00
7.384814999999999685e+00 6.639232500000000314e+00 6.319697000000000564e+00 1.000000000000000000e+00
8.742414999999999381e+00 8.063614999999998645e+00 7.340293333333332448e+00 0.000000000000000000e+00
8.169138000000000233e+00 8.455776499999998919e+00 8.098789333333332507e+00 0.000000000000000000e+00
7.237572000000000116e+00 7.703355000000000175e+00 8.049708333333333243e+00 1.000000000000000000e+00
7.954163999999999568e+00 7.595867999999999398e+00 7.786957999999999380e+00 1.000000000000000000e+00
8.169138000000000233e+00 8.061650999999999456e+00 7.786957999999999380e+00 0.000000000000000000e+00
7.667525999999999620e+00 7.918331999999999482e+00 7.930275999999999215e+00 1.000000000000000000e+00
7.954163999999999568e+00 7.810844999999999594e+00 7.930275999999999215e+00 0.000000000000000000e+00
7.452545999999999893e+00 7.703355000000000175e+00 7.691411999999999694e+00 1.000000000000000000e+00
7.595866000000000007e+00 7.524205999999999506e+00 7.667525333333333748e+00 1.000000000000000000e+00
8.527433999999999514e+00 8.061650000000000205e+00 7.858615333333332842e+00 1.000000000000000000e+00
9.459004999999999441e+00 8.993219499999998590e+00 8.527434999999998766e+00 0.000000000000000000e+00
9.172370000000000800e+00 9.315687499999999233e+00 9.052936333333333252e+00 1.000000000000000000e+00
9.599958000000000879e+00 9.386164000000000840e+00 9.410444333333332523e+00 1.000000000000000000e+00
9.888676000000000244e+00 9.744317000000000561e+00 9.553668000000000049e+00 1.000000000000000000e+00
1.024957599999999935e+01 1.006912600000000069e+01 9.912736666666667418e+00 0.000000000000000000e+00
8.805977000000000388e+00 9.527776499999999871e+00 9.648076333333333920e+00 0.000000000000000000e+00
8.805977000000000388e+00 8.805977000000000388e+00 9.287176666666667302e+00 1.000000000000000000e+00
9.239057999999999993e+00 9.022517499999999302e+00 8.950337333333333589e+00 1.000000000000000000e+00
9.907106999999999886e+00 9.573082499999999939e+00 9.317380666666666755e+00 0.000000000000000000e+00
9.690165000000000362e+00 9.798636000000000124e+00 9.612109999999999488e+00 0.000000000000000000e+00
9.545536000000000243e+00 9.617850499999999414e+00 9.714269333333334089e+00 0.000000000000000000e+00
8.316186000000000078e+00 8.930861000000000161e+00 9.183962333333333561e+00 0.000000000000000000e+00
7.809985000000000177e+00 8.063085499999999683e+00 8.557235666666667129e+00 1.000000000000000000e+00
8.533129000000000630e+00 8.171556999999999960e+00 8.219766666666666666e+00 1.000000000000000000e+00
8.689339000000000368e+00 8.611233999999999611e+00 8.344151000000000096e+00 0.000000000000000000e+00
7.448006000000000348e+00 8.068672499999999914e+00 8.223491333333333486e+00 1.000000000000000000e+00
7.594045000000000378e+00 7.521025500000000363e+00 7.910463333333333402e+00 1.000000000000000000e+00
8.178205999999999420e+00 7.886125500000000343e+00 7.740085666666666420e+00 1.000000000000000000e+00
8.835380999999999929e+00 8.506793500000000563e+00 8.202544000000001390e+00 0.000000000000000000e+00
8.324244000000000199e+00 8.579812499999999176e+00 8.445943666666666516e+00 0.000000000000000000e+00
8.114036000000000470e+00 8.219139999999999446e+00 8.424553666666666274e+00 1.000000000000000000e+00
8.777908999999999295e+00 8.445972499999999883e+00 8.405396333333333914e+00 1.000000000000000000e+00
8.999204000000000647e+00 8.888556499999999971e+00 8.630383000000000138e+00 1.000000000000000000e+00
9.220496999999999943e+00 9.109850500000000295e+00 8.999203333333333887e+00 0.000000000000000000e+00
9.220496999999999943e+00 9.220496999999999943e+00 9.146732666666666844e+00 0.000000000000000000e+00
9.072967999999999478e+00 9.146732499999998822e+00 9.171320666666666455e+00 1.000000000000000000e+00
9.894011000000000777e+00 9.483489500000001016e+00 9.395825333333332807e+00 0.000000000000000000e+00
9.819622000000000739e+00 9.856816500000000758e+00 9.595533666666668182e+00 1.000000000000000000e+00
1.056352900000000083e+01 1.019157550000000079e+01 1.009238733333333471e+01 0.000000000000000000e+00
9.596448000000000533e+00 1.007998850000000068e+01 9.993199666666667369e+00 0.000000000000000000e+00
8.852534999999999599e+00 9.224491499999999178e+00 9.670837333333333063e+00 1.000000000000000000e+00
9.596448000000000533e+00 9.224491499999999178e+00 9.348477000000000814e+00 0.000000000000000000e+00
8.942453999999999681e+00 9.269451000000000107e+00 9.130478999999999346e+00 0.000000000000000000e+00
8.495331999999999439e+00 8.718892999999999560e+00 9.011411333333333218e+00 0.000000000000000000e+00
7.079443999999999626e+00 7.787387999999999977e+00 8.172409999999999286e+00 1.000000000000000000e+00
7.452047999999999561e+00 7.265746000000000038e+00 7.675607999999999542e+00 0.000000000000000000e+00
7.004922999999999789e+00 7.228485499999999675e+00 7.178804999999999659e+00 1.000000000000000000e+00
7.079443999999999626e+00 7.042183500000000151e+00 7.178804999999999659e+00 1.000000000000000000e+00
7.152997000000000050e+00 7.116220499999999838e+00 7.079121333333333155e+00 1.000000000000000000e+00
8.142243000000000563e+00 7.647619999999999862e+00 7.458228000000000968e+00 1.000000000000000000e+00
9.588060999999999723e+00 8.865152000000000143e+00 8.294433666666666483e+00 0.000000000000000000e+00
8.522719000000000378e+00 9.055389999999999162e+00 8.751007666666666296e+00 0.000000000000000000e+00
7.761764999999999581e+00 8.142241999999999535e+00 8.624181666666666857e+00 0.000000000000000000e+00
7.381282999999999817e+00 7.571524000000000143e+00 7.888588999999999629e+00 0.000000000000000000e+00
6.416542999999999886e+00 6.898913000000000295e+00 7.186530333333333687e+00 0.000000000000000000e+00
5.538086999999999982e+00 5.977314999999999934e+00 6.445304333333333524e+00 0.000000000000000000e+00
5.041568999999999967e+00 5.289827999999999975e+00 5.665399666666666612e+00 1.000000000000000000e+00
5.499894000000000283e+00 5.270731500000000125e+00 5.359850000000000669e+00 0.000000000000000000e+00
5.423504999999999576e+00 5.461699499999999929e+00 5.321655999999999942e+00 0.000000000000000000e+00
4.850600000000000023e+00 5.137052499999999355e+00 5.257999666666666627e+00 0.000000000000000000e+00
4.181556999999999746e+00 4.516078499999999885e+00 4.818553999999999782e+00 0.000000000000000000e+00
3.871811000000000114e+00 4.026683999999999486e+00 4.301322666666666628e+00 1.000000000000000000e+00
3.949247000000000174e+00 3.910529000000000366e+00 4.000871666666665938e+00 1.000000000000000000e+00
3.987966000000000122e+00 3.968606499999999926e+00 3.936341333333333470e+00 0.000000000000000000e+00
3.058730999999999867e+00 3.523348499999999994e+00 3.665314666666666721e+00 1.000000000000000000e+00
3.329756999999999856e+00 3.194243999999999861e+00 3.458817999999999504e+00 1.000000000000000000e+00
3.379980999999999902e+00 3.354868999999999879e+00 3.256156333333333208e+00 1.000000000000000000e+00
3.651933999999999791e+00 3.515957499999999847e+00 3.453890666666666220e+00 1.000000000000000000e+00
3.690784999999999982e+00 3.671359499999999887e+00 3.574233333333333373e+00 1.000000000000000000e+00
4.545493999999999701e+00 4.118139499999999842e+00 3.962737666666666936e+00 1.000000000000000000e+00
4.759139000000000230e+00 4.652316499999999522e+00 4.331806000000000267e+00 0.000000000000000000e+00
4.662041999999999575e+00 4.710590500000000347e+00 4.655558333333332577e+00 0.000000000000000000e+00
4.677569000000000088e+00 4.669805499999999832e+00 4.699583333333333890e+00 1.000000000000000000e+00
5.359684999999999810e+00 5.018627000000000393e+00 4.899765333333333750e+00 1.000000000000000000e+00
6.002883999999999887e+00 5.681284500000000293e+00 5.346712666666666003e+00 1.000000000000000000e+00
7.250236000000000125e+00 6.626559999999999562e+00 6.204268333333334162e+00 0.000000000000000000e+00
7.133296999999999777e+00 7.191766499999999951e+00 6.795472333333332671e+00 1.000000000000000000e+00
7.367173000000000194e+00 7.250234999999999985e+00 7.250235333333333365e+00 1.000000000000000000e+00
7.460841000000000278e+00 7.414006999999999792e+00 7.320437000000000971e+00 0.000000000000000000e+00
5.898361000000000409e+00 6.679600999999999900e+00 6.908791666666666664e+00 0.000000000000000000e+00
5.038997000000000170e+00 5.468678999999999846e+00 6.132732999999999102e+00 1.000000000000000000e+00
5.859296999999999755e+00 5.449146999999999963e+00 5.598885000000000112e+00 0.000000000000000000e+00
4.882748999999999562e+00 5.371022999999999215e+00 5.260347666666667088e+00 1.000000000000000000e+00
5.078059999999999796e+00 4.980404499999999679e+00 5.273368666666666371e+00 1.000000000000000000e+00
5.721815000000000317e+00 5.399937500000000057e+00 5.227541333333333817e+00 1.000000000000000000e+00
6.794656999999999947e+00 6.258236000000000132e+00 5.864844000000000612e+00 1.000000000000000000e+00
7.311209999999999987e+00 7.052933499999999967e+00 6.609227333333333121e+00 0.000000000000000000e+00
6.377407999999999966e+00 6.844308999999999976e+00 6.827758333333332708e+00 0.000000000000000000e+00
6.278103999999999907e+00 6.327755999999999936e+00 6.655574000000000545e+00 1.000000000000000000e+00
7.112535000000000274e+00 6.695319500000000090e+00 6.589348999999999457e+00 1.000000000000000000e+00
8.998901999999999290e+00 8.055718499999999338e+00 7.463180333333333749e+00 0.000000000000000000e+00
7.552648999999999724e+00 8.275775499999999951e+00 7.888028666666666133e+00 0.000000000000000000e+00
7.070565000000000211e+00 7.311607000000000411e+00 7.874038666666666408e+00 1.000000000000000000e+00
7.833865000000000300e+00 7.452215000000000700e+00 7.485693000000000374e+00 1.000000000000000000e+00
8.195427000000000461e+00 8.014646000000000825e+00 7.699952333333333065e+00 0.000000000000000000e+00
8.155253999999999337e+00 8.175340500000000787e+00 8.061515333333334254e+00 1.000000000000000000e+00
9.031689999999999330e+00 8.593471999999998445e+00 8.460790333333333635e+00 0.000000000000000000e+00
8.740346000000000615e+00 8.886017999999999972e+00 8.642429999999999168e+00 1.000000000000000000e+00
8.966950000000000642e+00 8.853647999999999740e+00 8.912995333333332937e+00 0.000000000000000000e+00
8.934575999999999851e+00 8.950763000000000247e+00 8.880623999999999185e+00 0.000000000000000000e+00
7.510224000000000011e+00 8.222400000000000375e+00 8.470583333333333798e+00 0.000000000000000000e+00
5.554974999999999774e+00 6.532599499999999892e+00 7.333258333333333212e+00 1.000000000000000000e+00
5.859269000000000283e+00 5.707122000000000028e+00 6.308156000000000319e+00 1.000000000000000000e+00
6.474331000000000280e+00 6.166800000000000281e+00 5.962858333333333150e+00 1.000000000000000000e+00
7.031124000000000152e+00 6.752727500000000660e+00 6.454908000000000534e+00 0.000000000000000000e+00
7.050545999999999758e+00 7.040834999999999511e+00 6.852000333333333693e+00 1.000000000000000000e+00
8.306566000000000116e+00 7.678556000000000381e+00 7.462745333333333342e+00 1.000000000000000000e+00
9.297136999999999318e+00 8.801851499999999717e+00 8.218083000000000027e+00 1.000000000000000000e+00
1.015335900000000002e+01 9.725248000000000559e+00 9.252353999999998635e+00 0.000000000000000000e+00
9.449529000000000067e+00 9.801444000000000045e+00 9.633341666666666470e+00 0.000000000000000000e+00
9.130200999999999567e+00 9.289864999999998929e+00 9.577696333333333811e+00 1.000000000000000000e+00
9.201886999999999261e+00 9.166043999999999414e+00 9.260538999999999632e+00 1.000000000000000000e+00
9.612453999999999610e+00 9.407170499999999436e+00 9.314847333333332813e+00 0.000000000000000000e+00
9.566833000000000808e+00 9.589643500000001097e+00 9.460391333333333819e+00 1.000000000000000000e+00
1.000975599999999943e+01 9.788294499999999232e+00 9.729681000000001134e+00 1.000000000000000000e+00
1.050043199999999999e+01 1.025509399999999971e+01 1.002567366666666615e+01 0.000000000000000000e+00
1.006209699999999962e+01 1.028126449999999892e+01 1.019076166666666694e+01 0.000000000000000000e+00
1.000975599999999943e+01 1.003592649999999864e+01 1.019076166666666516e+01 0.000000000000000000e+00
9.898536999999999253e+00 9.954146500000000231e+00 9.990129999999998844e+00 0.000000000000000000e+00
8.707836999999999605e+00 9.303186999999999429e+00 9.538710000000000022e+00 1.000000000000000000e+00
1.013255799999999951e+01 9.420197500000000446e+00 9.579644000000000048e+00 1.000000000000000000e+00
1.047625999999999991e+01 1.030440899999999971e+01 9.772218333333333007e+00 1.000000000000000000e+00
1.245914800000000078e+01 1.146770400000000123e+01 1.102265533333333281e+01 1.000000000000000000e+00
1.311350299999999969e+01 1.278632550000000023e+01 1.201630366666666738e+01 1.000000000000000000e+00
1.438255200000000045e+01 1.374802749999999918e+01 1.331840099999999971e+01 0.000000000000000000e+00
1.436272300000000079e+01 1.437263749999999973e+01 1.395292599999999972e+01 1.000000000000000000e+00
1.502874800000000022e+01 1.469573550000000139e+01 1.459134099999999989e+01 1.000000000000000000e+00
1.514174700000000051e+01 1.508524750000000125e+01 1.484440600000000110e+01 0.000000000000000000e+00
1.492904899999999913e+01 1.503539800000000071e+01 1.503318133333333328e+01 0.000000000000000000e+00
1.416464599999999940e+01 1.454684749999999838e+01 1.474514733333333361e+01 1.000000000000000000e+00
1.468310999999999922e+01 1.442387799999999842e+01 1.459226833333333140e+01 0.000000000000000000e+00
1.462993799999999922e+01 1.465652399999999922e+01 1.449256466666666654e+01 0.000000000000000000e+00
1.469114100000000001e+01 1.466053949999999872e+01 1.466806299999999830e+01 0.000000000000000000e+00
1.362500999999999962e+01 1.415807549999999893e+01 1.431536299999999962e+01 1.000000000000000000e+00
1.499287400000000048e+01 1.430894200000000005e+01 1.443634166666666552e+01 0.000000000000000000e+00
1.437599799999999917e+01 1.468443599999999982e+01 1.433129399999999976e+01 1.000000000000000000e+00
1.461738300000000024e+01 1.449669049999999970e+01 1.466208499999999937e+01 0.000000000000000000e+00
1.452350700000000039e+01 1.457044499999999942e+01 1.450562933333333326e+01 1.000000000000000000e+00
1.524563000000000024e+01 1.488456850000000031e+01 1.479550666666666636e+01 0.000000000000000000e+00
1.422292900000000060e+01 1.473427949999999953e+01 1.466402200000000100e+01 1.000000000000000000e+00
1.484603300000000026e+01 1.453448099999999954e+01 1.477153066666666525e+01 0.000000000000000000e+00
1.434484400000000015e+01 1.459543850000000020e+01 1.447126866666666700e+01 1.000000000000000000e+00
1.451416500000000021e+01 1.442950450000000018e+01 1.456834733333333354e+01 0.000000000000000000e+00
1.386397599999999919e+01 1.418907049999999970e+01 1.424099499999999985e+01 0.000000000000000000e+00
1.343367300000000064e+01 1.364882449999999992e+01 1.393727133333333335e+01 0.000000000000000000e+00
1.344051299999999927e+01 1.343709300000000084e+01 1.357938733333333481e+01 1.000000000000000000e+00
1.359091300000000047e+01 1.351571299999999987e+01 1.348836633333333346e+01 1.000000000000000000e+00
1.422670699999999933e+01 1.390880999999999901e+01 1.375271099999999969e+01 1.000000000000000000e+00
1.441812799999999939e+01 1.432241750000000025e+01 1.407858266666666758e+01 1.000000000000000000e+00
1.571022100000000066e+01 1.506417450000000002e+01 1.478501866666666764e+01 0.000000000000000000e+00
1.446040200000000020e+01 1.508531149999999954e+01 1.486291700000000127e+01 0.000000000000000000e+00
1.415670099999999998e+01 1.430855150000000009e+01 1.477577466666666517e+01 0.000000000000000000e+00
1.410838500000000018e+01 1.413254300000000008e+01 1.424182933333333345e+01 1.000000000000000000e+00
1.542672800000000066e+01 1.476755650000000131e+01 1.456393800000000027e+01 1.000000000000000000e+00
1.588228400000000029e+01 1.565450600000000136e+01 1.513913233333333430e+01 1.000000000000000000e+00
1.641376299999999944e+01 1.614802350000000075e+01 1.590759166666666680e+01 1.000000000000000000e+00
1.833740799999999993e+01 1.737558549999999968e+01 1.687781833333333381e+01 0.000000000000000000e+00
1.688880199999999832e+01 1.761310499999999735e+01 1.721332433333333256e+01 0.000000000000000000e+00
1.530786900000000017e+01 1.609833549999999747e+01 1.684469299999999592e+01 0.000000000000000000e+00
1.500839399999999912e+01 1.515813149999999965e+01 1.573502166666666291e+01 1.000000000000000000e+00
1.585806700000000014e+01 1.543323050000000052e+01 1.539144333333333314e+01 0.000000000000000000e+00
1.564216300000000004e+01 1.575011500000000098e+01 1.550287466666666525e+01 1.000000000000000000e+00
1.685931799999999825e+01 1.625074049999999914e+01 1.611984933333333458e+01 1.000000000000000000e+00
1.710579500000000053e+01 1.698255650000000117e+01 1.653575866666666627e+01 0.000000000000000000e+00
1.709171100000000010e+01 1.709875300000000209e+01 1.701894133333333414e+01 1.000000000000000000e+00
1.759876099999999965e+01 1.734523599999999988e+01 1.726542233333333343e+01 0.000000000000000000e+00
1.619029199999999946e+01 1.689452649999999778e+01 1.696025466666666759e+01 0.000000000000000000e+00
1.507056299999999993e+01 1.563042749999999970e+01 1.628653866666666516e+01 0.000000000000000000e+00
1.434692700000000087e+01 1.470874500000000040e+01 1.520259399999999950e+01 1.000000000000000000e+00
1.588409900000000086e+01 1.511551299999999998e+01 1.510052966666666663e+01 0.000000000000000000e+00
1.525784499999999966e+01 1.557097200000000115e+01 1.516295700000000046e+01 0.000000000000000000e+00
1.516532899999999984e+01 1.521158699999999975e+01 1.543575766666666738e+01 0.000000000000000000e+00
1.359257999999999988e+01 1.437895449999999897e+01 1.467191799999999979e+01 1.000000000000000000e+00
1.424017800000000022e+01 1.391637899999999917e+01 1.433269566666666606e+01 1.000000000000000000e+00
1.665743099999999899e+01 1.544880449999999961e+01 1.483006300000000088e+01 0.000000000000000000e+00
1.656339600000000090e+01 1.661041349999999994e+01 1.582033500000000004e+01 0.000000000000000000e+00
1.570991899999999930e+01 1.613665749999999832e+01 1.631024866666666640e+01 0.000000000000000000e+00
1.385828500000000041e+01 1.478410200000000074e+01 1.537720000000000020e+01 0.000000000000000000e+00
1.301926500000000075e+01 1.343877499999999969e+01 1.419582299999999897e+01 0.000000000000000000e+00
1.206452299999999944e+01 1.254189399999999921e+01 1.298069100000000020e+01 1.000000000000000000e+00
1.305769300000000044e+01 1.256110800000000083e+01 1.271382700000000021e+01 0.000000000000000000e+00
1.307242399999999982e+01 1.306505849999999924e+01 1.273154666666666657e+01 0.000000000000000000e+00
1.211500599999999928e+01 1.259371499999999955e+01 1.274837433333333259e+01 0.000000000000000000e+00
1.127542799999999978e+01 1.169521699999999953e+01 1.215428599999999904e+01 0.000000000000000000e+00
1.115758899999999976e+01 1.121650849999999977e+01 1.151600766666666686e+01 0.000000000000000000e+00
1.000868900000000039e+01 1.058313899999999919e+01 1.081390199999999879e+01 0.000000000000000000e+00
7.171008999999999745e+00 8.589849000000000956e+00 9.445762333333332705e+00 0.000000000000000000e+00
4.984634999999999927e+00 6.077821999999999392e+00 7.388111000000001205e+00 1.000000000000000000e+00
5.432356000000000407e+00 5.208495499999999723e+00 5.862666666666666693e+00 0.000000000000000000e+00
4.462292999999999843e+00 4.947324500000000569e+00 4.959761333333332800e+00 1.000000000000000000e+00
4.521988999999999592e+00 4.492141000000000162e+00 4.805546000000000539e+00 1.000000000000000000e+00
5.409970000000000390e+00 4.965979499999999547e+00 4.798084000000000238e+00 1.000000000000000000e+00
7.760510000000000019e+00 6.585240000000000649e+00 5.897489666666666075e+00 1.000000000000000000e+00
8.961895999999999418e+00 8.361202999999999719e+00 7.377458666666666609e+00 1.000000000000000000e+00
9.014129999999999754e+00 8.988012999999998698e+00 8.578845333333333656e+00 1.000000000000000000e+00
1.081247800000000048e+01 9.913304000000000116e+00 9.596167999999998699e+00 0.000000000000000000e+00
1.040952799999999989e+01 1.061100300000000018e+01 1.007871200000000123e+01 0.000000000000000000e+00
9.946885999999999228e+00 1.017820700000000045e+01 1.038963066666666712e+01 1.000000000000000000e+00
1.081994100000000003e+01 1.038341349999999963e+01 1.039211833333333423e+01 0.000000000000000000e+00
1.076770699999999970e+01 1.079382400000000075e+01 1.051151133333333298e+01 1.000000000000000000e+00
1.315555400000000041e+01 1.196163050000000005e+01 1.158106733333333516e+01 0.000000000000000000e+00
1.219295499999999954e+01 1.267425449999999998e+01 1.203873866666666714e+01 0.000000000000000000e+00
1.177508199999999938e+01 1.198401849999999946e+01 1.237453033333333252e+01 1.000000000000000000e+00
1.283469200000000043e+01 1.230488700000000080e+01 1.226757633333333253e+01 1.000000000000000000e+00
1.293169299999999922e+01 1.288319249999999982e+01 1.251382233333333183e+01 0.000000000000000000e+00
1.077516999999999925e+01 1.185343149999999923e+01 1.218051833333333356e+01 0.000000000000000000e+00
1.034237099999999998e+01 1.055877049999999961e+01 1.134974466666666615e+01 1.000000000000000000e+00
1.131989699999999921e+01 1.083113399999999871e+01 1.081247933333333400e+01 0.000000000000000000e+00
1.136466899999999924e+01 1.134228299999999834e+01 1.100897899999999829e+01 1.000000000000000000e+00
1.304362700000000075e+01 1.220414800000000000e+01 1.190939766666666522e+01 1.000000000000000000e+00
1.312353399999999937e+01 1.308358050000000006e+01 1.251060999999999979e+01 1.000000000000000000e+00
1.409258799999999923e+01 1.360806099999999930e+01 1.341991633333333311e+01 1.000000000000000000e+00
1.424282799999999938e+01 1.416770799999999930e+01 1.381965000000000110e+01 1.000000000000000000e+00
1.528700399999999959e+01 1.476491599999999949e+01 1.454080666666666666e+01 0.000000000000000000e+00
1.532455999999999996e+01 1.530578200000000066e+01 1.495146399999999964e+01 0.000000000000000000e+00
1.325875100000000018e+01 1.429165550000000096e+01 1.462343833333333443e+01 1.000000000000000000e+00
1.449971799999999966e+01 1.387923449999999903e+01 1.436100966666666778e+01 1.000000000000000000e+00
1.511994800000000083e+01 1.480983300000000114e+01 1.429280566666666630e+01 1.000000000000000000e+00
1.592170499999999933e+01 1.552082650000000008e+01 1.518045699999999876e+01 1.000000000000000000e+00
1.606541999999999959e+01 1.599356249999999946e+01 1.570235766666666599e+01 0.000000000000000000e+00
1.390974699999999942e+01 1.498758349999999950e+01 1.529895733333333396e+01 0.000000000000000000e+00
1.327439299999999989e+01 1.359206999999999965e+01 1.441652000000000022e+01 1.000000000000000000e+00
1.430719900000000067e+01 1.379079600000000028e+01 1.383044633333333273e+01 0.000000000000000000e+00
1.403058000000000050e+01 1.416888950000000058e+01 1.387072400000000094e+01 0.000000000000000000e+00
1.366175999999999924e+01 1.384617000000000075e+01 1.399984633333333228e+01 1.000000000000000000e+00
1.444550300000000043e+01 1.405363149999999983e+01 1.404594766666666850e+01 1.000000000000000000e+00
1.575174799999999919e+01 1.509862550000000070e+01 1.461967033333333177e+01 1.000000000000000000e+00
1.649707400000000135e+01 1.612441100000000205e+01 1.556477500000000269e+01 0.000000000000000000e+00
1.614558399999999949e+01 1.632132899999999864e+01 1.613146866666666668e+01 0.000000000000000000e+00
1.491321399999999997e+01 1.552939899999999973e+01 1.585195733333333123e+01 0.000000000000000000e+00
1.481961800000000018e+01 1.486641600000000096e+01 1.529280533333333381e+01 0.000000000000000000e+00
1.465582200000000057e+01 1.473771999999999949e+01 1.479621800000000142e+01 0.000000000000000000e+00
1.456222400000000050e+01 1.460902300000000054e+01 1.467922133333333257e+01 0.000000000000000000e+00
1.328305899999999973e+01 1.392264150000000100e+01 1.416703500000000027e+01 0.000000000000000000e+00
1.333470699999999987e+01 1.330888299999999980e+01 1.372666333333333455e+01 1.000000000000000000e+00
1.559969399999999951e+01 1.446720050000000057e+01 1.407248666666666814e+01 0.000000000000000000e+00
1.522485600000000083e+01 1.541227500000000106e+01 1.471975233333333399e+01 1.000000000000000000e+00
1.630151899999999898e+01 1.576318750000000080e+01 1.570868966666666644e+01 0.000000000000000000e+00
1.618188900000000174e+01 1.624170399999999859e+01 1.590275466666666659e+01 0.000000000000000000e+00
1.531258300000000006e+01 1.574723600000000090e+01 1.593199700000000085e+01 1.000000000000000000e+00
1.684693499999999844e+01 1.607975899999999925e+01 1.611380233333333578e+01 1.000000000000000000e+00
1.756605899999999920e+01 1.720649699999999882e+01 1.657519233333333375e+01 0.000000000000000000e+00
1.642676700000000167e+01 1.699641300000000044e+01 1.694658699999999740e+01 1.000000000000000000e+00
1.688733099999999965e+01 1.665704900000000066e+01 1.696005233333333351e+01 0.000000000000000000e+00
1.602276600000000073e+01 1.645504850000000019e+01 1.644562133333333520e+01 1.000000000000000000e+00
1.632980500000000035e+01 1.617628549999999876e+01 1.641330066666666809e+01 1.000000000000000000e+00
1.650183699999999831e+01 1.641582100000000111e+01 1.628480266666666409e+01 0.000000000000000000e+00
1.496887899999999938e+01 1.573535799999999796e+01 1.593350700000000053e+01 0.000000000000000000e+00
1.377202600000000032e+01 1.437045249999999896e+01 1.508091399999999815e+01 1.000000000000000000e+00
1.409173400000000065e+01 1.393187999999999960e+01 1.427754633333333345e+01 1.000000000000000000e+00
1.468196400000000068e+01 1.438684900000000155e+01 1.418190799999999996e+01 0.000000000000000000e+00
1.464917600000000064e+01 1.466557000000000066e+01 1.447429133333333517e+01 0.000000000000000000e+00
1.440853399999999951e+01 1.452885500000000008e+01 1.457989133333333420e+01 1.000000000000000000e+00
1.509227199999999947e+01 1.475040299999999860e+01 1.471666066666666772e+01 1.000000000000000000e+00
1.581770200000000060e+01 1.545498699999999914e+01 1.510616933333333201e+01 1.000000000000000000e+00
1.639304399999999973e+01 1.610537300000000016e+01 1.576767266666666423e+01 0.000000000000000000e+00
1.601782000000000039e+01 1.620543200000000184e+01 1.607618866666666690e+01 1.000000000000000000e+00
1.614289300000000082e+01 1.608035650000000061e+01 1.618458566666666698e+01 0.000000000000000000e+00
1.560421599999999920e+01 1.587355450000000090e+01 1.592164300000000132e+01 1.000000000000000000e+00
1.573953900000000061e+01 1.567187750000000079e+01 1.582888266666666688e+01 0.000000000000000000e+00
1.477537399999999934e+01 1.525745649999999998e+01 1.537304300000000090e+01 0.000000000000000000e+00
1.439478300000000033e+01 1.458507849999999983e+01 1.496989866666666558e+01 1.000000000000000000e+00
1.778626999999999825e+01 1.609052649999999929e+01 1.565214233333333205e+01 0.000000000000000000e+00
1.719423899999999961e+01 1.749025449999999893e+01 1.645843066666666843e+01 1.000000000000000000e+00
1.777176700000000054e+01 1.748300300000000007e+01 1.758409199999999828e+01 0.000000000000000000e+00
1.779746099999999842e+01 1.778461399999999770e+01 1.758782233333333167e+01 1.000000000000000000e+00
1.790879599999999883e+01 1.785312849999999685e+01 1.782600799999999808e+01 0.000000000000000000e+00
1.656413799999999981e+01 1.723646699999999754e+01 1.742346499999999665e+01 0.000000000000000000e+00
1.542503499999999939e+01 1.599458650000000048e+01 1.663265633333333327e+01 1.000000000000000000e+00
1.590465799999999952e+01 1.566484649999999945e+01 1.596461033333333290e+01 1.000000000000000000e+00
1.809012799999999999e+01 1.699739299999999886e+01 1.647327366666666748e+01 1.000000000000000000e+00
1.891914900000000088e+01 1.850463849999999866e+01 1.763797833333333287e+01 0.000000000000000000e+00
1.831701699999999988e+01 1.861808299999999861e+01 1.844209799999999788e+01 0.000000000000000000e+00
1.726110500000000059e+01 1.778906100000000023e+01 1.816575699999999927e+01 0.000000000000000000e+00
1.578632099999999916e+01 1.652371300000000076e+01 1.712148099999999928e+01 1.000000000000000000e+00
1.615283399999999858e+01 1.596957749999999976e+01 1.640008666666666670e+01 0.000000000000000000e+00
1.585149900000000045e+01 1.600216650000000129e+01 1.593021800000000177e+01 1.000000000000000000e+00
1.790202899999999886e+01 1.687676400000000143e+01 1.663545399999999930e+01 0.000000000000000000e+00
1.601197200000000009e+01 1.695700049999999948e+01 1.658849999999999980e+01 1.000000000000000000e+00
1.726012199999999908e+01 1.663604699999999781e+01 1.705804099999999934e+01 1.000000000000000000e+00
1.747409199999999885e+01 1.736710699999999719e+01 1.691539533333333267e+01 0.000000000000000000e+00
1.750975199999999887e+01 1.749192199999999886e+01 1.741465533333333227e+01 1.000000000000000000e+00
1.849739299999999886e+01 1.800357249999999709e+01 1.782707899999999768e+01 0.000000000000000000e+00
1.727698300000000131e+01 1.788718800000000186e+01 1.776137599999999850e+01 1.000000000000000000e+00
1.821505900000000011e+01 1.774602099999999893e+01 1.799647833333333224e+01 0.000000000000000000e+00
1.806023199999999918e+01 1.813764549999999787e+01 1.785075799999999902e+01 0.000000000000000000e+00
1.792361800000000116e+01 1.799192500000000194e+01 1.806630300000000133e+01 0.000000000000000000e+00
1.754110100000000116e+01 1.773235950000000116e+01 1.784165033333333383e+01 1.000000000000000000e+00
1.772112500000000068e+01 1.763111299999999915e+01 1.772861466666666885e+01 1.000000000000000000e+00
1.782345199999999963e+01 1.777228850000000193e+01 1.769522600000000168e+01 1.000000000000000000e+00
1.859555200000000141e+01 1.820950200000000052e+01 1.804670966666666843e+01 0.000000000000000000e+00
1.852113299999999896e+01 1.855834250000000196e+01 1.831337900000000118e+01 0.000000000000000000e+00
1.859555200000000141e+01 1.855834250000000196e+01 1.857074566666666726e+01 0.000000000000000000e+00
1.813043000000000049e+01 1.836299100000000095e+01 1.841570500000000266e+01 1.000000000000000000e+00
1.850401300000000049e+01 1.831722150000000227e+01 1.840999833333333413e+01 0.000000000000000000e+00
1.852304600000000079e+01 1.851352950000000064e+01 1.838582966666666962e+01 1.000000000000000000e+00
1.894186200000000042e+01 1.873245400000000060e+01 1.865630700000000175e+01 1.000000000000000000e+00
2.046482699999999966e+01 1.970334450000000004e+01 1.930991166666666814e+01 0.000000000000000000e+00
1.995082499999999825e+01 2.020782599999999718e+01 1.978583799999999826e+01 0.000000000000000000e+00
1.968430700000000044e+01 1.981756599999999935e+01 2.003331966666666730e+01 1.000000000000000000e+00
2.050654400000000166e+01 2.009542550000000105e+01 2.004722533333333345e+01 0.000000000000000000e+00
1.932778400000000119e+01 1.991716399999999965e+01 1.983954500000000110e+01 0.000000000000000000e+00
1.892837000000000103e+01 1.912807700000000111e+01 1.958756599999999892e+01 0.000000000000000000e+00
1.842179499999999948e+01 1.867508250000000203e+01 1.889264966666666723e+01 0.000000000000000000e+00
1.828540999999999883e+01 1.835360250000000093e+01 1.854519166666666763e+01 0.000000000000000000e+00
