1989-11-01,21.375000,21.750000,20.000000,21.500000,11.768826,11600
1989-12-01,21.500000,21.875000,20.375000,20.375000,11.153014,153900
1990-01-01,20.375000,20.875000,18.375000,18.750000,10.263512,59200
1990-02-01,18.875000,19.125000,16.125000,16.625000,9.100312,112200
1990-03-01,16.500000,16.500000,12.625000,13.000000,7.116034,120300
1990-04-01,13.000000,14.875000,12.375000,13.625000,7.497752,89300
1990-05-01,13.625000,16.000000,13.625000,15.625000,8.598340,80100
1990-06-01,15.750000,16.000000,13.625000,14.125000,7.772898,51600
1990-07-01,14.375000,15.500000,13.875000,14.125000,7.772898,61900
1990-08-01,14.125000,14.125000,11.125000,12.250000,6.741099,44100
1990-09-01,12.250000,13.125000,10.125000,10.125000,5.571722,48800
1990-10-01,10.750000,13.250000,10.750000,12.250000,6.785671,54800
1990-11-01,11.750000,12.500000,10.250000,10.250000,5.677805,39300
1990-12-01,10.375000,11.375000,10.000000,10.000000,5.539321,64900
1991-01-01,10.000000,11.625000,9.875000,10.750000,5.954770,16600
1991-02-01,10.750000,12.500000,10.750000,12.000000,6.647186,100400
1991-03-01,11.875000,12.250000,10.625000,10.625000,5.885529,45600
1991-04-01,10.625000,11.875000,10.625000,11.125000,6.202947,47300
1991-05-01,11.375000,11.625000,10.500000,10.750000,5.993859,15800
1991-06-01,10.750000,11.000000,10.000000,10.375000,5.784773,26000
1991-07-01,10.500000,11.000000,10.125000,10.625000,5.924163,19500
1991-08-01,10.625000,10.875000,9.250000,9.750000,5.436291,35400
1991-09-01,10.000000,10.750000,9.625000,10.375000,5.784773,16800
1991-10-01,10.375000,11.125000,10.375000,10.500000,5.902888,11100
1991-11-01,10.500000,11.000000,9.875000,10.000000,5.621796,84700
1991-12-01,10.000000,10.875000,9.875000,10.250000,5.762342,54600
1992-01-01,10.250000,11.125000,9.875000,10.250000,5.762342,60600
1992-02-01,10.250000,10.625000,9.625000,9.625000,5.410980,19100
1992-03-01,9.625000,10.000000,8.375000,9.125000,5.129889,102200
1992-04-01,9.125000,9.375000,8.375000,9.125000,5.183571,114100
1992-05-01,9.125000,10.000000,9.000000,9.625000,5.467603,71500
1992-06-01,9.625000,10.000000,8.375000,8.875000,5.041555,136700
1992-07-01,9.250000,10.000000,8.500000,9.125000,5.183571,43500
1992-08-01,9.125000,9.750000,8.375000,9.375000,5.325586,80500
1992-09-01,9.250000,10.125000,9.125000,10.000000,5.680626,38800
1992-10-01,9.750000,10.000000,9.000000,9.250000,5.254580,143000
1992-11-01,8.875000,9.500000,8.250000,9.125000,5.183571,42500
1992-12-01,9.125000,9.625000,8.750000,9.250000,5.254580,20100
1993-01-01,9.250000,10.000000,8.750000,10.000000,5.680626,481200
1993-02-01,10.000000,10.750000,9.750000,10.375000,5.893650,27700
1993-03-01,10.375000,13.500000,10.375000,13.000000,7.384815,344500
1993-04-01,13.375000,15.250000,13.000000,15.250000,8.742415,304100
1993-05-01,15.000000,15.375000,13.500000,14.250000,8.169138,82000
1993-06-01,14.000000,14.375000,11.875000,12.625000,7.237572,146700
1993-07-01,12.625000,14.000000,12.500000,13.875000,7.954164,65700
1993-08-01,13.875000,14.375000,13.250000,14.250000,8.169138,98500
1993-09-01,13.750000,14.375000,13.250000,13.375000,7.667526,110800
1993-10-01,13.375000,14.500000,13.375000,13.875000,7.954164,63300
1993-11-01,13.750000,14.375000,12.250000,13.000000,7.452546,57600
1993-12-01,13.125000,13.500000,12.500000,13.250000,7.595866,34200
1994-01-01,13.250000,14.875000,13.000000,14.875000,8.527434,44900
1994-02-01,15.000000,16.500000,15.000000,16.500000,9.459005,668800
1994-03-01,16.625000,17.500000,15.750000,16.000000,9.172370,235500
1994-04-01,16.000000,17.500000,15.750000,16.625000,9.599958,75600
1994-05-01,17.000000,17.375000,16.375000,17.125000,9.888676,260600
1994-06-01,17.250000,17.750000,16.375000,17.750000,10.249576,489200
1994-07-01,17.625000,18.000000,15.000000,15.250000,8.805977,123000
1994-08-01,15.500000,16.250000,15.250000,15.250000,8.805977,115600
1994-09-01,15.375000,16.625000,14.875000,16.000000,9.239058,106700
1994-10-01,16.375000,17.500000,16.000000,17.125000,9.907107,161400
1994-11-01,17.000000,17.000000,15.750000,16.750000,9.690165,157800
1994-12-01,16.750000,16.875000,15.750000,16.500000,9.545536,314100
1995-01-01,16.500000,16.500000,14.125000,14.375000,8.316186,1424900
1995-02-01,14.250000,15.000000,13.375000,13.500000,7.809985,99500
1995-03-01,13.375000,15.437500,13.000000,14.750000,8.533129,88700
1995-04-01,15.000000,15.375000,14.250000,14.875000,8.689339,52000
1995-05-01,14.500000,14.750000,12.750000,12.750000,7.448006,292800
1995-06-01,13.000000,13.500000,11.250000,13.000000,7.594045,217100
1995-07-01,13.125000,14.750000,12.750000,14.000000,8.178206,154000
1995-08-01,13.500000,16.250000,13.125000,15.125000,8.835381,169900
1995-09-01,15.000000,15.750000,13.625000,14.250000,8.324244,173600
1995-10-01,14.250000,15.250000,13.375000,13.750000,8.114036,125000
1995-11-01,13.375000,14.875000,13.375000,14.875000,8.777909,222100
1995-12-01,14.500000,15.625000,14.250000,15.250000,8.999204,105700
1996-01-01,15.250000,16.250000,15.250000,15.625000,9.220497,95100
1996-02-01,16.000000,16.125000,15.250000,15.625000,9.220497,376300
1996-03-01,15.375000,15.625000,14.875000,15.375000,9.072968,153100
1996-04-01,15.875000,16.875000,15.500000,16.625000,9.894011,77100
1996-05-01,16.250000,16.875000,15.875000,16.500000,9.819622,170200
1996-06-01,16.625000,18.375000,16.125000,17.750000,10.563529,101500
1996-07-01,17.875000,17.875000,15.500000,16.125000,9.596448,122200
1996-08-01,16.500000,16.875000,14.875000,14.875000,8.852535,132800
1996-09-01,14.750000,16.500000,14.750000,16.125000,9.596448,68100
1996-10-01,16.500000,16.500000,14.875000,15.000000,8.942454,286700
1996-11-01,14.875000,15.250000,13.875000,14.250000,8.495332,200300
1996-12-01,13.750000,14.375000,11.500000,11.875000,7.079444,327500
1997-01-01,11.750000,12.500000,10.625000,12.500000,7.452048,359000
1997-02-01,12.375000,13.250000,11.750000,11.750000,7.004923,902200
1997-03-01,12.125000,12.250000,11.359300,11.875000,7.079444,574500
1997-04-01,11.750000,12.750000,11.500000,11.750000,7.152997,554100
1997-05-01,11.875000,13.875000,11.875000,13.375000,8.142243,365400
1997-06-01,13.875000,15.750000,13.625000,15.750000,9.588061,370200
1997-07-01,15.125000,15.500000,13.625000,14.000000,8.522719,219500
1997-08-01,13.625000,13.625000,12.250000,12.750000,7.761765,281000
1997-09-01,12.250000,12.875000,11.250000,12.125000,7.381283,572800
1997-10-01,12.125000,12.250000,9.375000,10.500000,6.416543,1021100
1997-11-01,10.500000,11.250000,8.875000,9.062500,5.538087,643900
1997-12-01,9.000000,9.000000,7.375000,8.250000,5.041569,2390100
1998-01-01,8.000000,9.875000,7.500000,9.000000,5.499894,658500
1998-02-01,8.625000,9.750000,8.625000,8.875000,5.423505,1040800
1998-03-01,8.750000,8.937500,7.500000,7.937500,4.850600,2923300
1998-04-01,7.562500,8.000000,6.187500,6.750000,4.181557,6454700
1998-05-01,6.500000,7.625000,5.937500,6.250000,3.871811,11400300
1998-06-01,6.062500,6.468700,5.468700,6.375000,3.949247,4932700
1998-07-01,6.625000,7.000000,6.250000,6.437500,3.987966,4443400
1998-08-01,6.375000,6.718700,4.812500,4.937500,3.058731,2842400
1998-09-01,5.375000,6.500000,5.312500,5.375000,3.329757,1610000
1998-10-01,4.750000,6.375000,4.500000,5.437500,3.379981,2916400
1998-11-01,5.500000,6.937500,5.312500,5.875000,3.651934,2787300
1998-12-01,6.187500,6.750000,5.625000,5.937500,3.690785,2378900
1999-01-01,6.187500,8.125000,6.125000,7.312500,4.545494,9471800
1999-02-01,7.375000,7.812500,6.687500,7.656200,4.759139,3790800
1999-03-01,7.656200,8.000000,6.343700,7.500000,4.662042,10116100
1999-04-01,7.500000,7.812500,7.031200,7.500000,4.677569,3881100
1999-05-01,7.406200,8.875000,7.375000,8.593700,5.359685,2367600
1999-06-01,8.750000,9.812500,8.375000,9.625000,6.002884,1499900
1999-07-01,9.718700,12.312500,9.000000,11.625000,7.250236,2342200
1999-08-01,11.250000,12.062500,10.812500,11.437500,7.133297,1287000
1999-09-01,11.687500,13.375000,11.687500,11.812500,7.367173,1888500
1999-10-01,12.281200,13.375000,10.687500,11.937500,7.460841,1596200
1999-11-01,12.062500,12.125000,9.000000,9.437500,5.898361,1331400
1999-12-01,9.718700,10.500000,7.625000,8.062500,5.038997,1628200
2000-01-01,8.125000,9.875000,7.250000,9.375000,5.859297,1520000
2000-02-01,9.125000,9.250000,6.656200,7.812500,4.882749,2310500
2000-03-01,7.812500,8.375000,7.312500,8.125000,5.078060,1179500
2000-04-01,8.000000,9.375000,7.687500,9.000000,5.721815,1176200
2000-05-01,9.031200,10.687500,8.781200,10.687500,6.794657,1108900
2000-06-01,10.187500,11.750000,9.562500,11.500000,7.311210,955700
2000-07-01,11.625000,11.687500,9.625000,10.031200,6.377408,543900
2000-08-01,9.906200,10.750000,8.500000,9.875000,6.278104,970800
2000-09-01,9.781200,11.250000,9.500000,11.187500,7.112535,1041600
2000-10-01,11.000000,14.000000,10.750000,14.000000,8.998902,1463800
2000-11-01,13.625000,14.375000,11.625000,11.750000,7.552649,974300
2000-12-01,12.625000,12.937500,10.625000,11.000000,7.070565,822800
2001-01-01,11.000000,12.437500,10.500000,12.187500,7.833865,629800
2001-02-01,12.062500,12.937500,11.437500,12.750000,8.195427,819900
2001-03-01,12.687500,13.937500,12.125000,12.687500,8.155254,2046000
2001-04-01,12.875000,14.500000,12.650000,13.950000,9.031690,1119400
2001-05-01,14.000000,14.700000,13.330000,13.500000,8.740346,1307000
2001-06-01,13.250000,13.950000,12.340000,13.850000,8.966950,885300
2001-07-01,13.890000,14.000000,13.300000,13.800000,8.934576,411300
2001-08-01,13.750000,13.750000,11.450000,11.600000,7.510224,1173200
2001-09-01,11.450000,11.500000,7.010000,8.580000,5.554975,1825900
2001-10-01,8.700000,10.000000,8.280000,9.050000,5.859269,813700
2001-11-01,9.140000,10.150000,8.900000,10.000000,6.474331,1674800
2001-12-01,9.750000,10.930000,9.300000,10.860000,7.031124,1240900
2002-01-01,10.800000,11.590000,10.510000,10.890000,7.050546,1871300
2002-02-01,10.740000,13.180000,10.210000,12.830000,8.306566,2381600
2002-03-01,13.000000,14.700000,12.900000,14.360000,9.297137,3984300
2002-04-01,14.400000,15.600000,13.400000,15.580000,10.153359,6856700
2002-05-01,15.540000,16.700001,14.250000,14.500000,9.449529,4395100
2002-06-01,14.730000,14.900000,13.100000,14.010000,9.130201,3130100
2002-07-01,13.870000,14.530000,13.420000,14.120000,9.201887,4893100
2002-08-01,14.130000,15.350000,13.850000,14.750000,9.612454,3497600
2002-09-01,14.480000,15.850000,13.950000,14.680000,9.566833,10526900
2002-10-01,14.700000,16.150000,12.760000,15.300000,10.009756,5216800
2002-11-01,15.900000,16.410000,15.050000,16.049999,10.500432,4091400
2002-12-01,15.900000,16.180000,14.950000,15.380000,10.062097,3347000
2003-01-01,15.500000,16.680000,15.090000,15.300000,10.009756,5281900
2003-02-01,15.530000,15.770000,14.860000,15.130000,9.898537,3379400
2003-03-01,15.300000,15.300000,13.150000,13.310000,8.707837,5108000
2003-04-01,13.500000,15.580000,13.400000,15.330000,10.132558,6075600
2003-05-01,15.310000,16.250000,14.800000,15.850000,10.476260,5074000
2003-06-01,16.010000,19.200001,15.800000,18.850000,12.459148,5263900
2003-07-01,18.850000,21.580000,18.650000,19.840000,13.113503,7011700
2003-08-01,19.650000,22.250000,19.040001,21.760000,14.382552,4052600
2003-09-01,21.950001,24.760000,21.400000,21.730000,14.362723,7289800
2003-10-01,21.620001,24.190001,21.510000,22.610001,15.028748,6688000
2003-11-01,22.510000,24.240000,21.559999,22.780001,15.141747,4788200
2003-12-01,23.680000,23.940001,22.020000,22.459999,14.929049,3829700
2004-01-01,22.600000,24.000000,21.010000,21.309999,14.164646,5618100
2004-02-01,21.600000,22.170000,20.190001,22.090000,14.683110,7201100
2004-03-01,22.080000,22.889999,21.049999,22.010000,14.629938,6265100
2004-04-01,22.000000,23.490000,21.389999,21.910000,14.691141,7963400
2004-05-01,21.910000,22.389999,19.250000,20.320000,13.625010,6004400
2004-06-01,20.129999,22.719999,19.400000,22.360001,14.992874,4751600
2004-07-01,22.500000,22.500000,20.799999,21.440001,14.375998,3855700
2004-08-01,21.170000,21.830000,20.170000,21.799999,14.617383,2428400
2004-09-01,21.459999,22.469999,21.000000,21.660000,14.523507,2456600
2004-10-01,21.670000,22.510000,21.200001,22.510000,15.245630,1826300
2004-11-01,22.000000,22.170000,20.629999,21.000000,14.222929,3254700
2004-12-01,20.910000,22.000000,20.400000,21.920000,14.846033,2657700
2005-01-01,21.620001,22.400000,21.120001,21.180000,14.344844,2933400
2005-02-01,21.180000,21.719999,20.799999,21.430000,14.514165,2466900
2005-03-01,21.400000,21.790001,19.980000,20.469999,13.863976,3726000
2005-04-01,20.440001,21.129999,19.250000,19.650000,13.433673,2524600
2005-05-01,19.860001,20.490000,19.299999,19.660000,13.440513,2600000
2005-06-01,19.700001,20.469999,19.700001,19.879999,13.590913,2637100
2005-07-01,20.070000,20.900000,19.680000,20.809999,14.226707,2909400
2005-08-01,20.879999,21.600000,20.360001,21.090000,14.418128,3354600
2005-09-01,21.080000,23.160000,20.790001,22.980000,15.710221,6812600
2005-10-01,22.940001,23.440001,20.610001,20.950001,14.460402,4941100
2005-11-01,20.900000,21.450001,19.580000,20.510000,14.156701,6465100
2005-12-01,20.430000,20.690001,19.670000,20.440001,14.108385,5306000
2006-01-01,20.600000,22.670000,20.430000,22.350000,15.426728,6063600
2006-02-01,21.940001,23.750000,21.490000,23.010000,15.882284,4563100
2006-03-01,23.000000,24.400000,22.549999,23.780001,16.413763,4961900
2006-04-01,23.570000,26.389999,23.299999,26.330000,18.337408,5233600
2006-05-01,26.500000,27.709999,23.049999,24.250000,16.888802,4822700
2006-06-01,24.160000,24.770000,20.400000,21.980000,15.307869,5391000
2006-07-01,22.000000,22.209999,19.670000,21.549999,15.008394,4435900
2006-08-01,21.360001,22.870001,20.629999,22.770000,15.858067,3635600
2006-09-01,22.879999,23.090000,21.900000,22.459999,15.642163,4334900
2006-10-01,22.790001,24.139999,22.400000,23.940001,16.859318,6296500
2006-11-01,24.639999,25.129999,23.610001,24.290001,17.105795,4850200
2006-12-01,24.260000,24.379999,23.309999,24.270000,17.091711,4393000
2007-01-01,24.379999,25.680000,23.809999,24.990000,17.598761,6203900
2007-02-01,25.500000,25.680000,22.139999,22.990000,16.190292,7411500
2007-03-01,22.850000,23.160000,21.370001,21.400000,15.070563,5813100
2007-04-01,21.320000,21.900000,20.160000,20.160000,14.346927,6269300
2007-05-01,20.360001,22.480000,19.950001,22.320000,15.884099,14127900
2007-06-01,21.879999,22.490000,20.889999,21.440001,15.257845,10983700
2007-07-01,21.740000,22.070000,20.170000,21.309999,15.165329,7122100
2007-08-01,21.010000,21.340000,18.549999,19.100000,13.592580,8241100
2007-09-01,18.940001,20.389999,18.680000,20.010000,14.240178,5960400
2007-10-01,20.020000,23.190001,18.900000,23.030001,16.657431,9080400
2007-11-01,23.500000,23.750000,20.090000,22.900000,16.563396,9047700
2007-12-01,22.580000,23.200001,20.180000,21.719999,15.709919,7359900
2008-01-01,21.719999,21.830000,17.430000,19.160000,13.858285,13861700
2008-02-01,19.219999,19.559999,16.879999,18.000000,13.019265,16879100
2008-03-01,18.080000,18.170000,16.000000,16.680000,12.064523,13315400
2008-04-01,16.740000,17.980000,15.880000,17.730000,13.057693,16915900
2008-05-01,17.730000,18.920000,16.910000,17.750000,13.072424,13280200
2008-06-01,17.780001,18.709999,16.120001,16.450001,12.115006,17175200
2008-07-01,16.200001,16.629999,15.000000,15.310000,11.275428,18743800
2008-08-01,14.650000,16.070000,14.210000,15.150000,11.157589,9045000
2008-09-01,14.910000,15.640000,12.730000,13.590000,10.008689,19519100
2008-10-01,13.260000,13.340000,8.040000,9.610000,7.171009,18794100
2008-11-01,9.580000,9.990000,6.480000,6.680000,4.984635,19376600
2008-12-01,6.660000,7.590000,6.070000,7.280000,5.432356,17801100
2009-01-01,7.220000,7.920000,5.920000,5.980000,4.462293,14993400
2009-02-01,5.860000,6.430000,5.590000,6.060000,4.521989,17555800
2009-03-01,5.920000,8.050000,5.780000,7.250000,5.409970,17230400
2009-04-01,7.780000,10.750000,7.670000,10.400000,7.760510,12303000
2009-05-01,10.550000,12.090000,10.240000,12.010000,8.961896,10535400
2009-06-01,12.140000,13.000000,11.560000,12.080000,9.014130,5885600
2009-07-01,12.000000,14.880000,11.000000,14.490000,10.812478,5575800
2009-08-01,15.350000,15.650000,13.830000,13.950000,10.409528,6351300
2009-09-01,14.000000,14.250000,12.670000,13.330000,9.946886,4852300
2009-10-01,13.250000,15.400000,12.910000,14.500000,10.819941,4350000
2009-11-01,14.350000,14.950000,13.660000,14.430000,10.767707,1707300
2009-12-01,14.700000,17.879999,14.700000,17.629999,13.155554,4265300
2010-01-01,17.650000,17.950001,15.750000,16.340000,12.192955,3349300
2010-02-01,15.950000,17.100000,15.690000,15.780000,11.775082,3847900
2010-03-01,15.750000,17.299999,15.550000,17.200001,12.834692,2250700
2010-04-01,17.200001,17.680000,16.700001,17.330000,12.931693,3627700
2010-05-01,17.250000,17.500000,14.000000,14.440000,10.775170,3121700
2010-06-01,14.300000,15.350000,13.460000,13.860000,10.342371,2330800
2010-07-01,13.700000,16.000000,13.550000,15.170000,11.319897,3338800
2010-08-01,15.250000,15.720000,14.560000,15.230000,11.364669,2642300
2010-09-01,15.300000,17.719999,15.260000,17.480000,13.043627,2595900
2010-10-01,17.700001,18.580000,17.410000,17.469999,13.123534,2435600
2010-11-01,17.150000,19.450001,16.950001,18.760000,14.092588,5168300
2010-12-01,19.030001,19.889999,18.770000,18.959999,14.242828,3557700
2011-01-01,19.000000,20.700001,19.000000,20.350000,15.287004,2681100
2011-02-01,20.360001,21.799999,20.139999,20.400000,15.324560,5629400
2011-03-01,20.750000,20.850000,16.650000,17.650000,13.258751,6121200
2011-04-01,17.459999,19.270000,16.200001,19.170000,14.499718,6625200
2011-05-01,19.389999,20.400000,18.820000,19.990000,15.119948,3801300
2011-06-01,19.830000,21.240000,18.940001,21.049999,15.921705,3638500
2011-07-01,21.000000,22.230000,20.889999,21.240000,16.065420,2369500
2011-08-01,21.540001,21.570000,16.299999,18.389999,13.909747,2447800
2011-09-01,18.719999,18.719999,16.180000,17.549999,13.274393,2206000
2011-10-01,17.770000,19.290001,17.049999,18.620001,14.307199,1949900
2011-11-01,18.230000,18.790001,16.540001,18.260000,14.030580,1847800
2011-12-01,17.879999,18.350000,17.100000,17.780001,13.661760,2064600
2012-01-01,18.290001,19.180000,17.350000,18.799999,14.445503,1744600
2012-02-01,19.150000,20.809999,19.040001,20.500000,15.751748,2055100
2012-03-01,20.280001,21.500000,19.280001,21.469999,16.497074,2607900
2012-04-01,21.700001,21.809999,19.860001,20.700001,16.145584,1856800
2012-05-01,20.040001,20.250000,18.580000,19.120001,14.913214,2407100
2012-06-01,18.500000,19.450001,18.000000,19.000000,14.819618,1358100
2012-07-01,18.790001,19.040001,17.549999,18.790001,14.655822,1151900
2012-08-01,18.709999,20.160000,18.559999,18.670000,14.562224,1182500
2012-09-01,18.920000,19.330000,16.709999,17.030001,13.283059,2031100
2012-10-01,16.799999,17.920000,16.440001,16.719999,13.334707,2592000
2012-11-01,16.709999,19.559999,16.709999,19.559999,15.599694,4624400
2012-12-01,19.549999,19.990000,18.100000,19.090000,15.224856,1870700
2013-01-01,19.090000,20.590000,19.000000,20.440001,16.301519,4530800
2013-02-01,20.200001,21.170000,19.450001,20.290001,16.181889,2162600
2013-03-01,20.240000,20.980000,19.170000,19.200001,15.312583,1570800
2013-04-01,19.000000,21.459999,18.360001,20.850000,16.846935,1900500
2013-05-01,20.500000,24.150000,20.000000,21.740000,17.566059,3811800
2013-06-01,21.780001,22.260000,19.850000,20.330000,16.426767,2707700
2013-07-01,20.530001,22.549999,20.450001,20.900000,16.887331,1495200
2013-08-01,21.180000,21.840000,19.830000,19.830000,16.022766,2094800
2013-09-01,20.440001,21.100000,19.950001,20.209999,16.329805,7816400
2013-10-01,20.219999,21.100000,19.629999,20.129999,16.501837,5401000
2013-11-01,18.990000,18.990000,17.570000,18.260000,14.968879,10591000
2013-12-01,18.230000,18.270000,16.660000,16.799999,13.772026,3694400
2014-01-01,16.780001,18.850000,16.629999,17.190001,14.091734,5781500
2014-02-01,17.180000,18.340000,16.450001,17.910000,14.681964,2656000
2014-03-01,17.889999,17.950001,16.660000,17.870001,14.649176,2216400
2014-04-01,17.719999,18.340000,17.040001,17.280001,14.408534,1499100
2014-05-01,17.299999,18.270000,16.950001,18.100000,15.092272,2157100
2014-06-01,18.250000,19.820000,18.120001,18.969999,15.817702,1891900
2014-07-01,19.150000,20.270000,18.889999,19.660000,16.393044,2518800
2014-08-01,19.730000,19.740000,18.850000,19.209999,16.017820,1023100
2014-09-01,19.209999,19.879999,19.209999,19.360001,16.142893,1623900
2014-10-01,19.160000,19.180000,17.410000,18.450001,15.604216,3996100
2014-11-01,18.110001,19.000000,17.990000,18.610001,15.739539,1457500
2014-12-01,18.600000,18.920000,17.160000,17.469999,14.775374,3122100
2015-01-01,17.570000,17.860001,16.650000,17.020000,14.394783,3152400
2015-02-01,17.389999,21.260000,17.200001,21.030001,17.786270,1903500
2015-03-01,20.840000,21.459999,20.280001,20.330000,17.194239,1381400
2015-04-01,20.090000,21.750000,20.049999,20.750000,17.771767,2337800
2015-05-01,20.580000,21.540001,20.309999,20.780001,17.797461,1823900
2015-06-01,20.900000,21.459999,19.799999,20.910000,17.908796,1572000
2015-07-01,20.990000,21.500000,19.040001,19.340000,16.564138,1366500
2015-08-01,19.160000,19.410000,16.650000,18.010000,15.425035,1520400
2015-09-01,17.100000,19.480000,17.100000,18.570000,15.904658,2520100
2015-10-01,19.190001,21.150000,18.820000,20.730000,18.090128,1538400
2015-11-01,21.110001,21.920000,20.379999,21.680000,18.919149,4414000
2015-12-01,21.100000,21.309999,20.110001,20.990000,18.317017,1761700
2016-01-01,20.370001,20.650000,17.690001,19.780001,17.261105,1621400
2016-02-01,19.750000,20.000000,16.570000,18.090000,15.786321,2813800
2016-03-01,18.059999,19.799999,18.059999,18.510000,16.152834,1290000
2016-04-01,17.959999,19.590000,16.799999,17.780001,15.851499,2708300
2016-05-01,17.709999,20.180000,17.530001,20.080000,17.902029,2126200
2016-06-01,20.110001,20.129999,17.670000,17.959999,16.011972,1306800
2016-07-01,18.000000,20.180000,17.900000,19.360001,17.260122,1254100
2016-08-01,19.559999,20.000000,18.889999,19.600000,17.474092,2325400
2016-09-01,19.799999,20.500000,19.330000,19.639999,17.509752,1777700
2016-10-01,19.360001,20.400000,18.870001,20.309999,18.497393,1370900
2016-11-01,20.190001,20.290001,18.059999,18.969999,17.276983,2867200
2016-12-01,18.959999,20.660000,18.650000,20.000000,18.215059,2607100
2017-01-01,20.250000,20.760000,19.629999,19.830000,18.060232,2421300
2017-02-01,19.799999,20.230000,19.520000,19.680000,17.923618,2629700
2017-03-01,19.700001,20.450001,19.200001,19.260000,17.541101,1370100
2017-04-01,19.190001,19.400000,18.180000,19.049999,17.721125,1594800
2017-05-01,19.059999,19.850000,18.700001,19.160000,17.823452,1774300
2017-06-01,19.299999,20.000000,19.059999,19.990000,18.595552,3849100
2017-07-01,19.900000,20.549999,19.700001,19.910000,18.521133,1110500
2017-08-01,19.900000,20.360001,19.520000,19.990000,18.595552,887100
2017-09-01,20.000000,20.910000,19.450001,19.490000,18.130430,1417100
2017-10-01,19.360001,19.750000,18.809999,19.440001,18.504013,2760000
2017-11-01,19.350000,19.719999,18.740000,19.459999,18.523046,1317100
2017-12-01,19.270000,19.990000,19.080000,19.900000,18.941862,1606800
2018-01-01,19.660000,22.139999,19.660000,21.500000,20.464827,1377500
2018-02-01,20.870001,21.780001,20.260000,20.959999,19.950825,1101800
2018-03-01,20.879999,21.500000,20.500000,20.680000,19.684307,1440600
2018-04-01,20.650000,21.260000,20.400000,21.049999,20.506544,1948300
2018-05-01,21.080000,21.090000,19.799999,19.840000,19.327784,1313100
2018-06-01,19.750000,20.209999,19.299999,19.430000,18.928370,1262500
2018-07-01,19.000000,19.080000,18.110001,18.910000,18.421795,2160700
2018-08-01,18.980000,19.219999,18.500000,18.770000,18.285410,1563500
2018-09-01,18.740000,19.680000,18.410000,18.700001,18.217216,1383300
