1989-11-01,0.574074,0.620370,0.530864,0.592593,0.527105,506526400
1989-12-01,0.592593,0.617284,0.503086,0.577160,0.513379,687647200
1990-01-01,0.577160,0.601852,0.441358,0.530864,0.472198,1409697600
1990-02-01,0.530864,0.595679,0.478395,0.552469,0.491416,804727600
1990-03-01,0.552469,0.700617,0.425926,0.466049,0.414546,2355845600
1990-04-01,0.466049,0.484568,0.376543,0.391975,0.348658,1416252800
1990-05-01,0.391975,0.500000,0.358025,0.487654,0.433764,1616541200
1990-06-01,0.487654,0.592593,0.487654,0.570988,0.507888,1252048000
1990-07-01,0.570988,0.583333,0.410494,0.416667,0.370621,1457771200
1990-08-01,0.416667,0.429012,0.259259,0.287037,0.255317,1320751600
1990-09-01,0.287037,0.299383,0.126543,0.160494,0.142758,2038798800
1990-10-01,0.160494,0.169753,0.120370,0.132716,0.118050,934740000
1990-11-01,0.132716,0.197531,0.126543,0.194444,0.172956,1035371600
1990-12-01,0.194444,0.209877,0.175926,0.194444,0.172956,907242800
1991-01-01,0.194444,0.240741,0.135802,0.222222,0.197665,2137768400
1991-02-01,0.222222,0.274691,0.203704,0.222222,0.197665,1468654800
1991-03-01,0.219136,0.243827,0.197531,0.222222,0.197665,1197341600
1991-04-01,0.222222,0.283951,0.219136,0.228395,0.203155,1230756400
1991-05-01,0.228395,0.246914,0.172840,0.185185,0.164720,750290800
1991-06-01,0.185185,0.246914,0.182099,0.209877,0.186683,841491600
1991-07-01,0.209877,0.234568,0.194444,0.225309,0.200410,798083200
1991-08-01,0.225309,0.283951,0.219136,0.277778,0.247081,916777200
1991-09-01,0.277778,0.348765,0.253086,0.330247,0.293751,1275911200
1991-10-01,0.330247,0.398148,0.327161,0.388889,0.345913,1395382400
1991-11-01,0.388889,0.410494,0.327161,0.333333,0.296497,848279600
1991-12-01,0.333333,0.373457,0.296296,0.358025,0.318459,933667200
1992-01-01,0.358025,0.487654,0.345679,0.456790,0.406310,1883492400
1992-02-01,0.456790,0.521605,0.453704,0.493827,0.439254,799457200
1992-03-01,0.490741,0.503086,0.327161,0.333333,0.296497,1704759600
1992-04-01,0.330247,0.358025,0.296296,0.342593,0.304733,979745600
1992-05-01,0.342593,0.404321,0.339506,0.367284,0.326695,610238400
1992-06-01,0.364198,0.429012,0.345679,0.376543,0.334931,828975600
1992-07-01,0.413580,0.472222,0.398148,0.459877,0.409056,1294272400
1992-08-01,0.453704,0.462963,0.388889,0.432099,0.384348,616134400
1992-09-01,0.432099,0.521605,0.429012,0.493827,0.439254,1372243600
1992-10-01,0.490741,0.577160,0.459877,0.549383,0.488670,1380439200
1992-11-01,0.549383,0.611111,0.500000,0.549383,0.488670,952337600
1992-12-01,0.549383,0.706790,0.466049,0.700617,0.623192,1503304400
1993-01-01,0.697531,0.898148,0.685185,0.802469,0.713788,1563383200
1993-02-01,0.805556,0.851852,0.657407,0.808642,0.719279,1313382800
1993-03-01,0.814815,0.925926,0.771605,0.907407,0.807130,1470675600
1993-04-01,0.904321,0.922840,0.783951,0.879630,0.782422,1060168800
1993-05-01,0.882716,1.101852,0.873457,1.030864,0.916944,1280495600
1993-06-01,1.030864,1.268519,0.981481,1.216049,1.081664,1415187200
1993-07-01,1.216049,1.299383,1.129630,1.243827,1.106372,1241145200
1993-08-01,1.237654,1.404321,1.151235,1.271605,1.131080,1394674000
1993-09-01,1.271605,1.580247,1.175926,1.515432,1.347962,1539297200
1993-10-01,1.515432,1.595679,1.416667,1.462963,1.301291,1467698800
1993-11-01,1.466049,1.629630,1.358025,1.561728,1.389142,1000536800
1993-12-01,1.592593,1.864197,1.407407,1.419753,1.262857,1462268800
1994-01-01,1.419753,1.746914,1.345679,1.586420,1.411105,1354163200
1994-02-01,1.586420,1.734568,1.506173,1.629630,1.449540,790429600
1994-03-01,1.641975,1.771605,1.493827,1.586420,1.411105,863507200
1994-04-01,1.549383,1.669753,1.296296,1.475309,1.312273,1012347600
1994-05-01,1.481481,1.697531,1.376543,1.691358,1.504446,960427200
1994-06-01,1.685185,1.913580,1.660494,1.851852,1.647204,1381478000
1994-07-01,1.851852,1.981481,1.753086,1.888889,1.680148,814711200
1994-08-01,1.895062,2.191358,1.796296,2.108025,1.875067,902145600
1994-09-01,2.092592,2.222222,2.043210,2.123457,1.888794,723781200
1994-10-01,2.129630,2.296296,2.049383,2.271605,2.020571,735916400
1994-11-01,2.259259,2.290123,1.907407,2.037037,1.811924,859481200
1994-12-01,2.024691,2.234568,1.827160,2.179012,1.938211,1053418400
1995-01-01,2.179012,2.216049,1.975309,2.104938,1.872322,888534800
1995-02-01,2.129630,2.379630,2.080247,2.324074,2.067241,627480800
1995-03-01,2.342592,2.564815,2.268518,2.314815,2.059005,832423200
1995-04-01,2.305556,2.462963,2.074074,2.259259,2.009588,972485200
1995-05-01,2.268518,2.851852,2.203704,2.574074,2.289614,1133975200
1995-06-01,2.592592,3.000000,2.518518,2.861111,2.544931,872489200
1995-07-01,2.870370,3.259259,2.703704,3.101852,2.759067,798692400
1995-08-01,3.111111,3.287037,2.798607,2.972222,2.643763,735843200
1995-09-01,2.972222,3.481482,2.694444,2.842592,2.528458,1385939200
1995-10-01,2.861111,3.333333,2.592592,3.231482,2.874371,1212966400
1995-11-01,3.240741,3.611111,3.194444,3.361111,2.989676,904893200
1995-12-01,3.370370,3.527778,2.953704,3.138889,2.792011,1145348400
1996-01-01,3.166667,3.666667,2.925926,3.537037,3.146160,1435216000
1996-02-01,3.527778,4.074074,3.481482,3.851852,3.426184,1108033200
1996-03-01,3.861111,3.861111,3.462963,3.490741,3.104980,1264712400
1996-04-01,3.518518,3.902778,2.943281,3.750000,3.335588,1634825600
1996-05-01,3.750000,4.000000,3.555556,3.680556,3.273817,733853200
1996-06-01,3.680556,4.486111,3.555556,4.381945,3.897696,865085600
1996-07-01,4.388889,4.444445,3.694444,4.347222,3.866812,863562800
1996-08-01,4.347222,4.680555,3.902778,3.916667,3.483837,764322400
1996-09-01,3.861111,4.944445,3.833333,4.729167,4.206548,897342800
1996-10-01,4.715278,5.152778,4.541667,4.701389,4.181839,702126000
1996-11-01,4.763889,5.569445,4.750000,5.444445,4.842780,746402800
1996-12-01,5.430555,5.666667,4.583333,4.638889,4.126245,1117970000
1997-01-01,4.680555,5.013889,4.111111,4.319445,3.842104,1562384800
1997-02-01,4.375000,4.736111,4.180555,4.361111,3.879166,931096000
1997-03-01,4.361111,4.722222,3.736111,4.284722,3.811220,1501351200
1997-04-01,4.055555,4.444445,3.875000,4.416667,3.928583,1066222000
1997-05-01,4.430555,5.347222,4.402778,5.180555,4.608054,1244186400
1997-06-01,5.194445,5.944445,5.111111,5.597222,4.978674,1237312000
1997-07-01,5.548611,6.555555,5.263889,6.048611,5.380180,948770800
1997-08-01,6.069445,7.020833,6.020833,6.354167,5.651969,872591600
1997-09-01,6.437500,6.677083,5.958333,6.072917,5.401800,918228800
1997-10-01,6.166667,6.291667,4.791667,5.963533,5.304505,863800000
1997-11-01,6.020833,6.208333,5.291667,5.552083,4.938524,644598400
1997-12-01,5.375000,5.416667,3.489583,3.718750,3.307792,2827329200
1998-01-01,3.729167,3.979167,2.958333,3.875000,3.446775,1702178400
1998-02-01,4.125000,4.789050,3.937500,4.104167,3.650616,1345185200
1998-03-01,4.093750,5.291667,4.020833,5.260417,4.679090,1688460800
1998-04-01,5.291667,5.312500,4.302083,4.312500,3.835926,934680000
1998-05-01,4.354167,4.500000,3.906250,3.937500,3.502367,726181200
1998-06-01,3.927083,4.416667,3.677083,4.093750,3.641351,976590000
1998-07-01,4.093750,4.750000,3.770833,4.416667,3.928583,1004487600
1998-08-01,4.406250,4.541667,3.302083,3.322917,2.955702,775519200
1998-09-01,3.333333,4.916667,3.031250,4.854167,4.317734,1272448800
1998-10-01,4.739583,4.958333,3.718750,4.927083,4.382593,1073087600
1998-11-01,4.927083,6.166667,4.927083,5.708333,5.077507,974210000
1998-12-01,5.614583,7.479167,5.614583,7.187500,6.393211,1138518000
1999-01-01,7.270833,9.354167,6.927083,9.229167,8.209252,1159494400
1999-02-01,9.708333,10.291667,8.250000,9.312500,8.283381,1310170000
1999-03-01,9.359375,9.906250,6.453125,6.593750,5.865076,1816896800
1999-04-01,6.718750,7.312500,5.250000,6.765625,6.017958,1689117600
1999-05-01,6.703125,6.750000,5.640625,6.203125,5.517620,1566474800
1999-06-01,6.234375,9.328125,6.218750,9.281250,8.255583,1929128800
1999-07-01,9.218750,9.953125,8.703125,9.515625,8.464055,939684800
1999-08-01,9.453125,9.937500,8.671875,9.125000,8.116593,762387200
1999-09-01,9.156250,11.734375,9.140625,11.375000,10.117955,1406936400
1999-10-01,11.171875,12.187500,10.500000,11.890625,10.576593,896976400
1999-11-01,12.031250,19.546875,11.968750,16.953125,15.079640,1330184800
1999-12-01,17.109375,28.343750,16.875000,28.015625,24.919622,1215079200
2000-01-01,31.156250,31.296875,23.312500,24.976549,22.216394,1544676200
2000-02-01,25.625000,38.250000,25.000000,37.125000,33.022331,1192036000
2000-03-01,36.875000,45.000000,33.937500,39.031250,34.717915,1381303800
2000-04-01,39.312500,43.812500,30.085899,39.968750,35.551811,1299359400
2000-05-01,39.937500,40.937500,29.062500,35.937500,31.966059,1081648800
2000-06-01,36.968750,43.812500,36.750000,42.031250,37.386383,949581800
2000-07-01,40.562500,40.875000,35.531250,37.593750,33.439270,769943400
2000-08-01,37.593750,45.500000,35.812500,45.468750,40.444004,735063400
2000-09-01,46.101551,46.468750,37.375000,39.375000,35.023670,953280400
2000-10-01,39.875000,41.062500,30.250000,33.000000,29.353170,1160272000
2000-11-01,32.812500,33.187500,21.500000,26.500000,23.571487,1357050400
2000-12-01,26.375000,33.125000,25.500000,29.062500,25.850811,913793000
2001-01-01,29.562500,35.000000,25.250000,29.125000,25.906401,1023181800
2001-02-01,29.250000,30.687500,18.812500,19.000000,16.900314,915545800
2001-03-01,19.000000,21.500000,13.500000,14.630000,13.013240,1424631300
2001-04-01,15.100000,20.840000,13.000000,16.160000,14.374161,1124158500
2001-05-01,16.320000,18.520000,14.450000,15.300000,13.609200,1040007600
2001-06-01,15.500000,20.020000,14.620000,19.000000,16.900314,999939500
2001-07-01,19.240000,20.000000,17.459999,18.080000,16.081980,663335400
2001-08-01,18.360001,18.850000,11.820000,12.210000,10.860674,862836000
2001-09-01,12.530000,13.060000,10.160000,12.580000,11.189787,885814600
2001-10-01,12.470000,15.480000,12.180000,13.560000,12.061490,1010548100
2001-11-01,13.590000,16.280001,13.420000,14.030000,12.479549,835801200
2001-12-01,13.820000,16.030001,13.320000,13.810000,12.283859,902651800
2002-01-01,13.980000,17.500000,13.800000,17.260000,15.352599,982482000
2002-02-01,16.780001,17.030001,14.510000,16.620001,14.783325,717495900
2002-03-01,16.660000,16.719999,12.440000,12.800000,11.385474,1084341000
2002-04-01,12.600000,12.890000,10.000000,10.040000,8.930483,858987300
2002-05-01,9.930000,10.000000,7.500000,7.920000,7.044763,1338384000
2002-06-01,7.800000,9.920000,7.250000,9.470000,8.423471,1288408900
2002-07-01,9.300000,10.550000,8.360000,10.010000,8.903798,1228460500
2002-08-01,9.900000,11.220000,9.000000,9.590000,8.530209,970463800
2002-09-01,9.510000,10.200000,7.300000,7.860000,6.991393,1080104500
2002-10-01,7.830000,10.420000,7.650000,10.190000,9.063905,1105851100
2002-11-01,10.040000,12.250000,8.970000,12.150000,10.807303,953049800
2002-12-01,12.360000,12.730000,10.410000,10.800000,9.606497,867381300
2003-01-01,10.940000,13.360000,10.800000,12.030000,10.700568,962179400
2003-02-01,12.010000,12.470000,11.260000,11.960000,10.638303,754891100
2003-03-01,12.200000,12.450000,10.640000,10.850000,9.650972,1020072200
2003-04-01,10.880000,12.510000,10.650000,11.880000,10.567142,748240300
2003-05-01,11.850000,13.400000,11.740000,13.010000,11.572268,799044400
2003-06-01,13.210000,14.000000,12.000000,12.010000,10.682778,924177800
2003-07-01,12.040000,13.090000,11.590000,11.990000,10.664987,735875700
2003-08-01,11.900000,12.890000,11.170000,12.830000,11.412163,761576900
2003-09-01,12.960000,14.030000,11.210000,11.250000,10.006766,1226583000
2003-10-01,11.380000,12.890000,11.350000,11.970000,10.647197,1032259700
2003-11-01,12.060000,12.880000,11.750000,12.020000,10.691673,740531700
2003-12-01,12.170000,13.430000,12.160000,13.230000,11.767954,962339900
2004-01-01,13.250000,15.510000,13.110000,13.860000,12.328335,869138900
2004-02-01,13.760000,14.210000,12.860000,12.870000,11.447742,706526000
2004-03-01,13.110000,13.280000,11.150000,12.000000,10.673881,1329489200
2004-04-01,11.990000,12.860000,11.220000,11.250000,10.006766,930484900
2004-05-01,11.360000,11.850000,11.150000,11.400000,10.140189,777086800
2004-06-01,11.240000,12.070000,10.850000,11.930000,10.611618,1101885000
2004-07-01,11.850000,11.960000,10.030000,10.510000,9.348543,1096746200
2004-08-01,10.370000,10.970000,9.780000,9.970000,8.868216,816386900
2004-09-01,9.960000,11.680000,9.860000,11.280000,10.033448,1059378800
2004-10-01,11.650000,12.810000,11.510000,12.660000,11.260947,857008500
2004-11-01,12.720000,13.500000,12.510000,12.740000,11.332106,672734600
2004-12-01,12.750000,14.870000,12.660000,13.720000,12.203808,1144863500
2005-01-01,13.880000,14.010000,12.920000,13.770000,12.248281,1060050800
2005-02-01,13.730000,13.760000,12.590000,12.950000,11.518897,750895600
2005-03-01,13.030000,13.800000,12.230000,12.480000,11.100841,1043232200
2005-04-01,12.560000,12.730000,11.250000,11.560000,10.282507,862007300
2005-05-01,11.570000,12.980000,11.480000,12.800000,11.385474,826054600
2005-06-01,12.790000,13.790000,12.280000,13.200000,11.741268,957367300
2005-07-01,13.390000,14.510000,12.990000,13.570000,12.070382,715220900
2005-08-01,13.670000,13.690000,12.820000,12.990000,11.554479,646569300
2005-09-01,12.940000,14.000000,12.000000,12.400000,11.029679,1094118100
2005-10-01,12.420000,13.050000,11.850000,12.680000,11.278737,828448900
2005-11-01,12.580000,13.030000,11.750000,12.600000,11.207576,743735600
2005-12-01,12.680000,12.950000,11.990000,12.210000,10.860674,1060568700
2006-01-01,12.230000,13.150000,12.190000,12.570000,11.180889,1071865600
2006-02-01,12.410000,12.800000,12.060000,12.420000,11.047471,917275300
2006-03-01,12.490000,14.000000,12.490000,13.690000,12.177119,1358023700
2006-04-01,13.750000,15.210000,13.620000,14.590000,12.977662,883991800
2006-05-01,14.610000,14.960000,13.280000,14.220000,12.648550,721825700
2006-06-01,14.140000,15.070000,13.070000,14.490000,12.888713,933795200
2006-07-01,14.610000,15.290000,13.770000,14.970000,13.315666,792306800
2006-08-01,14.900000,15.950000,14.490000,15.660000,13.929417,814054900
2006-09-01,15.800000,18.290001,15.450000,17.740000,15.779552,1171609300
2006-10-01,17.910000,19.250000,17.520000,18.469999,16.428883,780481300
2006-11-01,18.559999,19.750000,17.670000,19.049999,16.944784,618254400
2006-12-01,19.110001,19.340000,16.930000,17.139999,15.245860,919387900
2007-01-01,17.219999,17.980000,16.770000,17.160000,15.263649,782445000
2007-02-01,17.219999,17.440001,16.000000,16.430000,14.614326,723301100
2007-03-01,16.110001,18.590000,15.970000,18.129999,16.126463,871563700
2007-04-01,18.080000,19.290001,17.990000,18.799999,16.722418,520154200
2007-05-01,18.750000,19.600000,18.480000,19.379999,17.238317,539011500
2007-06-01,19.450001,20.059999,18.719999,19.709999,17.531847,746227000
2007-07-01,19.879999,20.980000,19.110001,19.120001,17.007046,629004000
2007-08-01,18.930000,20.480000,18.809999,20.280001,18.038860,687783700
2007-09-01,20.240000,22.170000,19.879999,21.650000,19.257460,652920500
2007-10-01,21.639999,23.000000,20.510000,22.170000,19.719995,710006400
2007-11-01,22.000000,22.889999,19.059999,20.180000,17.949915,852017700
2007-12-01,20.230000,23.309999,19.680000,22.580000,20.084688,729527300
2008-01-01,22.549999,23.110001,19.520000,20.549999,18.279026,988055500
2008-02-01,20.780001,20.780001,18.180000,18.799999,16.722418,864104900
2008-03-01,18.760000,21.299999,18.200001,19.559999,17.398432,1025914800
2008-04-01,19.910000,22.280001,19.719999,20.850000,18.545872,752881100
2008-05-01,21.010000,23.000000,20.700001,22.840000,20.315952,604066800
2008-06-01,22.770000,23.570000,20.969999,21.000000,18.679295,786115300
2008-07-01,20.790001,21.900000,19.980000,21.530001,19.150728,746792500
2008-08-01,21.580000,23.620001,21.139999,21.930000,19.506525,592074100
2008-09-01,22.299999,22.370001,15.000000,20.309999,18.065548,1119167100
2008-10-01,20.190001,20.540001,15.280000,18.290001,16.268776,1347957200
2008-11-01,18.110001,19.000000,15.100000,16.090000,14.311898,937982800
2008-12-01,15.710000,18.160000,15.170000,17.730000,15.770661,886531100
2009-01-01,17.639999,18.700001,15.870000,16.830000,14.970117,692655000
2009-02-01,16.600000,18.090000,15.410000,15.540000,13.822677,668630000
2009-03-01,15.210000,18.680000,13.800000,18.070000,16.073092,1088963400
2009-04-01,17.860001,20.280001,17.730000,19.340000,17.202742,780031500
2009-05-01,19.350000,19.600000,17.969999,19.590000,17.470392,605091300
2009-06-01,19.750000,21.750000,19.469999,21.420000,19.102386,813013300
2009-07-01,21.629999,22.480000,19.790001,22.129999,19.735575,637704900
2009-08-01,22.320000,22.610001,21.030001,21.879999,19.560349,522789200
2009-09-01,21.770000,22.950001,20.650000,20.840000,18.630611,761361300
2009-10-01,20.730000,22.490000,20.100000,21.100000,18.863049,818556000
2009-11-01,21.059999,22.889999,20.650000,22.080000,19.786716,466237700
2009-12-01,22.160000,25.110001,21.620001,24.530001,21.982254,599705800
2010-01-01,24.660000,25.639999,22.980000,23.059999,20.664928,604415100
2010-02-01,23.360001,24.980000,22.830000,24.650000,22.134411,575222100
2010-03-01,24.600000,26.250000,24.280001,25.709999,23.086243,656979400
2010-04-01,25.780001,26.629999,25.190001,25.870001,23.229906,555535000
2010-05-01,26.049999,26.150000,21.549999,22.570000,20.305536,736923800
2010-06-01,22.420000,23.660000,21.299999,21.459999,19.306902,625470800
2010-07-01,21.459999,24.680000,21.240000,23.639999,21.268185,642202900
2010-08-01,23.870001,24.590000,21.660000,21.840000,19.690910,528516600
2010-09-01,22.150000,27.629999,22.100000,26.850000,24.207918,1059329600
2010-10-01,27.180000,29.709999,26.889999,29.379999,26.488960,758714400
2010-11-01,29.520000,29.820000,26.809999,27.049999,24.433081,606355000
2010-12-01,27.540001,32.270000,27.410000,31.299999,28.271923,596463200
2011-01-01,31.590000,33.299999,30.799999,32.029999,28.931299,582169300
2011-02-01,32.169998,33.709999,31.639999,32.900002,29.764864,400603500
2011-03-01,33.020000,34.099998,29.620001,33.430000,30.244358,668810300
2011-04-01,33.700001,36.049999,33.080002,35.959999,32.533272,532918200
2011-05-01,35.840000,36.500000,32.919998,34.220001,31.014557,510709400
2011-06-01,34.230000,34.299999,30.650000,32.910000,29.827265,700288400
2011-07-01,32.889999,34.130001,30.260000,30.580000,27.715523,560121200
2011-08-01,30.969999,31.209999,24.719999,28.070000,25.485693,1107143700
2011-09-01,28.030001,30.959999,25.709999,28.740000,26.094007,880744000
2011-10-01,28.590000,33.810001,27.000000,32.770000,29.752974,667246000
2011-11-01,31.959999,33.759998,28.610001,31.350000,28.520618,539825600
2011-12-01,31.400000,32.240002,24.910000,25.650000,23.335056,744294800
2012-01-01,26.330000,28.950001,25.549999,28.209999,25.664007,721581300
2012-02-01,28.480000,29.540001,27.920000,29.250000,26.669573,565502700
2012-03-01,29.400000,31.150000,28.520000,29.160000,26.587513,813941300
2012-04-01,29.120001,29.700001,28.040001,29.400000,26.806335,528345200
2012-05-01,29.450001,29.820000,25.330000,26.469999,24.183908,650683000
2012-06-01,25.980000,29.709999,25.840000,29.700001,27.134951,642899400
2012-07-01,29.530001,31.110001,28.610001,30.200001,27.591768,480418900
2012-08-01,30.340000,32.299999,29.740000,31.650000,28.976385,397712100
2012-09-01,31.629999,33.290001,30.570000,31.459999,28.802439,493825400
2012-10-01,31.709999,32.090000,30.309999,31.080000,28.454536,485591400
2012-11-01,31.200001,32.240002,29.520000,32.180000,29.519400,407092800
2012-12-01,32.369999,34.349998,31.309999,33.320000,30.565157,503002900
2013-01-01,34.080002,35.880001,33.930000,35.509998,32.756397,401941600
2013-02-01,35.869999,36.310001,34.060001,34.240002,31.584881,347205100
2013-03-01,34.119999,36.430000,31.160000,32.330002,29.822989,640045400
2013-04-01,32.360001,33.950001,31.670000,32.779999,30.238091,543579600
2013-05-01,32.750000,35.320000,32.720001,33.779999,31.160553,474311500
2013-06-01,33.849998,34.750000,29.860001,30.709999,28.328608,701001000
2013-07-01,30.889999,32.750000,29.950001,32.349998,29.841438,675439200
2013-08-01,32.619999,33.650002,31.559999,31.860001,29.501751,346619900
2013-09-01,32.169998,34.340000,31.820000,33.169998,30.714790,454916400
2013-10-01,33.200001,33.950001,32.000000,33.500000,31.020361,421757800
2013-11-01,33.700001,35.419998,33.410000,35.290001,32.796261,323481000
2013-12-01,35.369999,38.340000,33.220001,38.259998,35.556389,468655300
2014-01-01,37.779999,38.770000,36.490002,36.900002,34.292492,334053900
2014-02-01,37.090000,39.369999,35.439999,39.110001,36.461967,254578900
2014-03-01,38.720001,41.430000,37.380001,40.910000,38.140087,439593500
2014-04-01,41.040001,42.000000,38.970001,40.880001,38.112122,384502100
2014-05-01,40.720001,42.349998,40.490002,42.020000,39.291733,267018700
2014-06-01,41.959999,43.189999,39.930000,40.529999,37.898464,325033500
2014-07-01,40.410000,41.360001,39.860001,40.389999,37.767559,279906500
2014-08-01,40.189999,42.040001,39.529999,41.529999,38.946590,206012100
2014-09-01,41.599998,42.090000,38.139999,38.279999,35.898754,412463900
2014-10-01,38.320000,39.240002,35.820000,39.049999,36.620861,355956700
2014-11-01,39.020000,42.509998,38.759998,42.410000,39.894947,210679600
2014-12-01,42.009998,46.709999,39.919998,44.970001,42.303135,352611500
2015-01-01,45.020000,45.330002,41.820000,41.889999,39.405788,314318400
2015-02-01,42.209999,44.369999,41.560001,43.820000,41.333221,215751800
2015-03-01,43.810001,44.939999,41.259998,43.150002,40.701248,343803100
2015-04-01,42.990002,44.900002,42.209999,43.619999,41.144569,278152300
2015-05-01,43.439999,44.849998,43.000000,43.490002,41.165752,181985900
2015-06-01,43.840000,45.240002,40.110001,40.299999,38.146233,434706100
2015-07-01,40.610001,41.020000,38.439999,39.939999,37.805477,301140700
2015-08-01,39.950001,40.049999,35.139999,37.090000,35.238754,302190900
2015-09-01,36.330002,38.520000,35.240002,36.119999,34.317165,391499800
2015-10-01,36.230000,39.040001,35.639999,38.840000,36.901405,317324200
2015-11-01,39.049999,40.639999,37.220001,38.970001,37.172081,294565100
2015-12-01,39.090000,39.389999,36.099998,36.529999,34.844654,372685100
2016-01-01,36.009998,36.310001,33.130001,36.310001,34.634800,391864100
2016-02-01,35.900002,37.650002,34.470001,36.779999,35.227764,305045500
2016-03-01,37.150002,42.000000,37.040001,40.910000,39.183468,360622000
2016-04-01,40.680000,41.490002,39.369999,39.860001,38.177788,218184600
2016-05-01,39.900002,40.430000,38.560001,40.200001,38.646961,206598100
2016-06-01,40.060001,41.160000,38.080002,40.930000,39.348755,433419800
2016-07-01,40.779999,41.910000,40.020000,41.040001,39.454510,233235100
2016-08-01,40.910000,41.639999,40.580002,41.220001,39.773319,222720800
2016-09-01,40.980000,41.419998,38.709999,39.279999,37.901402,295418000
2016-10-01,39.200001,39.340000,37.619999,38.419998,37.071587,218343100
2016-11-01,38.580002,40.740002,37.980000,40.189999,38.929695,262206600
2016-12-01,40.110001,41.139999,37.639999,38.450001,37.244263,307175600
2017-01-01,38.450001,40.389999,38.299999,40.110001,38.852203,244699100
2017-02-01,40.220001,43.259998,39.680000,42.590000,41.416004,224205200
2017-03-01,42.750000,46.990002,42.250000,44.610001,43.380325,359649800
2017-04-01,44.680000,45.049999,43.759998,44.959999,43.720676,216193400
2017-05-01,45.009998,45.779999,43.599998,45.389999,44.328995,218152500
2017-06-01,45.520000,51.849998,43.740002,50.139999,48.967964,389200100
2017-07-01,50.049999,51.360001,48.770000,49.930000,48.762863,220653800
2017-08-01,50.150002,50.520000,47.980000,50.330002,49.338932,216473200
2017-09-01,50.349998,53.139999,47.639999,48.349998,47.397915,405925500
2017-10-01,48.720001,51.279999,48.000000,50.900002,49.897709,314059300
2017-11-01,51.099998,51.169998,48.200001,49.060001,48.283638,246059100
2017-12-01,49.049999,50.709999,47.000000,47.279999,46.531799,364528300
2018-01-01,47.570000,52.790001,46.169998,51.590000,50.773598,348532000
2018-02-01,51.360001,51.980000,45.919998,50.669998,50.062355,290684300
2018-03-01,50.959999,53.480000,44.509998,45.750000,45.201355,435423200
2018-04-01,45.650002,47.290001,44.040001,45.669998,45.122318,286580100
2018-05-01,45.389999,47.540001,44.490002,46.720001,46.350842,253204300
2018-06-01,47.080002,48.669998,42.570000,44.060001,43.711864,468827600
2018-07-01,43.959999,49.169998,43.770000,47.680000,47.303257,424287700
2018-08-01,47.910000,49.700001,46.630001,48.580002,48.385189,310534600
2018-09-01,48.360001,52.110001,47.330002,51.560001,51.353237,423450600
