4.721980000000000066e-01 4.927885000000000182e-01 5.042273333333334717e-01 0.000000000000000000e+00
4.914160000000000195e-01 4.818069999999999853e-01 4.923310000000000186e-01 1.000000000000000000e+00
4.145460000000000256e-01 4.529810000000000225e-01 4.593866666666666654e-01 0.000000000000000000e+00
3.486580000000000235e-01 3.816019999999999968e-01 4.182066666666666710e-01 0.000000000000000000e+00
4.337639999999999829e-01 3.912109999999999754e-01 3.989893333333333625e-01 1.000000000000000000e+00
5.078880000000000061e-01 4.708259999999999668e-01 4.301033333333332820e-01 1.000000000000000000e+00
3.706209999999999782e-01 4.392544999999999922e-01 4.374243333333332484e-01 0.000000000000000000e+00
2.553170000000000162e-01 3.129689999999999972e-01 3.779420000000000002e-01 0.000000000000000000e+00
1.427579999999999960e-01 1.990375000000000061e-01 2.562320000000000153e-01 0.000000000000000000e+00
1.180500000000000022e-01 1.304039999999999921e-01 1.720416666666666761e-01 0.000000000000000000e+00
1.729559999999999986e-01 1.455029999999999935e-01 1.445879999999999943e-01 1.000000000000000000e+00
1.729559999999999986e-01 1.729559999999999986e-01 1.546539999999999859e-01 0.000000000000000000e+00
1.976650000000000074e-01 1.853104999999999891e-01 1.811923333333333164e-01 1.000000000000000000e+00
1.976650000000000074e-01 1.976650000000000074e-01 1.894286666666666619e-01 0.000000000000000000e+00
1.976650000000000074e-01 1.976650000000000074e-01 1.976650000000000074e-01 0.000000000000000000e+00
2.031550000000000022e-01 2.004100000000000048e-01 1.994950000000000057e-01 1.000000000000000000e+00
1.647200000000000053e-01 1.839375000000000038e-01 1.885133333333333383e-01 0.000000000000000000e+00
1.866829999999999878e-01 1.757015000000000104e-01 1.848526666666666651e-01 1.000000000000000000e+00
2.004100000000000048e-01 1.935465000000000102e-01 1.839376666666666660e-01 1.000000000000000000e+00
2.470809999999999951e-01 2.237454999999999861e-01 2.113913333333333477e-01 1.000000000000000000e+00
2.937509999999999843e-01 2.704159999999999897e-01 2.470806666666666429e-01 1.000000000000000000e+00
3.459130000000000260e-01 3.198320000000000052e-01 2.955816666666666870e-01 1.000000000000000000e+00
2.964970000000000105e-01 3.212050000000000183e-01 3.120536666666666736e-01 0.000000000000000000e+00
3.184589999999999921e-01 3.074780000000000291e-01 3.202896666666666392e-01 1.000000000000000000e+00
4.063100000000000045e-01 3.623844999999999983e-01 3.404220000000000024e-01 1.000000000000000000e+00
4.392539999999999778e-01 4.227819999999999911e-01 3.880076666666666951e-01 1.000000000000000000e+00
2.964970000000000105e-01 3.678755000000000219e-01 3.806869999999999976e-01 0.000000000000000000e+00
3.047329999999999761e-01 3.006149999999999656e-01 3.468279999999999696e-01 1.000000000000000000e+00
3.266950000000000132e-01 3.157139999999999946e-01 3.093083333333332963e-01 1.000000000000000000e+00
3.349309999999999787e-01 3.308130000000000237e-01 3.221196666666666375e-01 1.000000000000000000e+00
4.090559999999999752e-01 3.719934999999999770e-01 3.568940000000000445e-01 1.000000000000000000e+00
3.843480000000000230e-01 3.967019999999999991e-01 3.761116666666666219e-01 0.000000000000000000e+00
4.392539999999999778e-01 4.118009999999999726e-01 4.108860000000000290e-01 1.000000000000000000e+00
4.886699999999999933e-01 4.639619999999999855e-01 4.374239999999999795e-01 1.000000000000000000e+00
4.886699999999999933e-01 4.886699999999999933e-01 4.721979999999999511e-01 0.000000000000000000e+00
6.231919999999999682e-01 5.559309999999999530e-01 5.335106666666665776e-01 1.000000000000000000e+00
7.137879999999999781e-01 6.684900000000000286e-01 6.085500000000000353e-01 1.000000000000000000e+00
7.192790000000000017e-01 7.165334999999999344e-01 6.854196666666666493e-01 1.000000000000000000e+00
8.071300000000000141e-01 7.632045000000000634e-01 7.467323333333332203e-01 1.000000000000000000e+00
7.824219999999999509e-01 7.947759999999999270e-01 7.696103333333333962e-01 0.000000000000000000e+00
9.169439999999999813e-01 8.496829999999999661e-01 8.354986666666666117e-01 1.000000000000000000e+00
1.081663999999999959e+00 9.993039999999999701e-01 9.270100000000000007e-01 1.000000000000000000e+00
1.106371999999999911e+00 1.094017999999999935e+00 1.034993333333333210e+00 1.000000000000000000e+00
1.131080000000000085e+00 1.118726000000000109e+00 1.106372000000000133e+00 1.000000000000000000e+00
1.347962000000000105e+00 1.239521000000000095e+00 1.195138000000000034e+00 1.000000000000000000e+00
1.301290999999999976e+00 1.324626499999999929e+00 1.260110999999999981e+00 0.000000000000000000e+00
1.389142000000000099e+00 1.345216500000000037e+00 1.346131666666666504e+00 1.000000000000000000e+00
1.262856999999999896e+00 1.325999499999999998e+00 1.317763333333333398e+00 0.000000000000000000e+00
1.411105000000000054e+00 1.336980999999999975e+00 1.354368000000000016e+00 1.000000000000000000e+00
1.449540000000000051e+00 1.430322499999999941e+00 1.374500666666666815e+00 1.000000000000000000e+00
1.411105000000000054e+00 1.430322499999999941e+00 1.423916666666666719e+00 0.000000000000000000e+00
1.312273000000000023e+00 1.361689000000000149e+00 1.390972666666666635e+00 0.000000000000000000e+00
1.504445999999999950e+00 1.408359499999999986e+00 1.409274666666666675e+00 1.000000000000000000e+00
1.647203999999999890e+00 1.575825000000000031e+00 1.487974333333333066e+00 1.000000000000000000e+00
1.680147999999999975e+00 1.663675999999999933e+00 1.610599333333333272e+00 1.000000000000000000e+00
1.875067000000000039e+00 1.777607500000000007e+00 1.734139666666666635e+00 1.000000000000000000e+00
1.888794000000000084e+00 1.881930500000000173e+00 1.814669666666666847e+00 1.000000000000000000e+00
2.020570999999999895e+00 1.954682500000000100e+00 1.928144000000000302e+00 1.000000000000000000e+00
1.811924000000000090e+00 1.916247499999999881e+00 1.907096333333333504e+00 0.000000000000000000e+00
1.938210999999999906e+00 1.875067500000000109e+00 1.923568666666666482e+00 1.000000000000000000e+00
1.872322000000000042e+00 1.905266499999999974e+00 1.874152333333333642e+00 0.000000000000000000e+00
2.067241000000000106e+00 1.969781500000000074e+00 1.959258000000000166e+00 1.000000000000000000e+00
2.059004999999999974e+00 2.063123000000000040e+00 1.999522666666666781e+00 0.000000000000000000e+00
2.009587999999999930e+00 2.034296499999999952e+00 2.045278000000000151e+00 0.000000000000000000e+00
2.289613999999999816e+00 2.149600999999999651e+00 2.119402333333333388e+00 1.000000000000000000e+00
2.544931000000000054e+00 2.417272500000000157e+00 2.281377666666666304e+00 1.000000000000000000e+00
2.759066999999999936e+00 2.651998999999999995e+00 2.531204000000000232e+00 1.000000000000000000e+00
2.643762999999999863e+00 2.701414999999999900e+00 2.649253666666666618e+00 0.000000000000000000e+00
2.528458000000000094e+00 2.586110500000000201e+00 2.643762666666666927e+00 0.000000000000000000e+00
2.874371000000000009e+00 2.701414500000000274e+00 2.682197333333333322e+00 1.000000000000000000e+00
2.989675999999999778e+00 2.932023499999999672e+00 2.797501666666666775e+00 1.000000000000000000e+00
2.792011000000000021e+00 2.890843499999999899e+00 2.885352666666666455e+00 0.000000000000000000e+00
3.146160000000000068e+00 2.969085500000000266e+00 2.975948999999999955e+00 1.000000000000000000e+00
3.426184000000000118e+00 3.286172000000000093e+00 3.121451666666666735e+00 1.000000000000000000e+00
3.104979999999999851e+00 3.265582000000000207e+00 3.225774666666666679e+00 0.000000000000000000e+00
3.335587999999999997e+00 3.220283999999999924e+00 3.288917333333333470e+00 1.000000000000000000e+00
3.273817000000000199e+00 3.304702500000000320e+00 3.238128333333333497e+00 0.000000000000000000e+00
3.897695999999999827e+00 3.585756500000000013e+00 3.502367000000000008e+00 1.000000000000000000e+00
3.866811999999999916e+00 3.882253999999999650e+00 3.679441666666666944e+00 0.000000000000000000e+00
3.483836999999999851e+00 3.675324499999999883e+00 3.749448333333333050e+00 0.000000000000000000e+00
4.206547999999999732e+00 3.845192499999999569e+00 3.852398999999999685e+00 1.000000000000000000e+00
4.181839000000000084e+00 4.194193499999999908e+00 3.957407999999999593e+00 0.000000000000000000e+00
4.842780000000000307e+00 4.512309500000000639e+00 4.410388999999999449e+00 1.000000000000000000e+00
4.126244999999999941e+00 4.484512500000000124e+00 4.383621333333334036e+00 0.000000000000000000e+00
3.842103999999999964e+00 3.984174499999999952e+00 4.270376333333333996e+00 0.000000000000000000e+00
3.879166000000000114e+00 3.860635000000000261e+00 3.949171666666666525e+00 1.000000000000000000e+00
3.811220000000000052e+00 3.845193000000000083e+00 3.844163333333333821e+00 0.000000000000000000e+00
3.928583000000000158e+00 3.869901500000000105e+00 3.872989666666666775e+00 1.000000000000000000e+00
4.608054000000000094e+00 4.268318500000000348e+00 4.115952333333333435e+00 1.000000000000000000e+00
4.978673999999999822e+00 4.793364000000000402e+00 4.505103666666666840e+00 1.000000000000000000e+00
5.380180000000000184e+00 5.179427000000000447e+00 4.988969333333333367e+00 1.000000000000000000e+00
5.651969000000000243e+00 5.516074500000000214e+00 5.336941000000000379e+00 1.000000000000000000e+00
5.401799999999999713e+00 5.526884499999999534e+00 5.477982999999999159e+00 0.000000000000000000e+00
5.304504999999999804e+00 5.353152500000000202e+00 5.452757999999999328e+00 0.000000000000000000e+00
4.938524000000000136e+00 5.121514499999999970e+00 5.214943000000000772e+00 0.000000000000000000e+00
3.307792000000000066e+00 4.123158000000000101e+00 4.516940333333333335e+00 0.000000000000000000e+00
3.446775000000000144e+00 3.377283499999999883e+00 3.897697000000000411e+00 1.000000000000000000e+00
3.650615999999999861e+00 3.548695500000000003e+00 3.468394333333332913e+00 1.000000000000000000e+00
4.679090000000000416e+00 4.164852999999999916e+00 3.925493666666666659e+00 1.000000000000000000e+00
3.835926000000000169e+00 4.257508000000000514e+00 4.055210666666666519e+00 0.000000000000000000e+00
3.502367000000000008e+00 3.669146500000000088e+00 4.005794333333333235e+00 0.000000000000000000e+00
3.641350999999999782e+00 3.571858999999999895e+00 3.659881333333333320e+00 1.000000000000000000e+00
3.928583000000000158e+00 3.784966999999999970e+00 3.690766999999999687e+00 1.000000000000000000e+00
2.955702000000000051e+00 3.442142500000000105e+00 3.508545333333333627e+00 0.000000000000000000e+00
4.317733999999999739e+00 3.636718000000000117e+00 3.734006333333333316e+00 1.000000000000000000e+00
4.382592999999999961e+00 4.350163499999999850e+00 3.885343000000000213e+00 1.000000000000000000e+00
5.077506999999999771e+00 4.730050000000000310e+00 4.592611333333333157e+00 1.000000000000000000e+00
6.393210999999999977e+00 5.735358999999999874e+00 5.284437000000000495e+00 1.000000000000000000e+00
8.209251999999999327e+00 7.301231500000000096e+00 6.559989999999999100e+00 1.000000000000000000e+00
8.283381000000000327e+00 8.246316499999998939e+00 7.628614666666666544e+00 1.000000000000000000e+00
5.865076000000000178e+00 7.074228500000000253e+00 7.452569666666666315e+00 0.000000000000000000e+00
6.017958000000000141e+00 5.941517000000000159e+00 6.722138333333333549e+00 1.000000000000000000e+00
5.517619999999999969e+00 5.767789000000000499e+00 5.800218000000000096e+00 0.000000000000000000e+00
8.255582999999999672e+00 6.886601499999999376e+00 6.597053666666667482e+00 1.000000000000000000e+00
8.464055000000000106e+00 8.359818999999999889e+00 7.412419333333332361e+00 1.000000000000000000e+00
8.116592999999999947e+00 8.290324000000000026e+00 8.278743666666665391e+00 0.000000000000000000e+00
1.011795500000000025e+01 9.117274000000000100e+00 8.899534333333333436e+00 1.000000000000000000e+00
1.057659300000000080e+01 1.034727400000000053e+01 9.603713666666665816e+00 1.000000000000000000e+00
1.507963999999999949e+01 1.282811650000000014e+01 1.192472933333333351e+01 1.000000000000000000e+00
2.491962200000000038e+01 1.999963100000000082e+01 1.685861833333333593e+01 1.000000000000000000e+00
2.221639400000000109e+01 2.356800799999999896e+01 2.073855200000000210e+01 0.000000000000000000e+00
3.302233100000000121e+01 2.761936250000000115e+01 2.671944899999999734e+01 1.000000000000000000e+00
3.471791499999999786e+01 3.387012299999999954e+01 2.998554666666666435e+01 1.000000000000000000e+00
3.555181100000000072e+01 3.513486299999999574e+01 3.443068566666666896e+01 1.000000000000000000e+00
3.196605900000000133e+01 3.375893500000000103e+01 3.407859499999999997e+01 0.000000000000000000e+00
3.738638300000000214e+01 3.467622099999999818e+01 3.496808433333333710e+01 1.000000000000000000e+00
3.343927000000000049e+01 3.541282650000000132e+01 3.426390399999999659e+01 0.000000000000000000e+00
4.044400399999999962e+01 3.694163700000000006e+01 3.708988566666666742e+01 1.000000000000000000e+00
3.502367000000000274e+01 3.773383700000000118e+01 3.630231466666666762e+01 0.000000000000000000e+00
2.935316999999999865e+01 3.218842000000000070e+01 3.494028133333333130e+01 0.000000000000000000e+00
2.357148700000000119e+01 2.646232849999999814e+01 2.931610900000000086e+01 0.000000000000000000e+00
2.585081100000000021e+01 2.471114899999999892e+01 2.625848933333332980e+01 1.000000000000000000e+00
2.590640099999999890e+01 2.587860599999999778e+01 2.510956633333333343e+01 0.000000000000000000e+00
1.690031400000000161e+01 2.140335749999999848e+01 2.288584199999999669e+01 0.000000000000000000e+00
1.301323999999999970e+01 1.495677700000000065e+01 1.860665166666666437e+01 0.000000000000000000e+00
1.437416100000000085e+01 1.369370050000000028e+01 1.476257166666666798e+01 1.000000000000000000e+00
1.360919999999999952e+01 1.399168050000000108e+01 1.366553366666666669e+01 0.000000000000000000e+00
1.690031400000000161e+01 1.525475700000000145e+01 1.496122500000000066e+01 1.000000000000000000e+00
1.608198000000000150e+01 1.649114700000000155e+01 1.553049800000000147e+01 0.000000000000000000e+00
1.086067399999999950e+01 1.347132700000000050e+01 1.461432266666666635e+01 0.000000000000000000e+00
1.118978700000000082e+01 1.102523049999999927e+01 1.271081366666666668e+01 1.000000000000000000e+00
1.206148999999999916e+01 1.162563850000000087e+01 1.137065033333333197e+01 1.000000000000000000e+00
1.247954900000000045e+01 1.227051949999999891e+01 1.191027533333333288e+01 1.000000000000000000e+00
1.228385899999999964e+01 1.238170399999999916e+01 1.227496599999999916e+01 0.000000000000000000e+00
1.535259899999999966e+01 1.381822899999999876e+01 1.337200233333333266e+01 1.000000000000000000e+00
1.478332499999999960e+01 1.506796199999999963e+01 1.413992766666666512e+01 0.000000000000000000e+00
1.138547400000000032e+01 1.308439949999999996e+01 1.384046599999999927e+01 0.000000000000000000e+00
8.930483000000000615e+00 1.015797850000000047e+01 1.169976066666666803e+01 0.000000000000000000e+00
7.044762999999999664e+00 7.987623000000000140e+00 9.120240000000000791e+00 0.000000000000000000e+00
8.423470999999999265e+00 7.734116999999999464e+00 8.132905666666665923e+00 1.000000000000000000e+00
8.903798000000000101e+00 8.663634500000000571e+00 8.124010666666665159e+00 1.000000000000000000e+00
8.530208999999999264e+00 8.717003500000000571e+00 8.619159333333334061e+00 0.000000000000000000e+00
6.991393000000000413e+00 7.760800999999999839e+00 8.141800000000001702e+00 0.000000000000000000e+00
9.063905000000000101e+00 8.027649000000000257e+00 8.195168999999999926e+00 1.000000000000000000e+00
1.080730299999999922e+01 9.935603999999999658e+00 8.954200333333332651e+00 1.000000000000000000e+00
9.606496999999999176e+00 1.020689999999999920e+01 9.825901666666666756e+00 0.000000000000000000e+00
1.070056800000000052e+01 1.015353250000000074e+01 1.037145600000000023e+01 1.000000000000000000e+00
1.063830300000000051e+01 1.066943550000000052e+01 1.031512266666666733e+01 0.000000000000000000e+00
9.650971999999999440e+00 1.014463749999999997e+01 1.032994766666666742e+01 0.000000000000000000e+00
1.056714200000000048e+01 1.010905699999999996e+01 1.028547233333333288e+01 1.000000000000000000e+00
1.157226799999999933e+01 1.106970499999999902e+01 1.059679400000000093e+01 1.000000000000000000e+00
1.068277800000000077e+01 1.112752300000000005e+01 1.094072933333333175e+01 0.000000000000000000e+00
1.066498699999999999e+01 1.067388250000000127e+01 1.097334433333333514e+01 0.000000000000000000e+00
1.141216299999999961e+01 1.103857499999999980e+01 1.091997600000000013e+01 1.000000000000000000e+00
1.000676600000000072e+01 1.070946449999999928e+01 1.069463866666666796e+01 0.000000000000000000e+00
1.064719700000000024e+01 1.032698150000000048e+01 1.068870866666666508e+01 1.000000000000000000e+00
1.069167299999999976e+01 1.066943500000000000e+01 1.044854533333333357e+01 0.000000000000000000e+00
1.176795399999999958e+01 1.122981349999999878e+01 1.103560800000000164e+01 1.000000000000000000e+00
1.232833499999999916e+01 1.204814449999999937e+01 1.159598733333333165e+01 1.000000000000000000e+00
1.144774199999999986e+01 1.188803850000000040e+01 1.184801033333333287e+01 0.000000000000000000e+00
1.067388099999999973e+01 1.106081149999999980e+01 1.148331933333333410e+01 0.000000000000000000e+00
1.000676600000000072e+01 1.034032350000000022e+01 1.070946299999999951e+01 0.000000000000000000e+00
1.014018899999999945e+01 1.007347749999999920e+01 1.027361199999999997e+01 1.000000000000000000e+00
1.061161799999999999e+01 1.037590349999999972e+01 1.025285766666666554e+01 1.000000000000000000e+00
9.348542999999999381e+00 9.980080499999999688e+00 1.003345000000000020e+01 0.000000000000000000e+00
8.868216000000000321e+00 9.108379499999999851e+00 9.609458999999999307e+00 0.000000000000000000e+00
1.003344799999999992e+01 9.450832000000000122e+00 9.416735666666665949e+00 1.000000000000000000e+00
1.126094699999999982e+01 1.064719750000000076e+01 1.005420366666666609e+01 1.000000000000000000e+00
1.133210599999999957e+01 1.129652649999999880e+01 1.087550033333333488e+01 1.000000000000000000e+00
1.220380800000000043e+01 1.176795699999999911e+01 1.159895366666666661e+01 1.000000000000000000e+00
1.224828100000000042e+01 1.222604450000000043e+01 1.192806499999999836e+01 0.000000000000000000e+00
1.151889700000000083e+01 1.188358900000000062e+01 1.199032866666666841e+01 0.000000000000000000e+00
1.110084100000000085e+01 1.130986900000000084e+01 1.162267300000000070e+01 0.000000000000000000e+00
1.028250700000000073e+01 1.069167400000000079e+01 1.096741500000000080e+01 0.000000000000000000e+00
1.138547400000000032e+01 1.083399050000000052e+01 1.092294066666666730e+01 1.000000000000000000e+00
1.174126799999999982e+01 1.156337100000000007e+01 1.113641633333333480e+01 1.000000000000000000e+00
1.207038200000000039e+01 1.190582500000000010e+01 1.173237466666666684e+01 1.000000000000000000e+00
1.155447900000000061e+01 1.181243050000000139e+01 1.178870966666666753e+01 0.000000000000000000e+00
1.102967899999999979e+01 1.129207900000000109e+01 1.155151333333333419e+01 0.000000000000000000e+00
1.127873699999999957e+01 1.115420800000000057e+01 1.128763166666666784e+01 1.000000000000000000e+00
1.120757599999999954e+01 1.124315649999999955e+01 1.117199733333333178e+01 0.000000000000000000e+00
1.086067399999999950e+01 1.103412499999999952e+01 1.111566233333333287e+01 0.000000000000000000e+00
1.118088900000000052e+01 1.102078150000000001e+01 1.108304633333333378e+01 1.000000000000000000e+00
1.104747099999999982e+01 1.111418000000000106e+01 1.102967799999999876e+01 0.000000000000000000e+00
1.217711899999999936e+01 1.161229499999999959e+01 1.146849300000000049e+01 1.000000000000000000e+00
1.297766200000000048e+01 1.257739049999999992e+01 1.206741733333333322e+01 1.000000000000000000e+00
1.264855000000000018e+01 1.281310600000000122e+01 1.260111033333333275e+01 0.000000000000000000e+00
1.288871299999999920e+01 1.276863149999999969e+01 1.283830833333333565e+01 1.000000000000000000e+00
1.331566600000000022e+01 1.310218949999999971e+01 1.295097633333333498e+01 1.000000000000000000e+00
1.392941700000000083e+01 1.362254150000000053e+01 1.337793200000000127e+01 1.000000000000000000e+00
1.577955200000000069e+01 1.485448450000000165e+01 1.434154500000000176e+01 1.000000000000000000e+00
1.642888299999999902e+01 1.610421750000000074e+01 1.537928400000000018e+01 1.000000000000000000e+00
1.694478399999999851e+01 1.668683349999999876e+01 1.638440633333333452e+01 1.000000000000000000e+00
1.524586000000000041e+01 1.609532199999999946e+01 1.620650900000000050e+01 0.000000000000000000e+00
1.526364899999999913e+01 1.525475450000000066e+01 1.581809766666666661e+01 0.000000000000000000e+00
1.461432600000000015e+01 1.493898749999999964e+01 1.504127833333333264e+01 0.000000000000000000e+00
1.612646300000000110e+01 1.537039449999999974e+01 1.533481266666666620e+01 1.000000000000000000e+00
1.672241800000000111e+01 1.642444050000000288e+01 1.582106899999999960e+01 1.000000000000000000e+00
1.723831699999999856e+01 1.698036749999999984e+01 1.669573266666666811e+01 1.000000000000000000e+00
1.753184699999999907e+01 1.738508199999999704e+01 1.716419399999999840e+01 1.000000000000000000e+00
1.700704599999999900e+01 1.726944650000000081e+01 1.725906999999999769e+01 0.000000000000000000e+00
1.803885999999999967e+01 1.752295300000000111e+01 1.752591766666666828e+01 1.000000000000000000e+00
1.925745999999999825e+01 1.864815999999999718e+01 1.810112200000000016e+01 1.000000000000000000e+00
1.971999500000000083e+01 1.948872749999999954e+01 1.900543833333333055e+01 1.000000000000000000e+00
1.794991500000000073e+01 1.883495500000000078e+01 1.897578999999999994e+01 0.000000000000000000e+00
2.008468799999999987e+01 1.901730150000000208e+01 1.925153266666666596e+01 1.000000000000000000e+00
1.827902600000000177e+01 1.918185700000000082e+01 1.877120966666666746e+01 0.000000000000000000e+00
1.672241800000000111e+01 1.750072200000000322e+01 1.836204400000000092e+01 0.000000000000000000e+00
1.739843199999999968e+01 1.706042500000000217e+01 1.746662533333333656e+01 1.000000000000000000e+00
1.854587199999999925e+01 1.797215200000000124e+01 1.755557400000000356e+01 1.000000000000000000e+00
2.031595199999999934e+01 1.943091199999999930e+01 1.875341866666666490e+01 1.000000000000000000e+00
1.867929499999999976e+01 1.949762349999999955e+01 1.918037299999999945e+01 0.000000000000000000e+00
1.915072800000000086e+01 1.891501149999999853e+01 1.938199166666666784e+01 1.000000000000000000e+00
1.950652499999999989e+01 1.932862649999999860e+01 1.911218266666666565e+01 1.000000000000000000e+00
1.806554799999999972e+01 1.878603650000000158e+01 1.890760033333333112e+01 0.000000000000000000e+00
1.626877599999999902e+01 1.716716199999999759e+01 1.794694966666666858e+01 0.000000000000000000e+00
1.431189799999999934e+01 1.529033699999999918e+01 1.621540733333333151e+01 0.000000000000000000e+00
1.577066100000000048e+01 1.504127949999999991e+01 1.545044500000000021e+01 1.000000000000000000e+00
1.497011700000000012e+01 1.537038899999999941e+01 1.501755866666666606e+01 0.000000000000000000e+00
1.382267700000000055e+01 1.439639700000000033e+01 1.485448499999999861e+01 0.000000000000000000e+00
1.607309199999999905e+01 1.494788450000000068e+01 1.495529533333333383e+01 1.000000000000000000e+00
1.720274200000000064e+01 1.663791700000000162e+01 1.569950366666666675e+01 1.000000000000000000e+00
1.747039200000000037e+01 1.733656700000000228e+01 1.691540866666666787e+01 1.000000000000000000e+00
1.910238599999999920e+01 1.828638899999999978e+01 1.792517333333333340e+01 1.000000000000000000e+00
1.973557500000000076e+01 1.941898049999999998e+01 1.876945100000000011e+01 1.000000000000000000e+00
1.956034899999999865e+01 1.964796199999999970e+01 1.946610333333333287e+01 0.000000000000000000e+00
1.863061099999999826e+01 1.909547999999999845e+01 1.930884500000000159e+01 0.000000000000000000e+00
1.886304900000000018e+01 1.874682999999999922e+01 1.901800299999999666e+01 1.000000000000000000e+00
1.978671599999999842e+01 1.932488250000000107e+01 1.909345866666666680e+01 1.000000000000000000e+00
2.198225400000000107e+01 2.088448499999999797e+01 2.021067299999999989e+01 1.000000000000000000e+00
2.066492799999999974e+01 2.132359100000000041e+01 2.081129933333333426e+01 0.000000000000000000e+00
2.213441100000000006e+01 2.139966950000000168e+01 2.159386433333333244e+01 1.000000000000000000e+00
2.308624299999999963e+01 2.261032699999999807e+01 2.196186066666666648e+01 1.000000000000000000e+00
2.322990599999999972e+01 2.315807449999999790e+01 2.281685333333333077e+01 1.000000000000000000e+00
2.030553600000000003e+01 2.176772100000000165e+01 2.220722833333333313e+01 0.000000000000000000e+00
1.930690200000000090e+01 1.980621899999999869e+01 2.094744800000000140e+01 0.000000000000000000e+00
2.126818499999999901e+01 2.028754349999999818e+01 2.029354100000000116e+01 1.000000000000000000e+00
1.969090999999999880e+01 2.047954749999999891e+01 2.008866566666666742e+01 0.000000000000000000e+00
2.420791799999999938e+01 2.194941399999999732e+01 2.172233766666666455e+01 1.000000000000000000e+00
2.648895999999999873e+01 2.534843899999999906e+01 2.346259600000000134e+01 1.000000000000000000e+00
2.443308100000000138e+01 2.546102050000000006e+01 2.504331966666666531e+01 0.000000000000000000e+00
2.827192300000000103e+01 2.635250200000000120e+01 2.639798799999999801e+01 1.000000000000000000e+00
2.893129899999999921e+01 2.860161099999999834e+01 2.721210100000000054e+01 1.000000000000000000e+00
2.976486399999999932e+01 2.934808149999999927e+01 2.898936199999999985e+01 1.000000000000000000e+00
3.024435799999999830e+01 3.000461099999999703e+01 2.964684033333332991e+01 1.000000000000000000e+00
3.253327199999999664e+01 3.138881499999999747e+01 3.084749799999999809e+01 1.000000000000000000e+00
3.101455699999999993e+01 3.177391449999999651e+01 3.126406233333333162e+01 0.000000000000000000e+00
2.982726500000000058e+01 3.042091100000000026e+01 3.112503133333332883e+01 0.000000000000000000e+00
2.771552300000000102e+01 2.877139400000000080e+01 2.951911499999999933e+01 0.000000000000000000e+00
2.548569300000000126e+01 2.660060800000000114e+01 2.767616033333333192e+01 0.000000000000000000e+00
2.609400700000000128e+01 2.578985000000000127e+01 2.643174100000000237e+01 1.000000000000000000e+00
2.975297399999999826e+01 2.792349049999999977e+01 2.711089133333333123e+01 1.000000000000000000e+00
2.852061799999999891e+01 2.913679599999999681e+01 2.812253300000000067e+01 0.000000000000000000e+00
2.333505600000000157e+01 2.592783700000000024e+01 2.720288266666666388e+01 0.000000000000000000e+00
2.566400700000000157e+01 2.449953150000000335e+01 2.583989366666666854e+01 1.000000000000000000e+00
2.666957299999999975e+01 2.616678999999999888e+01 2.522287866666667000e+01 1.000000000000000000e+00
2.658751300000000128e+01 2.662854300000000052e+01 2.630703099999999850e+01 0.000000000000000000e+00
2.680633500000000069e+01 2.669692400000000276e+01 2.668780700000000294e+01 1.000000000000000000e+00
2.418390799999999885e+01 2.549512149999999977e+01 2.585925200000000146e+01 0.000000000000000000e+00
2.713495100000000093e+01 2.565942950000000167e+01 2.604173133333333112e+01 1.000000000000000000e+00
2.759176799999999830e+01 2.736335950000000139e+01 2.630354233333333625e+01 1.000000000000000000e+00
2.897638500000000050e+01 2.828407649999999762e+01 2.790103466666666421e+01 1.000000000000000000e+00
2.880243899999999968e+01 2.888941200000000009e+01 2.845686399999999594e+01 0.000000000000000000e+00
2.845453600000000094e+01 2.862848749999999853e+01 2.874445333333333608e+01 0.000000000000000000e+00
2.951940000000000097e+01 2.898696800000000096e+01 2.892545833333333505e+01 1.000000000000000000e+00
3.056515699999999924e+01 3.004227850000000188e+01 2.951303100000000157e+01 1.000000000000000000e+00
3.275639699999999976e+01 3.166077699999999950e+01 3.094698466666666903e+01 1.000000000000000000e+00
3.158488099999999932e+01 3.217063900000000132e+01 3.163547833333333514e+01 0.000000000000000000e+00
2.982298899999999975e+01 3.070393500000000131e+01 3.138808899999999724e+01 0.000000000000000000e+00
3.023809100000000072e+01 3.003054000000000201e+01 3.054865366666666660e+01 1.000000000000000000e+00
3.116055300000000017e+01 3.069932200000000222e+01 3.040721100000000021e+01 1.000000000000000000e+00
2.832860799999999912e+01 2.974458049999999787e+01 2.990908400000000356e+01 0.000000000000000000e+00
2.984143800000000013e+01 2.908502299999999963e+01 2.977686633333333077e+01 1.000000000000000000e+00
2.950175099999999873e+01 2.967159449999999765e+01 2.922393233333333384e+01 0.000000000000000000e+00
3.071479000000000070e+01 3.010827049999999971e+01 3.001932633333332845e+01 1.000000000000000000e+00
3.102036100000000118e+01 3.086757550000000094e+01 3.041230066666666687e+01 1.000000000000000000e+00
3.279626100000000122e+01 3.190831100000000120e+01 3.151047066666666652e+01 1.000000000000000000e+00
3.555638900000000291e+01 3.417632500000000562e+01 3.312433700000000414e+01 1.000000000000000000e+00
3.429249200000000286e+01 3.492444050000000288e+01 3.421504733333333803e+01 0.000000000000000000e+00
3.646196700000000135e+01 3.537722949999999855e+01 3.543694933333333807e+01 1.000000000000000000e+00
3.814008700000000118e+01 3.730102700000000482e+01 3.629818199999999706e+01 1.000000000000000000e+00
3.811212199999999939e+01 3.812610449999999673e+01 3.757139200000000301e+01 0.000000000000000000e+00
3.929173300000000069e+01 3.870192749999999648e+01 3.851464733333332902e+01 1.000000000000000000e+00
3.789846399999999704e+01 3.859509849999999886e+01 3.843410633333332527e+01 0.000000000000000000e+00
3.776755899999999855e+01 3.783301149999999780e+01 3.831925199999999876e+01 0.000000000000000000e+00
3.894659000000000049e+01 3.835707449999999596e+01 3.820420433333332966e+01 1.000000000000000000e+00
3.589875399999999672e+01 3.742267199999999860e+01 3.753763433333332955e+01 0.000000000000000000e+00
3.662086099999999789e+01 3.625980749999999375e+01 3.715540166666666977e+01 1.000000000000000000e+00
3.989494700000000194e+01 3.825790399999999636e+01 3.747152066666666315e+01 1.000000000000000000e+00
4.230313499999999749e+01 4.109904099999999971e+01 3.960631433333333007e+01 1.000000000000000000e+00
3.940578800000000115e+01 4.085446149999999932e+01 4.053462333333333589e+01 0.000000000000000000e+00
4.133322100000000177e+01 4.036950450000000501e+01 4.101404800000000250e+01 1.000000000000000000e+00
4.070124799999999965e+01 4.101723450000000071e+01 4.048008566666666752e+01 0.000000000000000000e+00
4.114456899999999706e+01 4.092290849999999836e+01 4.105967933333332809e+01 1.000000000000000000e+00
4.116575199999999768e+01 4.115516049999999382e+01 4.100385633333333146e+01 0.000000000000000000e+00
3.814623300000000228e+01 3.965599249999999643e+01 4.015218466666666330e+01 0.000000000000000000e+00
3.780547700000000333e+01 3.797585500000000280e+01 3.903915399999999636e+01 0.000000000000000000e+00
3.523875400000000013e+01 3.652211549999999818e+01 3.706348799999999954e+01 0.000000000000000000e+00
3.431716500000000281e+01 3.477795950000000147e+01 3.578713199999999972e+01 0.000000000000000000e+00
3.690140499999999690e+01 3.560928499999999985e+01 3.548577466666666425e+01 1.000000000000000000e+00
3.717208099999999860e+01 3.703674300000000130e+01 3.613021699999999470e+01 1.000000000000000000e+00
3.484465399999999846e+01 3.600836749999999853e+01 3.630604666666666702e+01 0.000000000000000000e+00
3.463479999999999848e+01 3.473972700000000202e+01 3.555051166666666518e+01 0.000000000000000000e+00
3.522776400000000052e+01 3.493128199999999595e+01 3.490240600000000626e+01 1.000000000000000000e+00
3.918346799999999774e+01 3.720561599999999913e+01 3.634867733333333462e+01 1.000000000000000000e+00
3.817778799999999961e+01 3.868062799999999868e+01 3.752967333333333499e+01 0.000000000000000000e+00
3.864696099999999745e+01 3.841237449999999853e+01 3.866940566666666967e+01 1.000000000000000000e+00
3.934875499999999704e+01 3.899785799999999369e+01 3.872450133333332900e+01 1.000000000000000000e+00
3.945450999999999908e+01 3.940163249999999806e+01 3.915007533333332645e+01 0.000000000000000000e+00
3.977331900000000076e+01 3.961391449999999992e+01 3.952552800000000133e+01 1.000000000000000000e+00
3.790140199999999737e+01 3.883736050000000262e+01 3.904307700000000381e+01 0.000000000000000000e+00
3.707158700000000096e+01 3.748649449999999916e+01 3.824876933333333540e+01 0.000000000000000000e+00
3.892969500000000238e+01 3.800064100000000167e+01 3.796756133333332883e+01 1.000000000000000000e+00
3.724426299999999657e+01 3.808697899999999947e+01 3.774851499999999760e+01 0.000000000000000000e+00
3.885220300000000293e+01 3.804823299999999620e+01 3.834205366666666492e+01 1.000000000000000000e+00
4.141600400000000093e+01 4.013410350000000193e+01 3.917082333333333111e+01 1.000000000000000000e+00
4.338032499999999914e+01 4.239816450000000003e+01 4.121617733333333433e+01 1.000000000000000000e+00
4.372067599999999743e+01 4.355050049999999828e+01 4.283900166666666109e+01 1.000000000000000000e+00
4.432899499999999904e+01 4.402483549999999468e+01 4.380999866666666520e+01 1.000000000000000000e+00
4.896796400000000204e+01 4.664847950000000054e+01 4.567254499999999240e+01 1.000000000000000000e+00
4.876286300000000296e+01 4.886541350000000250e+01 4.735327399999999898e+01 0.000000000000000000e+00
4.933893199999999979e+01 4.905089750000000492e+01 4.902325300000000396e+01 1.000000000000000000e+00
4.739791499999999758e+01 4.836842349999999868e+01 4.849990333333332870e+01 0.000000000000000000e+00
4.989770899999999898e+01 4.864781200000000183e+01 4.887818533333333448e+01 1.000000000000000000e+00
4.828363800000000339e+01 4.909067350000000118e+01 4.852642066666666665e+01 0.000000000000000000e+00
4.653179899999999947e+01 4.740771850000000143e+01 4.823771533333333394e+01 0.000000000000000000e+00
5.077359799999999979e+01 4.865269849999999963e+01 4.852967833333332948e+01 1.000000000000000000e+00
5.006235499999999661e+01 5.041797649999999464e+01 4.912258399999999625e+01 0.000000000000000000e+00
4.520135499999999951e+01 4.763185500000000161e+01 4.867910266666666530e+01 0.000000000000000000e+00
4.512231799999999993e+01 4.516183649999999972e+01 4.679534266666667008e+01 0.000000000000000000e+00
4.635084200000000010e+01 4.573658000000000357e+01 4.555817166666665941e+01 1.000000000000000000e+00
4.371186399999999850e+01 4.503135299999999575e+01 4.506167466666666854e+01 0.000000000000000000e+00
4.730325700000000211e+01 4.550756049999999675e+01 4.578865433333333357e+01 1.000000000000000000e+00
4.838518899999999689e+01 4.784422299999999950e+01 4.646676999999999680e+01 1.000000000000000000e+00
