1.913144099999999881e+01 1.963052549999999741e+01 1.956120933333333411e+01 0.000000000000000000e+00
1.834123400000000004e+01 1.873633749999999765e+01 1.920076166666666495e+01 0.000000000000000000e+00
1.676081800000000044e+01 1.755102600000000024e+01 1.807783099999999976e+01 1.000000000000000000e+00
1.781839199999999934e+01 1.728960500000000167e+01 1.764014799999999994e+01 1.000000000000000000e+00
1.903423300000000040e+01 1.842631250000000165e+01 1.787114766666666910e+01 1.000000000000000000e+00
1.970504599999999940e+01 1.936963949999999812e+01 1.885255700000000090e+01 0.000000000000000000e+00
1.978889300000000162e+01 1.974696949999999873e+01 1.950939066666666477e+01 0.000000000000000000e+00
1.739914299999999869e+01 1.859401799999999838e+01 1.896436066666666420e+01 0.000000000000000000e+00
1.362583200000000083e+01 1.551248749999999887e+01 1.693795599999999979e+01 1.000000000000000000e+00
1.688682400000000072e+01 1.525632799999999989e+01 1.597059966666666675e+01 0.000000000000000000e+00
1.515158699999999925e+01 1.601920549999999821e+01 1.522141433333333360e+01 0.000000000000000000e+00
1.455906899999999915e+01 1.485532800000000009e+01 1.553249333333333304e+01 1.000000000000000000e+00
1.612501500000000121e+01 1.534204199999999929e+01 1.527855700000000105e+01 1.000000000000000000e+00
1.760631400000000113e+01 1.686566450000000117e+01 1.609679933333333324e+01 0.000000000000000000e+00
1.612501500000000121e+01 1.686566450000000117e+01 1.661878133333333452e+01 0.000000000000000000e+00
1.570931000000000033e+01 1.591716249999999988e+01 1.648021300000000267e+01 0.000000000000000000e+00
1.562392799999999937e+01 1.566661900000000074e+01 1.581941766666666638e+01 0.000000000000000000e+00
1.541048699999999982e+01 1.551720749999999960e+01 1.558124166666666532e+01 1.000000000000000000e+00
1.553855700000000084e+01 1.547452200000000033e+01 1.552432400000000001e+01 0.000000000000000000e+00
1.421521399999999957e+01 1.487688550000000021e+01 1.505475266666666734e+01 1.000000000000000000e+00
1.521412499999999923e+01 1.471466949999999940e+01 1.498929866666666477e+01 0.000000000000000000e+00
1.505308499999999938e+01 1.513360499999999931e+01 1.482747466666666547e+01 0.000000000000000000e+00
1.244956600000000080e+01 1.375132550000000009e+01 1.423892533333333255e+01 1.000000000000000000e+00
1.311227899999999913e+01 1.278092249999999908e+01 1.353831000000000095e+01 0.000000000000000000e+00
1.273358699999999999e+01 1.292293300000000045e+01 1.276514399999999938e+01 0.000000000000000000e+00
1.188152599999999914e+01 1.230755650000000045e+01 1.257579733333333394e+01 0.000000000000000000e+00
1.164484200000000058e+01 1.176318399999999897e+01 1.208665166666666835e+01 1.000000000000000000e+00
1.239582399999999929e+01 1.202033300000000082e+01 1.197406399999999849e+01 1.000000000000000000e+00
1.292229099999999953e+01 1.265905749999999941e+01 1.232098566666666706e+01 0.000000000000000000e+00
1.253940500000000036e+01 1.273084799999999994e+01 1.261917333333333424e+01 0.000000000000000000e+00
1.196508299999999991e+01 1.225224400000000102e+01 1.247559299999999816e+01 1.000000000000000000e+00
1.277870799999999996e+01 1.237189550000000082e+01 1.242773200000000067e+01 0.000000000000000000e+00
1.282657099999999950e+01 1.280263949999999973e+01 1.252345400000000097e+01 0.000000000000000000e+00
1.252009699999999981e+01 1.267333400000000054e+01 1.270845866666666701e+01 1.000000000000000000e+00
1.266511700000000040e+01 1.259260700000000099e+01 1.267059500000000050e+01 1.000000000000000000e+00
1.319685800000000064e+01 1.293098750000000052e+01 1.279402400000000029e+01 0.000000000000000000e+00
1.261678400000000089e+01 1.290682100000000077e+01 1.282625300000000124e+01 1.000000000000000000e+00
1.295516100000000037e+01 1.278597249999999974e+01 1.292293433333333574e+01 1.000000000000000000e+00
1.484042700000000004e+01 1.389779400000000109e+01 1.347079066666666591e+01 1.000000000000000000e+00
1.754888499999999851e+01 1.619465599999999839e+01 1.511482433333333297e+01 0.000000000000000000e+00
1.647346100000000035e+01 1.701117299999999943e+01 1.628759099999999904e+01 0.000000000000000000e+00
1.569134099999999954e+01 1.608240100000000083e+01 1.657122899999999888e+01 1.000000000000000000e+00
1.657122599999999935e+01 1.613128349999999855e+01 1.624534266666666937e+01 1.000000000000000000e+00
1.701117500000000149e+01 1.679120050000000219e+01 1.642458066666666738e+01 0.000000000000000000e+00
1.666899499999999890e+01 1.684008500000000197e+01 1.675046533333333443e+01 1.000000000000000000e+00
1.796021800000000113e+01 1.731460650000000001e+01 1.721346266666666835e+01 0.000000000000000000e+00
1.702273900000000140e+01 1.749147849999999949e+01 1.721731733333333381e+01 1.000000000000000000e+00
1.968716399999999922e+01 1.835495149999999853e+01 1.822337366666666369e+01 1.000000000000000000e+00
2.348644600000000082e+01 2.158680499999999824e+01 2.006544966666666596e+01 1.000000000000000000e+00
2.427590000000000003e+01 2.388117300000000043e+01 2.248317000000000121e+01 0.000000000000000000e+00
2.225291400000000053e+01 2.326440699999999850e+01 2.333841999999999928e+01 0.000000000000000000e+00
2.222089799999999826e+01 2.223690599999999762e+01 2.291657066666666154e+01 1.000000000000000000e+00
2.346367499999999851e+01 2.284228650000000016e+01 2.264582899999999555e+01 1.000000000000000000e+00
2.415963599999999900e+01 2.381165550000000053e+01 2.328140300000000096e+01 0.000000000000000000e+00
2.356310300000000169e+01 2.386136950000000212e+01 2.372880466666666521e+01 1.000000000000000000e+00
2.410992200000000096e+01 2.383651250000000132e+01 2.394422033333333388e+01 0.000000000000000000e+00
2.321512399999999943e+01 2.366252300000000020e+01 2.362938300000000069e+01 1.000000000000000000e+00
2.418214199999999892e+01 2.369863300000000095e+01 2.383572933333333310e+01 0.000000000000000000e+00
2.127828999999999837e+01 2.273021599999999864e+01 2.289185200000000009e+01 1.000000000000000000e+00
2.247987399999999880e+01 2.187908199999999681e+01 2.264676866666666299e+01 0.000000000000000000e+00
1.882501600000000153e+01 2.065244500000000016e+01 2.086105999999999838e+01 0.000000000000000000e+00
1.747322099999999878e+01 1.814911850000000015e+01 1.959270366666666519e+01 1.000000000000000000e+00
1.957601899999999873e+01 1.852461999999999875e+01 1.862475200000000086e+01 1.000000000000000000e+00
2.066308799999999835e+01 2.011955349999999854e+01 1.923744266666666647e+01 0.000000000000000000e+00
1.990155000000000030e+01 2.028231900000000110e+01 2.004688566666666460e+01 0.000000000000000000e+00
1.969847100000000140e+01 1.980001049999999907e+01 2.008770300000000120e+01 1.000000000000000000e+00
2.203385499999999908e+01 2.086616300000000024e+01 2.054462533333333241e+01 1.000000000000000000e+00
2.238923799999999886e+01 2.221154649999999720e+01 2.137385466666667000e+01 0.000000000000000000e+00
2.147539099999999834e+01 2.193231449999999683e+01 2.196616133333333210e+01 0.000000000000000000e+00
1.876718299999999928e+01 2.012128699999999881e+01 2.087727066666666431e+01 1.000000000000000000e+00
2.210013999999999967e+01 2.043366149999999948e+01 2.078090466666666813e+01 1.000000000000000000e+00
2.517673699999999926e+01 2.363843849999999946e+01 2.201468666666666607e+01 1.000000000000000000e+00
2.543311100000000025e+01 2.530492399999999975e+01 2.423666266666666402e+01 0.000000000000000000e+00
2.399737899999999868e+01 2.471524499999999946e+01 2.486907566666666369e+01 1.000000000000000000e+00
2.492035299999999864e+01 2.445886600000000044e+01 2.478361433333333252e+01 1.000000000000000000e+00
2.667678799999999839e+01 2.579857049999999674e+01 2.519817333333333309e+01 0.000000000000000000e+00
2.652168999999999954e+01 2.659923899999999719e+01 2.603961033333333219e+01 1.000000000000000000e+00
2.734887900000000016e+01 2.693528450000000163e+01 2.684911899999999818e+01 0.000000000000000000e+00
2.646999500000000083e+01 2.690943700000000049e+01 2.678018799999999899e+01 0.000000000000000000e+00
2.615980000000000061e+01 2.631489750000000072e+01 2.665955800000000053e+01 1.000000000000000000e+00
2.631488999999999834e+01 2.623734499999999770e+01 2.631489499999999637e+01 0.000000000000000000e+00
2.510348499999999916e+01 2.570918749999999875e+01 2.585939166666666367e+01 1.000000000000000000e+00
2.692635299999999887e+01 2.601491899999999902e+01 2.611490933333333331e+01 1.000000000000000000e+00
2.734300800000000109e+01 2.713468050000000176e+01 2.645761533333333304e+01 1.000000000000000000e+00
2.807215300000000013e+01 2.770758049999999884e+01 2.744717133333333337e+01 1.000000000000000000e+00
3.015542800000000057e+01 2.911379050000000035e+01 2.852352966666666489e+01 0.000000000000000000e+00
2.880129600000000067e+01 2.947836200000000062e+01 2.900962566666666476e+01 1.000000000000000000e+00
3.082209800000000044e+01 2.981169700000000233e+01 2.992627400000000293e+01 1.000000000000000000e+00
3.581034900000000221e+01 3.331622349999999955e+01 3.181124766666667014e+01 1.000000000000000000e+00
3.696551099999999934e+01 3.638792999999999722e+01 3.453265266666667088e+01 1.000000000000000000e+00
4.276763199999999898e+01 3.986657149999999916e+01 3.851449733333333114e+01 0.000000000000000000e+00
3.701801700000000039e+01 3.989282450000000324e+01 3.891705333333333527e+01 1.000000000000000000e+00
3.945963299999999663e+01 3.823882499999999851e+01 3.974842733333333200e+01 0.000000000000000000e+00
3.560708999999999946e+01 3.753336149999999805e+01 3.736157999999999646e+01 0.000000000000000000e+00
3.523784299999999803e+01 3.542246649999999875e+01 3.676818866666666707e+01 1.000000000000000000e+00
3.829741700000000293e+01 3.676762999999999693e+01 3.638078333333333347e+01 1.000000000000000000e+00
3.961620299999999872e+01 3.895681000000000438e+01 3.771715433333333323e+01 0.000000000000000000e+00
3.816553499999999843e+01 3.889086899999999503e+01 3.869305166666666906e+01 0.000000000000000000e+00
3.589722100000000182e+01 3.703137800000000368e+01 3.789298633333333299e+01 0.000000000000000000e+00
3.606157300000000276e+01 3.597939700000000585e+01 3.670810966666667241e+01 0.000000000000000000e+00
3.558394200000000041e+01 3.582275750000000158e+01 3.584757866666667070e+01 1.000000000000000000e+00
3.653921100000000166e+01 3.606157650000000103e+01 3.606157533333333731e+01 0.000000000000000000e+00
3.608811200000000241e+01 3.631366150000000204e+01 3.607042166666666816e+01 0.000000000000000000e+00
3.001151099999999872e+01 3.304981150000000412e+01 3.421294466666666523e+01 0.000000000000000000e+00
2.916237399999999980e+01 2.958694249999999926e+01 3.175399900000000386e+01 0.000000000000000000e+00
2.814108999999999838e+01 2.865173199999999909e+01 2.910499166666666682e+01 1.000000000000000000e+00
3.123820299999999861e+01 2.968964649999999850e+01 2.951388899999999538e+01 0.000000000000000000e+00
3.075760700000000014e+01 3.099790499999999938e+01 3.004563333333333119e+01 1.000000000000000000e+00
3.121151700000000062e+01 3.098456200000000038e+01 3.106910899999999742e+01 1.000000000000000000e+00
3.190570299999999904e+01 3.155861000000000161e+01 3.129160899999999756e+01 1.000000000000000000e+00
3.900770599999999888e+01 3.545670450000000073e+01 3.404164200000000307e+01 1.000000000000000000e+00
3.969072700000000253e+01 3.934921649999999715e+01 3.686804533333333467e+01 1.000000000000000000e+00
4.009301399999999660e+01 3.989187049999999601e+01 3.959714899999999460e+01 1.000000000000000000e+00
4.736069899999999677e+01 4.372685649999999669e+01 4.238147999999999627e+01 1.000000000000000000e+00
5.371658299999999997e+01 5.053864099999999837e+01 4.705676533333333822e+01 1.000000000000000000e+00
5.462839900000000171e+01 5.417249100000000084e+01 5.190189366666666615e+01 1.000000000000000000e+00
6.439015999999999451e+01 5.950927949999999811e+01 5.757838066666666776e+01 1.000000000000000000e+00
6.878400399999999593e+01 6.658708199999999522e+01 6.260085433333333071e+01 1.000000000000000000e+00
7.930611399999999378e+01 7.404505899999999485e+01 7.082675933333332807e+01 1.000000000000000000e+00
1.226055680000000052e+02 1.009558409999999924e+02 9.023189533333334111e+01 0.000000000000000000e+00
1.089348909999999933e+02 1.157702294999999992e+02 1.036155243333333260e+02 1.000000000000000000e+00
1.349845430000000022e+02 1.219597169999999977e+02 1.221750006666666621e+02 0.000000000000000000e+00
1.206141889999999961e+02 1.277993659999999920e+02 1.215112076666666638e+02 0.000000000000000000e+00
9.734181999999999846e+01 1.089780044999999973e+02 1.176468506666666514e+02 0.000000000000000000e+00
7.868237299999999834e+01 8.801209649999999840e+01 9.887946066666665956e+01 1.000000000000000000e+00
8.137879900000000077e+01 8.003058599999999956e+01 8.580099733333332779e+01 0.000000000000000000e+00
8.105525199999999586e+01 8.121702550000000542e+01 8.037214133333333166e+01 1.000000000000000000e+00
9.858216899999999328e+01 8.981871049999999457e+01 8.700540666666665857e+01 0.000000000000000000e+00
8.709530599999999367e+01 9.283873749999999347e+01 8.891090899999998953e+01 0.000000000000000000e+00
7.169571700000000192e+01 7.939551149999999780e+01 8.579106400000000576e+01 0.000000000000000000e+00
6.435339399999999443e+01 6.802455549999999107e+01 7.438147233333332053e+01 0.000000000000000000e+00
6.003435900000000203e+01 6.219387650000000178e+01 6.536115666666665902e+01 1.000000000000000000e+00
6.353277599999999836e+01 6.178356750000000375e+01 6.264017633333332924e+01 0.000000000000000000e+00
6.177060699999999827e+01 6.265169149999999831e+01 6.177924733333333052e+01 1.000000000000000000e+00
6.240983599999999853e+01 6.209022149999999840e+01 6.257107299999999128e+01 1.000000000000000000e+00
6.630481699999999989e+01 6.435732649999999921e+01 6.349508666666665846e+01 1.000000000000000000e+00
6.755911999999999296e+01 6.693196849999999642e+01 6.542459100000000660e+01 0.000000000000000000e+00
5.691918900000000292e+01 6.223915449999999794e+01 6.359437533333332482e+01 0.000000000000000000e+00
4.283645599999999831e+01 4.987782250000000062e+01 5.577158833333333376e+01 0.000000000000000000e+00
3.883999299999999977e+01 4.083822449999999549e+01 4.619854600000000033e+01 0.000000000000000000e+00
2.871910899999999955e+01 3.377955099999999788e+01 3.679851933333333136e+01 1.000000000000000000e+00
3.313637200000000149e+01 3.092774049999999875e+01 3.356515799999999672e+01 1.000000000000000000e+00
4.137709000000000259e+01 3.725673100000000204e+01 3.441085700000000003e+01 0.000000000000000000e+00
3.912173500000000104e+01 4.024941250000000537e+01 3.787839900000000171e+01 0.000000000000000000e+00
3.882680899999999724e+01 3.897427199999999914e+01 3.977521133333333836e+01 1.000000000000000000e+00
4.007592799999999755e+01 3.945136850000000095e+01 3.934149066666666528e+01 1.000000000000000000e+00
4.484687399999999968e+01 4.246140099999999507e+01 4.124987033333333386e+01 1.000000000000000000e+00
4.711539799999999900e+01 4.598113599999999934e+01 4.401273333333332971e+01 1.000000000000000000e+00
5.051431999999999789e+01 4.881485899999999845e+01 4.749219733333332982e+01 0.000000000000000000e+00
4.615918400000000332e+01 4.833675200000000416e+01 4.792963400000000007e+01 0.000000000000000000e+00
3.940481900000000337e+01 4.278200150000000690e+01 4.535944100000000390e+01 0.000000000000000000e+00
3.782271200000000277e+01 3.861376549999999952e+01 4.112890500000000316e+01 0.000000000000000000e+00
3.572772599999999699e+01 3.677521899999999988e+01 3.765175233333332727e+01 1.000000000000000000e+00
3.768930100000000039e+01 3.670851349999999513e+01 3.707991299999999768e+01 1.000000000000000000e+00
3.865680299999999647e+01 3.817305199999999843e+01 3.735794333333333128e+01 0.000000000000000000e+00
3.600704600000000255e+01 3.733192449999999951e+01 3.745105000000000217e+01 0.000000000000000000e+00
3.482164399999999915e+01 3.541434499999999730e+01 3.649516433333332799e+01 0.000000000000000000e+00
3.309581000000000017e+01 3.395872699999999611e+01 3.464150000000000063e+01 0.000000000000000000e+00
3.062038599999999988e+01 3.185809799999999825e+01 3.284594666666666285e+01 0.000000000000000000e+00
2.163324499999999873e+01 2.612681549999999930e+01 2.844981366666666744e+01 1.000000000000000000e+00
2.390674800000000033e+01 2.276999649999999775e+01 2.538679300000000083e+01 1.000000000000000000e+00
2.448386599999999902e+01 2.419530699999999968e+01 2.334128633333332914e+01 1.000000000000000000e+00
2.728202399999999983e+01 2.588294499999999942e+01 2.522421266666666995e+01 1.000000000000000000e+00
2.881226699999999852e+01 2.804714549999999917e+01 2.685938566666666816e+01 1.000000000000000000e+00
3.042994900000000058e+01 2.962110799999999955e+01 2.884141333333333179e+01 1.000000000000000000e+00
3.088969600000000071e+01 3.065982250000000064e+01 3.004397066666666660e+01 0.000000000000000000e+00
3.014377599999999902e+01 3.051673600000000164e+01 3.048780700000000010e+01 1.000000000000000000e+00
3.042459300000000155e+01 3.028418450000000206e+01 3.048602166666666946e+01 1.000000000000000000e+00
3.567232500000000073e+01 3.304845900000000114e+01 3.208023133333333732e+01 1.000000000000000000e+00
3.592681100000000072e+01 3.579956800000000072e+01 3.400790966666667003e+01 1.000000000000000000e+00
3.669028899999999993e+01 3.630854999999999677e+01 3.609647499999999809e+01 0.000000000000000000e+00
3.381022600000000011e+01 3.525025750000000357e+01 3.547577533333333122e+01 0.000000000000000000e+00
3.246308499999999952e+01 3.313665550000000337e+01 3.432120000000000459e+01 1.000000000000000000e+00
3.350204800000000205e+01 3.298256650000000434e+01 3.325845300000000293e+01 0.000000000000000000e+00
3.050844999999999985e+01 3.200524899999999917e+01 3.215786100000000403e+01 0.000000000000000000e+00
3.052604499999999987e+01 3.051724749999999986e+01 3.151218099999999822e+01 0.000000000000000000e+00
3.027951399999999893e+01 3.040277950000000118e+01 3.043800299999999837e+01 1.000000000000000000e+00
3.078697800000000129e+01 3.053324599999999833e+01 3.053084566666666788e+01 1.000000000000000000e+00
3.212093000000000131e+01 3.145395400000000308e+01 3.106247399999999814e+01 1.000000000000000000e+00
3.441779700000000020e+01 3.326936349999999720e+01 3.244190166666666642e+01 0.000000000000000000e+00
3.270397599999999727e+01 3.356088649999999518e+01 3.308090099999999723e+01 1.000000000000000000e+00
3.338420899999999847e+01 3.304409249999999787e+01 3.350199399999999628e+01 1.000000000000000000e+00
3.535422499999999957e+01 3.436921699999999902e+01 3.381413666666666273e+01 0.000000000000000000e+00
3.252435700000000196e+01 3.393929099999999721e+01 3.375426366666666667e+01 1.000000000000000000e+00
3.302050799999999953e+01 3.277243250000000074e+01 3.363302999999999798e+01 0.000000000000000000e+00
3.051318399999999897e+01 3.176684600000000103e+01 3.201934966666666327e+01 0.000000000000000000e+00
2.880323599999999828e+01 2.965820999999999685e+01 3.077897600000000011e+01 1.000000000000000000e+00
2.978667099999999834e+01 2.929495349999999831e+01 2.970103033333333187e+01 0.000000000000000000e+00
2.940570100000000053e+01 2.959618599999999944e+01 2.933186933333333357e+01 0.000000000000000000e+00
2.915756800000000126e+01 2.928163450000000267e+01 2.944998000000000005e+01 1.000000000000000000e+00
3.290003600000000006e+01 3.102880199999999888e+01 3.048776833333333514e+01 1.000000000000000000e+00
3.626916899999999799e+01 3.458460250000000258e+01 3.277559099999999859e+01 1.000000000000000000e+00
4.346966599999999659e+01 3.986941749999999729e+01 3.754629033333333155e+01 0.000000000000000000e+00
4.167397700000000071e+01 4.257182149999999865e+01 4.047093733333333176e+01 0.000000000000000000e+00
4.095392999999999972e+01 4.131395349999999667e+01 4.203252433333333471e+01 1.000000000000000000e+00
4.360911600000000021e+01 4.228152299999999997e+01 4.207900766666666215e+01 0.000000000000000000e+00
4.024976699999999852e+01 4.192944149999999581e+01 4.160427100000000422e+01 0.000000000000000000e+00
3.924286699999999684e+01 3.974631699999999768e+01 4.103391666666666282e+01 1.000000000000000000e+00
4.098045299999999713e+01 4.011166000000000054e+01 4.015769566666666179e+01 0.000000000000000000e+00
3.868148399999999754e+01 3.983096849999999733e+01 3.963493466666666620e+01 0.000000000000000000e+00
3.596371800000000007e+01 3.732260099999999881e+01 3.854188500000000062e+01 1.000000000000000000e+00
3.661230100000000220e+01 3.628800950000000114e+01 3.708583433333333090e+01 0.000000000000000000e+00
3.520962899999999962e+01 3.591096500000000447e+01 3.592854933333333634e+01 1.000000000000000000e+00
3.826511800000000108e+01 3.673737350000000390e+01 3.669568266666667000e+01 1.000000000000000000e+00
4.139208599999999905e+01 3.982860200000000361e+01 3.828894433333334035e+01 1.000000000000000000e+00
4.621654500000000354e+01 4.380431550000000129e+01 4.195791633333333692e+01 0.000000000000000000e+00
4.510871099999999956e+01 4.566262799999999800e+01 4.423911400000000071e+01 1.000000000000000000e+00
4.767669300000000021e+01 4.639270199999999988e+01 4.633398299999999637e+01 1.000000000000000000e+00
5.165125700000000109e+01 4.966397500000000065e+01 4.814555366666667169e+01 0.000000000000000000e+00
4.598483300000000185e+01 4.881804499999999791e+01 4.843759433333332964e+01 1.000000000000000000e+00
4.721121600000000029e+01 4.659802450000000107e+01 4.828243533333333204e+01 0.000000000000000000e+00
4.277117899999999651e+01 4.499119749999999840e+01 4.532240933333333288e+01 1.000000000000000000e+00
4.302181999999999817e+01 4.289649949999999734e+01 4.433473833333332692e+01 1.000000000000000000e+00
4.438379700000000128e+01 4.370280850000000328e+01 4.339226533333333435e+01 1.000000000000000000e+00
4.843093499999999807e+01 4.640736599999999612e+01 4.527885066666667058e+01 1.000000000000000000e+00
4.872705500000000001e+01 4.857899499999999904e+01 4.718059566666666882e+01 0.000000000000000000e+00
4.262495799999999946e+01 4.567600649999999973e+01 4.659431599999999918e+01 0.000000000000000000e+00
4.236472299999999791e+01 4.249484049999999513e+01 4.457224533333333483e+01 0.000000000000000000e+00
3.595752000000000237e+01 3.916112150000000014e+01 4.031573366666666658e+01 1.000000000000000000e+00
4.120557800000000270e+01 3.858154900000000254e+01 3.984260700000000099e+01 1.000000000000000000e+00
4.534501300000000157e+01 4.327529549999999858e+01 4.083603700000000458e+01 0.000000000000000000e+00
3.936080599999999663e+01 4.235290949999999555e+01 4.197046566666666223e+01 0.000000000000000000e+00
3.389851800000000281e+01 3.662966199999999617e+01 3.953477899999999323e+01 1.000000000000000000e+00
3.437546499999999838e+01 3.413699150000000060e+01 3.587826299999999691e+01 0.000000000000000000e+00
2.777933499999999967e+01 3.107739999999999725e+01 3.201777266666666577e+01 0.000000000000000000e+00
2.105413599999999974e+01 2.441673550000000148e+01 2.773631199999999808e+01 0.000000000000000000e+00
1.755719200000000058e+01 1.930566400000000016e+01 2.213022100000000236e+01 1.000000000000000000e+00
1.981299399999999977e+01 1.868509300000000195e+01 1.947477400000000003e+01 0.000000000000000000e+00
1.741224100000000163e+01 1.861261749999999893e+01 1.826080900000000184e+01 0.000000000000000000e+00
1.500243000000000038e+01 1.620733549999999923e+01 1.740922166666666726e+01 1.000000000000000000e+00
1.868962300000000099e+01 1.684602650000000068e+01 1.703476466666666411e+01 1.000000000000000000e+00
2.356179200000000051e+01 2.112570750000000075e+01 1.908461499999999944e+01 1.000000000000000000e+00
2.389890499999999918e+01 2.373034849999999807e+01 2.205010666666666452e+01 0.000000000000000000e+00
2.356179200000000051e+01 2.373034849999999807e+01 2.367416299999999652e+01 1.000000000000000000e+00
2.547515900000000144e+01 2.451847550000000098e+01 2.431195200000000156e+01 0.000000000000000000e+00
2.436358299999999844e+01 2.491937099999999816e+01 2.446684466666666324e+01 1.000000000000000000e+00
2.660496099999999942e+01 2.548427199999999715e+01 2.548123433333333310e+01 1.000000000000000000e+00
2.691239699999999857e+01 2.675867900000000077e+01 2.596031366666666429e+01 0.000000000000000000e+00
2.444000600000000034e+01 2.567620149999999768e+01 2.598578799999999944e+01 1.000000000000000000e+00
2.655527299999999968e+01 2.549763949999999824e+01 2.596922533333333050e+01 1.000000000000000000e+00
3.042868199999999845e+01 2.849197749999999729e+01 2.714132033333332927e+01 1.000000000000000000e+00
3.123450300000000013e+01 3.083159249999999929e+01 2.940615266666666727e+01 1.000000000000000000e+00
3.508959200000000322e+01 3.316204749999999990e+01 3.225092566666666727e+01 0.000000000000000000e+00
3.144840400000000002e+01 3.326899800000000340e+01 3.259083299999999639e+01 0.000000000000000000e+00
2.828702200000000033e+01 2.986771300000000195e+01 3.160833933333333334e+01 0.000000000000000000e+00
2.451909600000000111e+01 2.640305899999999895e+01 2.808484066666666834e+01 1.000000000000000000e+00
2.869138500000000036e+01 2.660524050000000074e+01 2.716583433333333275e+01 0.000000000000000000e+00
2.572299599999999842e+01 2.720719049999999939e+01 2.631115899999999996e+01 1.000000000000000000e+00
2.841568399999999883e+01 2.706933999999999685e+01 2.761002166666666469e+01 1.000000000000000000e+00
3.128736900000000176e+01 2.985152649999999852e+01 2.847534966666666278e+01 1.000000000000000000e+00
3.280365799999999865e+01 3.204551349999999843e+01 3.083557033333333308e+01 1.000000000000000000e+00
3.301631499999999875e+01 3.290998650000000225e+01 3.236911399999999617e+01 0.000000000000000000e+00
3.174964900000000156e+01 3.238298199999999838e+01 3.252320733333333891e+01 1.000000000000000000e+00
3.406107699999999738e+01 3.290536300000000125e+01 3.294234699999999805e+01 0.000000000000000000e+00
2.942898900000000140e+01 3.174503299999999939e+01 3.174657166666666797e+01 0.000000000000000000e+00
2.633439600000000169e+01 2.788169249999999977e+01 2.994148733333333112e+01 0.000000000000000000e+00
2.487395700000000076e+01 2.560417650000000123e+01 2.687911400000000128e+01 0.000000000000000000e+00
2.454838399999999865e+01 2.471117050000000148e+01 2.525224566666666703e+01 0.000000000000000000e+00
2.334840600000000066e+01 2.394839499999999788e+01 2.425691566666666787e+01 0.000000000000000000e+00
2.041822799999999916e+01 2.188331699999999813e+01 2.277167266666666379e+01 0.000000000000000000e+00
1.767409299999999917e+01 1.904616049999999916e+01 2.048024233333333299e+01 1.000000000000000000e+00
1.967321400000000153e+01 1.867365350000000035e+01 1.925517833333333328e+01 0.000000000000000000e+00
1.693378799999999984e+01 1.830350100000000069e+01 1.809369833333333233e+01 0.000000000000000000e+00
1.692441000000000173e+01 1.692909900000000079e+01 1.784380400000000222e+01 1.000000000000000000e+00
1.709327499999999844e+01 1.700884250000000009e+01 1.698382433333333452e+01 1.000000000000000000e+00
2.006724399999999875e+01 1.858025949999999682e+01 1.802830966666666868e+01 0.000000000000000000e+00
1.948557999999999879e+01 1.977641200000000055e+01 1.888203299999999629e+01 0.000000000000000000e+00
1.535464299999999938e+01 1.742011149999999731e+01 1.830248899999999779e+01 0.000000000000000000e+00
1.254136399999999973e+01 1.394800349999999867e+01 1.579386233333333145e+01 1.000000000000000000e+00
1.348859599999999936e+01 1.301497999999999955e+01 1.379486766666666675e+01 0.000000000000000000e+00
1.150887900000000030e+01 1.249873750000000072e+01 1.251294633333333195e+01 0.000000000000000000e+00
1.071320399999999928e+01 1.111104149999999890e+01 1.190355966666666632e+01 1.000000000000000000e+00
1.108262299999999989e+01 1.089791349999999959e+01 1.110156866666666531e+01 1.000000000000000000e+00
1.125874699999999962e+01 1.117068499999999887e+01 1.101819133333333411e+01 0.000000000000000000e+00
9.340730999999999895e+00 1.029973899999999887e+01 1.056070033333333136e+01 1.000000000000000000e+00
1.074088099999999990e+01 1.004080599999999990e+01 1.044678633333333373e+01 1.000000000000000000e+00
1.432756999999999969e+01 1.253422549999999980e+01 1.146972733333333316e+01 0.000000000000000000e+00
1.398232699999999973e+01 1.415494849999999971e+01 1.301692599999999977e+01 1.000000000000000000e+00
1.668672899999999970e+01 1.533452799999999883e+01 1.499887533333333245e+01 0.000000000000000000e+00
1.589651300000000056e+01 1.629162099999999924e+01 1.552185633333333215e+01 1.000000000000000000e+00
1.949572399999999917e+01 1.769611850000000075e+01 1.735965533333333255e+01 1.000000000000000000e+00
2.050195700000000087e+01 1.999884050000000002e+01 1.863139800000000079e+01 0.000000000000000000e+00
2.035682699999999912e+01 2.042939200000000000e+01 2.011816933333333068e+01 0.000000000000000000e+00
1.931189300000000131e+01 1.983436000000000021e+01 2.005689233333333377e+01 1.000000000000000000e+00
2.082124100000000055e+01 2.006656699999999915e+01 2.016332033333333484e+01 0.000000000000000000e+00
1.678929700000000125e+01 1.880526900000000268e+01 1.897414366666666652e+01 1.000000000000000000e+00
1.781125499999999917e+01 1.730027600000000021e+01 1.847393100000000388e+01 0.000000000000000000e+00
1.682822799999999930e+01 1.731974149999999923e+01 1.714292666666666776e+01 0.000000000000000000e+00
1.532935999999999943e+01 1.607879399999999848e+01 1.665628099999999989e+01 1.000000000000000000e+00
1.708128400000000013e+01 1.620532199999999889e+01 1.641295733333333473e+01 1.000000000000000000e+00
1.860935599999999823e+01 1.784532000000000096e+01 1.700666666666666416e+01 0.000000000000000000e+00
1.728432300000000055e+01 1.794683949999999939e+01 1.765832100000000082e+01 0.000000000000000000e+00
1.585376199999999969e+01 1.656904250000000189e+01 1.724914699999999712e+01 1.000000000000000000e+00
1.643186199999999886e+01 1.614281199999999927e+01 1.652331566666666518e+01 1.000000000000000000e+00
1.805839500000000086e+01 1.724512849999999986e+01 1.678133966666666765e+01 1.000000000000000000e+00
1.872468399999999988e+01 1.839153950000000037e+01 1.773831366666666653e+01 0.000000000000000000e+00
1.767625999999999920e+01 1.820047199999999776e+01 1.815311300000000116e+01 1.000000000000000000e+00
1.942036600000000135e+01 1.854831300000000027e+01 1.860710333333333111e+01 1.000000000000000000e+00
2.154661400000000171e+01 2.048349000000000331e+01 1.954774666666666860e+01 0.000000000000000000e+00
2.005726100000000045e+01 2.080193750000000108e+01 2.034141366666666784e+01 1.000000000000000000e+00
2.282040200000000141e+01 2.143883149999999915e+01 2.147475900000000237e+01 1.000000000000000000e+00
2.774898100000000056e+01 2.528469150000000099e+01 2.354221466666666629e+01 0.000000000000000000e+00
2.624003599999999992e+01 2.699450850000000202e+01 2.560313966666666730e+01 1.000000000000000000e+00
2.962046799999999891e+01 2.793025199999999941e+01 2.786982833333333431e+01 1.000000000000000000e+00
3.029655800000000099e+01 2.995851299999999995e+01 2.871902066666666542e+01 0.000000000000000000e+00
2.781756999999999991e+01 2.905706400000000045e+01 2.924486533333333327e+01 0.000000000000000000e+00
2.777837600000000151e+01 2.779797299999999893e+01 2.863083466666666865e+01 0.000000000000000000e+00
2.533858299999999986e+01 2.655847950000000068e+01 2.697817633333333376e+01 0.000000000000000000e+00
2.489765500000000031e+01 2.511811900000000009e+01 2.600487133333333034e+01 1.000000000000000000e+00
2.791759899999999917e+01 2.640762699999999796e+01 2.605127899999999741e+01 0.000000000000000000e+00
2.547972499999999840e+01 2.669866199999999878e+01 2.609832633333333263e+01 0.000000000000000000e+00
2.419197700000000140e+01 2.483585099999999812e+01 2.586310033333333536e+01 0.000000000000000000e+00
2.347437700000000049e+01 2.383317699999999917e+01 2.438202633333333225e+01 0.000000000000000000e+00
2.076125899999999902e+01 2.211781799999999976e+01 2.280920433333333008e+01 1.000000000000000000e+00
2.528312100000000129e+01 2.302219000000000193e+01 2.317291899999999671e+01 0.000000000000000000e+00
2.377471699999999899e+01 2.452891900000000192e+01 2.327303233333333310e+01 1.000000000000000000e+00
2.748396699999999981e+01 2.562934200000000118e+01 2.551393500000000358e+01 1.000000000000000000e+00
2.895385599999999826e+01 2.821891149999999726e+01 2.673751333333333591e+01 1.000000000000000000e+00
3.295905700000000138e+01 3.095645650000000160e+01 2.979895999999999745e+01 0.000000000000000000e+00
3.172592900000000071e+01 3.234249300000000460e+01 3.121294733333333582e+01 1.000000000000000000e+00
3.276175700000000290e+01 3.224384299999999826e+01 3.248224766666667307e+01 0.000000000000000000e+00
3.098852199999999968e+01 3.187513950000000307e+01 3.182540266666666540e+01 0.000000000000000000e+00
2.875315300000000107e+01 2.987083750000000038e+01 3.083447733333333574e+01 0.000000000000000000e+00
2.772448899999999838e+01 2.823882100000000150e+01 2.915538799999999853e+01 1.000000000000000000e+00
2.994007500000000022e+01 2.883228199999999930e+01 2.880590566666667129e+01 1.000000000000000000e+00
3.062255299999999991e+01 3.028131400000000184e+01 2.942903899999999950e+01 1.000000000000000000e+00
3.336235800000000040e+01 3.199245549999999838e+01 3.130832866666666803e+01 1.000000000000000000e+00
3.423992499999999950e+01 3.380114149999999995e+01 3.274161199999999639e+01 1.000000000000000000e+00
3.632288400000000195e+01 3.528140450000000072e+01 3.464172233333333395e+01 1.000000000000000000e+00
3.788014600000000343e+01 3.710151500000000624e+01 3.614765166666666829e+01 1.000000000000000000e+00
4.073677800000000104e+01 3.930846200000000579e+01 3.831326933333333784e+01 0.000000000000000000e+00
3.930846400000000074e+01 4.002262100000000089e+01 3.930846266666667077e+01 0.000000000000000000e+00
3.703704499999999911e+01 3.817275449999999637e+01 3.902742900000000503e+01 1.000000000000000000e+00
4.318930399999999992e+01 4.011317449999999951e+01 3.984493766666665948e+01 1.000000000000000000e+00
4.656206900000000104e+01 4.487568650000000048e+01 4.226280600000000476e+01 0.000000000000000000e+00
4.472147400000000061e+01 4.564177150000000438e+01 4.482428233333333623e+01 1.000000000000000000e+00
4.769626999999999839e+01 4.620887199999999950e+01 4.632660433333333572e+01 1.000000000000000000e+00
5.020346099999999723e+01 4.894986550000000136e+01 4.754040166666666778e+01 0.000000000000000000e+00
4.809424200000000127e+01 4.914885149999999925e+01 4.866465766666667037e+01 0.000000000000000000e+00
4.572838999999999743e+01 4.691131599999999935e+01 4.800869766666667005e+01 1.000000000000000000e+00
4.698559199999999691e+01 4.635699099999999362e+01 4.693607466666666284e+01 1.000000000000000000e+00
5.114634699999999867e+01 4.906596949999999424e+01 4.795344299999999294e+01 1.000000000000000000e+00
5.390023000000000053e+01 5.252328849999999960e+01 5.067738966666666300e+01 1.000000000000000000e+00
5.670399900000000315e+01 5.530211450000000184e+01 5.391685866666666271e+01 1.000000000000000000e+00
