1989-11-01,26.477270,26.590910,25.568180,26.534090,19.422577,648200
1989-12-01,26.420450,28.068180,26.363640,27.500000,20.129610,1381200
1990-01-01,27.443180,27.670450,25.909090,26.136360,19.131441,895200
1990-02-01,25.909090,26.590910,23.636360,25.056820,18.341234,1222200
1990-03-01,24.772730,25.397730,21.818180,22.897730,16.760818,1722200
1990-04-01,22.102270,24.943180,21.931820,24.147730,17.818392,1505400
1990-05-01,24.715910,26.590910,24.431820,25.795450,19.034233,751400
1990-06-01,25.795450,26.761360,24.715910,26.704550,19.705046,544600
1990-07-01,26.704550,27.954550,26.306820,26.818180,19.788893,662800
1990-08-01,26.306820,26.306820,21.306820,23.579550,17.399143,1119400
1990-09-01,23.011360,23.409090,18.295450,18.465910,13.625832,696000
1990-10-01,19.204550,24.147730,19.204550,22.670450,16.886824,1641600
1990-11-01,22.272730,22.897730,19.545450,20.340910,15.151587,1175800
1990-12-01,19.886360,21.079550,18.977270,19.545450,14.559069,1061000
1991-01-01,19.545450,22.045450,19.318180,21.647730,16.125015,1051600
1991-02-01,21.761360,24.943180,21.534090,23.636360,17.606314,2875600
1991-03-01,22.784090,23.636360,21.590910,21.647730,16.125015,1644800
1991-04-01,21.363640,22.897730,20.511360,20.909090,15.709310,1422600
1991-05-01,21.193180,21.193180,19.488640,20.795450,15.623928,891800
1991-06-01,20.681820,20.681820,19.147730,20.511360,15.410487,1224400
1991-07-01,21.306820,21.363640,20.170450,20.681820,15.538557,1231400
1991-08-01,20.681820,20.965910,17.500000,18.920450,14.215214,1974800
1991-09-01,18.977270,20.250000,17.500000,20.250000,15.214125,1125800
1991-10-01,20.375000,20.562500,19.375000,19.875000,15.053085,652000
1991-11-01,19.812500,19.937500,16.437500,16.437500,12.449566,1310200
1991-12-01,16.375000,17.312500,15.687500,17.312500,13.112279,1268400
1992-01-01,17.375000,19.000000,15.562500,16.812500,12.733587,3320600
1992-02-01,17.062500,17.437500,15.312500,15.687500,11.881526,2003000
1992-03-01,15.812500,15.875000,14.437500,15.375000,11.644842,1953200
1992-04-01,15.062500,16.375000,14.937500,16.187500,12.395824,1968400
1992-05-01,16.062500,17.125000,15.812500,16.875000,12.922291,1400200
1992-06-01,16.875000,17.250000,15.750000,16.375000,12.539405,1269600
1992-07-01,16.562500,17.125000,15.062500,15.625000,11.965083,3001400
1992-08-01,15.625000,16.937500,14.125000,16.687500,12.778708,2236400
1992-09-01,16.500000,17.437500,16.187500,16.750000,12.826571,2057000
1992-10-01,16.750000,17.062500,15.875000,16.187500,12.520097,1038600
1992-11-01,16.250000,16.500000,15.125000,16.375000,12.665117,1072400
1992-12-01,16.250000,17.437500,16.250000,17.062500,13.196858,2006200
1993-01-01,17.000000,17.062500,16.000000,16.312500,12.616784,1490400
1993-02-01,16.312500,17.125000,16.312500,16.750000,12.955161,1148200
1993-03-01,16.750000,19.500000,16.562500,19.187500,14.840427,2695200
1993-04-01,19.125000,22.500000,19.125000,22.437500,17.548885,2636200
1993-05-01,22.375000,22.500000,20.687500,21.062500,16.473461,1421600
1993-06-01,21.000000,21.937500,19.562500,20.062500,15.691341,1757000
1993-07-01,20.125000,21.500000,19.687500,21.187500,16.571226,718000
1993-08-01,21.062500,21.812500,20.875000,21.750000,17.011175,1185200
1993-09-01,21.875000,22.375000,20.750000,21.312500,16.668995,1326800
1993-10-01,21.375000,22.812500,21.000000,22.750000,17.960218,1192000
1993-11-01,22.687500,23.125000,20.937500,21.562500,17.022739,1386600
1993-12-01,22.375000,25.312500,22.312500,24.937500,19.687164,2041800
1994-01-01,24.750000,29.875000,24.687500,29.750000,23.486446,4986200
1994-02-01,29.500000,30.875000,27.562500,30.750000,24.275900,2678800
1994-03-01,30.500000,30.500000,28.062500,28.187500,22.252914,2783400
1994-04-01,27.875000,29.062500,27.750000,27.937500,22.220898,1251200
1994-05-01,27.875000,29.687500,27.125000,29.500000,23.463675,876400
1994-06-01,30.062500,30.687500,29.437500,30.375000,24.159636,1458800
1994-07-01,30.125000,31.625000,28.625000,29.625000,23.563103,1344400
1994-08-01,29.687500,30.312500,29.250000,30.312500,24.109922,856600
1994-09-01,30.437500,30.625000,29.000000,29.187500,23.215124,991400
1994-10-01,29.062500,30.250000,28.687500,30.187500,24.182142,1278800
1994-11-01,30.375000,30.437500,25.187500,26.562500,21.278290,2816600
1994-12-01,26.875000,28.125000,26.312500,28.062500,22.479874,1564600
1995-01-01,28.062500,28.062500,23.375000,23.500000,18.825016,1590800
1995-02-01,23.562500,24.312500,21.250000,21.812500,17.473221,2127200
1995-03-01,21.937500,24.750000,21.937500,24.437500,19.576019,1804000
1995-04-01,24.187500,26.250000,23.687500,25.437500,20.663088,1855000
1995-05-01,25.562500,25.937500,23.812500,24.500000,19.901550,1062000
1995-06-01,24.500000,25.250000,22.937500,24.250000,19.698471,1922600
1995-07-01,24.375000,27.687500,24.375000,27.125000,22.033855,2222600
1995-08-01,27.125000,29.125000,26.750000,27.562500,22.389238,1891200
1995-09-01,27.562500,27.625000,25.562500,26.437500,21.475391,1216000
1995-10-01,26.250000,26.437500,22.750000,22.875000,18.767183,1730400
1995-11-01,23.000000,26.937500,22.750000,26.937500,22.100140,1875200
1995-12-01,27.062500,30.750000,27.062500,30.687500,25.176737,1792000
1996-01-01,30.500000,33.125000,29.375000,31.000000,25.433111,2329200
1996-02-01,30.687500,31.375000,29.187500,29.250000,23.997379,2110200
1996-03-01,29.125000,30.437500,28.687500,30.375000,24.920353,1732600
1996-04-01,30.437500,32.437500,29.500000,32.250000,26.676788,3191000
1996-05-01,32.187500,32.687500,31.625000,32.062500,26.521690,1832000
1996-06-01,31.937500,33.312500,31.375000,33.062500,27.348879,1534400
1996-07-01,33.062500,33.125000,30.750000,32.000000,26.469995,1696600
1996-08-01,32.000000,32.750000,31.500000,31.625000,26.159800,972400
1996-09-01,31.437500,32.000000,31.250000,31.812500,26.314890,1198600
1996-10-01,31.812500,32.062500,30.125000,30.125000,25.103485,1494200
1996-11-01,29.937500,32.687500,29.437500,32.312500,26.926353,1247400
1996-12-01,31.937500,33.937500,31.875000,32.812500,27.343008,2017400
1997-01-01,32.750000,33.875000,31.687500,33.687500,28.072153,2510400
1997-02-01,33.125000,37.125000,32.937500,36.187500,30.155428,3595800
1997-03-01,36.062500,37.000000,34.187500,34.562500,28.801296,1726400
1997-04-01,34.750000,36.687500,34.750000,36.687500,30.822098,2074000
1997-05-01,36.687500,42.875000,36.562500,42.625000,35.810349,4389200
1997-06-01,42.750000,44.437500,42.562500,44.000000,36.965511,2713800
1997-07-01,43.375000,50.937500,42.531250,50.906250,42.767632,5250400
1997-08-01,51.375000,51.843750,43.437500,44.062500,37.018017,4410600
1997-09-01,44.187500,47.625000,44.187500,46.968750,39.459633,3035600
1997-10-01,48.000000,49.218750,37.250000,42.187500,35.607090,6723200
1997-11-01,42.625000,44.312500,38.000000,41.750000,35.237843,4291400
1997-12-01,42.687500,46.343750,41.375000,45.375000,38.297417,3823400
1998-01-01,45.468750,48.593750,43.875000,46.937500,39.616203,3984400
1998-02-01,47.250000,48.125000,43.437500,45.218750,38.165535,3974600
1998-03-01,45.218750,45.718750,41.156250,42.531250,35.897221,4418000
1998-04-01,42.937500,44.656250,41.187500,42.468750,36.061573,5785600
1998-05-01,41.906250,43.218750,39.937500,41.906250,35.583942,4546800
1998-06-01,40.968750,43.218750,38.750000,43.031250,36.539211,4567200
1998-07-01,43.437500,48.500000,42.187500,42.500000,36.088112,4925000
1998-08-01,42.000000,42.343750,35.218750,35.343750,30.011511,4574000
1998-09-01,36.875000,39.875000,33.468750,34.343750,29.162374,4561200
1998-10-01,33.000000,37.343750,30.125000,32.937500,28.141090,6660800
1998-11-01,34.500000,38.437500,33.187500,36.562500,31.238203,8903000
1998-12-01,36.250000,38.000000,35.437500,36.000000,30.757607,4446200
1999-01-01,35.750000,36.812500,32.750000,36.531250,31.211517,8866800
1999-02-01,36.468750,38.250000,35.843750,37.343750,31.905703,4477400
1999-03-01,37.125000,50.375000,36.562500,45.656250,39.007706,20439800
1999-04-01,47.375000,52.156250,46.031250,46.250000,39.690727,11744800
1999-05-01,46.250000,47.718750,44.687500,46.718750,40.093014,5404200
1999-06-01,46.718750,55.250000,44.625000,55.187500,47.360699,6559000
1999-07-01,55.812500,63.437500,54.968750,62.593750,53.716583,10159800
1999-08-01,62.250000,68.312500,59.000000,63.656250,54.628399,6850600
1999-09-01,65.000000,80.250000,63.968750,75.031250,64.390160,10608000
1999-10-01,77.625000,79.875000,71.625000,79.875000,68.784004,4783600
1999-11-01,79.375000,96.000000,77.875000,92.093750,79.306114,7452000
1999-12-01,90.250000,147.937500,88.687500,142.375000,122.605568,12294800
2000-01-01,142.625000,145.843750,104.250000,126.500000,108.934891,29402400
2000-02-01,126.468750,157.375000,125.000000,156.750000,134.984543,13487400
2000-03-01,150.500000,156.500000,108.500000,140.062500,120.614189,22534800
2000-04-01,141.250000,141.250000,111.562500,112.812500,97.341820,14814200
2000-05-01,113.500000,117.406250,88.750000,91.187500,78.682373,13007100
2000-06-01,91.000000,104.937500,89.000000,94.312500,81.378799,9589300
2000-07-01,97.437500,105.437500,90.437500,93.937500,81.055252,5912400
2000-08-01,92.500000,115.500000,90.562500,114.250000,98.582169,6372500
2000-09-01,114.500000,116.312500,94.062500,100.937500,87.095306,8161900
2000-10-01,100.937500,100.937500,81.125000,83.000000,71.695717,9019900
2000-11-01,84.250000,88.562500,72.062500,74.500000,64.353394,8253000
2000-12-01,75.000000,81.937500,67.000000,69.500000,60.034359,7091300
2001-01-01,69.250000,78.375000,67.375000,73.550003,63.532776,8711800
2001-02-01,73.400002,74.190002,69.260002,71.510002,61.770607,5650800
2001-03-01,70.050003,77.599998,65.400002,72.250000,62.409836,8367700
2001-04-01,70.000000,78.000000,67.419998,76.650002,66.304817,7160700
2001-05-01,77.000000,85.750000,76.500000,78.099998,67.559120,8959100
2001-06-01,78.099998,79.599998,65.150002,65.800003,56.919189,34633500
2001-07-01,65.900002,66.000000,46.250000,49.520000,42.836456,11928800
2001-08-01,49.900002,52.720001,44.500000,44.900002,38.839993,6735100
2001-09-01,44.000000,44.689999,33.020000,33.200001,28.719109,8860400
2001-10-01,33.700001,42.500000,32.799999,38.200001,33.136372,11083100
2001-11-01,38.299999,48.849998,37.910000,47.700001,41.377090,9006800
2001-12-01,46.200001,50.250000,43.169998,45.099998,39.121735,7238400
2002-01-01,45.349998,49.680000,42.750000,44.759998,38.826809,8371100
2002-02-01,43.500000,47.849998,40.599998,46.200001,40.075928,5023100
2002-03-01,47.189999,57.099998,47.150002,51.700001,44.846874,7593600
2002-04-01,50.480000,56.439999,50.250000,54.200001,47.115398,5524000
2002-05-01,53.849998,59.950001,52.650002,58.110001,50.514320,7397900
2002-06-01,57.500000,58.009998,47.910000,53.099998,46.159184,6357100
2002-07-01,52.099998,53.490002,43.799999,45.330002,39.404819,8875100
2002-08-01,44.750000,46.450001,42.009998,43.509998,37.822712,6690300
2002-09-01,42.299999,45.180000,40.200001,41.099998,35.727726,6927500
2002-10-01,41.599998,45.840000,39.790001,43.240002,37.689301,8635100
2002-11-01,43.400002,45.779999,40.520000,44.349998,38.656803,7828000
2002-12-01,44.900002,45.049999,40.880001,41.310001,36.007046,6731300
2003-01-01,41.419998,43.400002,39.330002,39.950001,34.821644,6137000
2003-02-01,39.950001,40.150002,37.660000,37.970001,33.095810,4803500
2003-03-01,38.139999,38.310001,34.849998,35.130001,30.620386,7591400
2003-04-01,35.000000,35.820000,23.160000,24.740000,21.633245,44687600
2003-05-01,24.360001,27.440001,24.010000,27.340000,23.906748,54726700
2003-06-01,28.000000,29.990000,27.600000,28.000000,24.483866,38481100
2003-07-01,28.400000,34.380001,28.330000,31.200001,27.282024,39930900
2003-08-01,31.180000,33.400002,29.389999,32.950001,28.812267,19163100
2003-09-01,33.700001,38.299999,33.459999,34.799999,30.429949,26740500
2003-10-01,34.840000,38.040001,33.970001,35.200001,30.889696,26880300
2003-11-01,35.700001,37.049999,33.650002,34.349998,30.143776,15433400
2003-12-01,34.000000,34.889999,32.419998,34.669998,30.424593,17422500
2004-01-01,34.889999,42.000000,34.810001,40.650002,35.672325,20397500
2004-02-01,40.279999,42.810001,39.520000,40.939999,35.926811,11515500
2004-03-01,41.750000,42.150002,38.290001,41.810001,36.690289,13061700
2004-04-01,41.250000,43.669998,38.130001,38.400002,33.810226,12264200
2004-05-01,38.500000,39.340000,33.950001,36.869999,32.463085,11531800
2004-06-01,36.660000,38.290001,35.360001,38.049999,33.502048,7208500
2004-07-01,38.040001,38.500000,34.029999,34.650002,30.508450,10235100
2004-08-01,35.000000,35.259998,32.349998,34.669998,30.526045,11847500
2004-09-01,34.599998,36.490002,33.400002,34.389999,30.279514,8685200
2004-10-01,34.400002,35.400002,33.770000,34.849998,30.786978,8878800
2004-11-01,34.630001,36.799999,34.500000,36.360001,32.120930,9439800
2004-12-01,35.849998,39.200001,35.750000,38.959999,34.417797,16470800
2005-01-01,38.959999,39.529999,36.259998,37.020000,32.703976,18177700
2005-02-01,36.900002,38.310001,36.459999,37.790001,33.384209,9709700
2005-03-01,38.040001,41.810001,37.849998,40.020000,35.354225,39297300
2005-04-01,39.950001,40.790001,35.770000,36.709999,32.524357,20180500
2005-05-01,37.250000,38.450001,36.299999,37.270000,33.020508,12833300
2005-06-01,37.160000,37.630001,34.380001,34.439999,30.513184,17495300
2005-07-01,34.639999,35.830002,32.380001,32.509998,28.803236,15493000
2005-08-01,32.650002,34.590000,32.570000,33.619999,29.786671,12805500
2005-09-01,33.520000,36.740002,33.000000,33.189999,29.405701,15743300
2005-10-01,33.080002,34.630001,31.799999,32.799999,29.157568,11721400
2005-11-01,32.910000,37.459999,32.450001,37.009998,32.900036,12118100
2005-12-01,37.180000,41.299999,36.200001,40.799999,36.269169,14872300
2006-01-01,41.250000,51.160000,40.900002,48.900002,43.469666,33723500
2006-02-01,47.549999,49.950001,45.570000,46.880001,41.673977,17496500
2006-03-01,47.000000,48.009998,44.389999,46.070000,40.953930,17742600
2006-04-01,46.950001,52.290001,45.700001,48.939999,43.609116,11162400
2006-05-01,48.599998,50.880001,44.750000,45.169998,40.249767,12475500
2006-06-01,43.910000,46.900002,40.669998,44.040001,39.242867,18214600
2006-07-01,43.790001,46.400002,39.299999,45.990002,40.980453,14808700
2006-08-01,45.200001,46.169998,42.259998,43.410000,38.681484,15240200
2006-09-01,43.500000,44.090000,40.270000,40.360001,35.963718,13270300
2006-10-01,39.869999,42.369999,37.240002,40.980000,36.612301,38105600
2006-11-01,41.400002,41.400002,38.500000,39.410000,35.209629,26512000
2006-12-01,39.730000,43.779999,39.270000,42.830002,38.265118,19630400
2007-01-01,42.900002,48.009998,42.730000,46.330002,41.392086,33737900
2007-02-01,47.139999,53.340000,47.130001,51.730000,46.216545,25746700
2007-03-01,51.599998,53.240002,48.279999,50.490002,45.108711,25608600
2007-04-01,50.270000,55.540001,49.770000,53.259998,47.676693,17278200
2007-05-01,52.939999,59.840000,52.509998,57.700001,51.651257,16518100
2007-06-01,57.200001,57.330002,50.439999,51.369999,45.984833,18014800
2007-07-01,52.599998,54.119999,50.320000,52.740002,47.211216,18816400
2007-08-01,51.840000,52.419998,43.860001,47.779999,42.771179,27966000
2007-09-01,48.349998,49.900002,45.540001,48.060001,43.021820,15725800
2007-10-01,48.200001,51.279999,44.570000,49.459999,44.383797,21774900
2007-11-01,50.200001,55.560001,46.480000,53.970001,48.430935,20321700
2007-12-01,54.400002,56.750000,52.610001,54.299999,48.727055,16140200
2008-01-01,54.299999,57.189999,45.529999,47.500000,42.624958,33382500
2008-02-01,45.570000,50.000000,42.730000,47.209999,42.364723,27325100
2008-03-01,46.480000,47.480000,39.910000,40.070000,35.957520,23413600
2008-04-01,41.070000,46.389999,39.520000,45.790001,41.205578,18222500
2008-05-01,46.020000,50.810001,44.549999,50.389999,45.345013,17363500
2008-06-01,51.770000,52.360001,43.110001,43.740002,39.360806,21160200
2008-07-01,43.000000,43.650002,37.200001,37.669998,33.898518,21964000
2008-08-01,37.799999,40.150002,36.900002,38.200001,34.375465,12513100
2008-09-01,37.529999,38.520000,29.709999,30.870001,27.779335,22651700
2008-10-01,30.400000,30.639999,19.120001,23.240000,21.054136,55176400
2008-11-01,23.370001,25.500000,18.139999,19.379999,17.557192,31454100
2008-12-01,19.070000,21.889999,18.090000,21.870001,19.812994,32158700
2009-01-01,21.799999,24.320000,18.820000,19.219999,17.412241,43438300
2009-02-01,19.219999,21.139999,15.640000,16.559999,15.002430,38653400
2009-03-01,16.860001,22.969999,16.219999,20.629999,18.689623,49513400
2009-04-01,21.500000,26.940001,21.270000,25.860001,23.561792,38351700
2009-05-01,26.010000,28.090000,25.270000,26.230000,23.898905,27153200
2009-06-01,26.920000,28.219999,25.190001,25.860001,23.561792,20269700
2009-07-01,25.969999,28.209999,23.600000,27.959999,25.475159,24515900
2009-08-01,28.250000,29.000000,26.059999,26.740000,24.363583,18240200
2009-09-01,26.600000,30.150000,25.980000,29.200001,26.604961,19676400
2009-10-01,28.700001,30.820000,26.629999,29.389999,26.912397,26879400
2009-11-01,29.000000,29.510000,26.250000,26.690001,24.440006,17477600
2009-12-01,27.100000,29.580000,26.760000,29.000000,26.555273,14090900
2010-01-01,29.520000,34.990002,29.500000,33.230000,30.428682,20125400
2010-02-01,34.000000,35.590000,32.939999,34.110001,31.234503,18378500
2010-03-01,34.400002,40.450001,34.400002,38.320000,35.089592,21045900
2010-04-01,38.490002,38.669998,34.160000,34.220001,31.448404,18502700
2010-05-01,34.290001,34.700001,29.850000,30.780001,28.287022,30985200
2010-06-01,30.469999,30.950001,26.580000,26.680000,24.519096,31985400
2010-07-01,26.219999,32.090000,25.850000,31.219999,28.691385,29690600
2010-08-01,31.950001,32.189999,27.860001,27.990000,25.722996,18798700
2010-09-01,28.350000,31.629999,28.340000,30.920000,28.415684,16633900
2010-10-01,30.799999,34.259998,30.230000,33.840000,31.287369,19005800
2010-11-01,32.930000,35.660000,32.369999,35.480000,32.803658,19224700
2010-12-01,36.209999,36.880001,35.070000,35.709999,33.016315,13744200
2011-01-01,36.169998,36.490002,34.060001,34.340000,31.749649,15505500
2011-02-01,34.610001,36.970001,34.490002,36.840000,34.061077,16353000
2011-03-01,36.720001,36.810001,28.950001,31.830000,29.428989,30958900
2011-04-01,31.820000,32.090000,27.850000,28.309999,26.334396,24944200
2011-05-01,28.690001,29.100000,25.900000,26.740000,24.873957,23292200
2011-06-01,26.860001,26.860001,24.209999,26.389999,24.548384,22418900
2011-07-01,26.420000,27.320000,24.930000,25.100000,23.348406,16802400
2011-08-01,25.330000,25.559999,20.139999,21.950001,20.418228,38617900
2011-09-01,22.070000,22.219999,18.389999,19.000000,17.674093,22203400
2011-10-01,18.809999,22.490000,18.100000,20.969999,19.673214,27444800
2011-11-01,19.799999,20.100000,16.160000,18.049999,16.933788,31731600
2011-12-01,17.980000,18.610001,16.670000,18.040001,16.924410,25482400
2012-01-01,18.280001,18.750000,16.750000,18.219999,17.093275,20722600
2012-02-01,18.059999,22.350000,16.850000,21.389999,20.067244,34961500
2012-03-01,21.490000,22.049999,20.010000,20.770000,19.485580,30027000
2012-04-01,20.559999,20.830000,16.110001,16.209999,15.354643,40630700
2012-05-01,15.850000,16.070000,12.970000,13.240000,12.541364,44581900
2012-06-01,12.750000,14.470000,12.630000,14.240000,13.488596,34567700
2012-07-01,14.180000,14.310000,11.210000,12.150000,11.508879,29240300
2012-08-01,12.110000,12.400000,10.910000,11.310000,10.713204,40383000
2012-09-01,11.330000,13.600000,11.020000,11.700000,11.082623,45995000
2012-10-01,11.860000,12.400000,11.300000,11.740000,11.258747,30417000
2012-11-01,11.690000,11.970000,9.590000,9.740000,9.340731,59594300
2012-12-01,9.720000,11.300000,9.570000,11.200000,10.740881,44165900
2013-01-01,11.460000,15.490000,10.590000,14.940000,14.327570,109153400
2013-02-01,14.710000,15.930000,13.750000,14.580000,13.982327,70563600
2013-03-01,14.980000,18.059999,14.850000,17.400000,16.686729,77777400
2013-04-01,16.870001,17.510000,16.090000,16.430000,15.896513,60164900
2013-05-01,16.270000,23.379999,16.200001,20.150000,19.495724,167098700
2013-06-01,19.400000,21.600000,18.590000,21.190001,20.501957,92557800
2013-07-01,21.500000,23.100000,20.719999,21.040001,20.356827,45988300
2013-08-01,21.930000,22.250000,19.530001,19.959999,19.311893,49440100
2013-09-01,20.400000,21.940001,20.360001,21.520000,20.821241,43853400
2013-10-01,21.379999,21.500000,16.660000,17.250000,16.789297,61014300
2013-11-01,17.010000,19.160000,16.520000,18.299999,17.811255,75161900
2013-12-01,18.490000,18.750000,17.030001,17.290001,16.828228,39312400
2014-01-01,17.330000,18.320000,15.550000,15.750000,15.329360,69318700
2014-02-01,15.600000,17.660000,15.230000,17.549999,17.081284,60366300
2014-03-01,17.200001,19.250000,16.920000,19.120001,18.609356,48979200
2014-04-01,19.420000,19.459999,17.459999,17.639999,17.284323,31101200
2014-05-01,16.850000,17.730000,15.930000,16.180000,15.853762,53419800
2014-06-01,16.309999,17.010000,15.960000,16.770000,16.431862,50917400
2014-07-01,16.860001,19.110001,16.430000,18.430000,18.058395,52494100
2014-08-01,18.070000,19.180000,17.160000,19.110001,18.724684,45022400
2014-09-01,19.320000,20.350000,17.219999,18.040001,17.676260,76445100
2014-10-01,17.889999,19.900000,16.570000,19.820000,19.420366,60838500
2014-11-01,19.639999,22.049999,19.520000,21.990000,21.546614,55122400
2014-12-01,22.250000,22.320000,19.709999,20.469999,20.057261,48433200
2015-01-01,20.469999,23.910000,20.150000,23.290001,22.820402,46341100
2015-02-01,22.959999,28.650000,22.910000,28.320000,27.748981,48073300
2015-03-01,27.950001,28.299999,25.680000,26.780001,26.240036,31998200
2015-04-01,27.459999,32.599998,27.000000,30.230000,29.620468,46305600
2015-05-01,30.309999,32.950001,29.770000,30.920000,30.296558,29542800
2015-06-01,30.860001,31.700001,28.320000,28.389999,27.817570,24577500
2015-07-01,28.469999,29.990000,26.770000,28.350000,27.778376,41585700
2015-08-01,27.910000,27.980000,21.510000,25.860001,25.338583,27560700
2015-09-01,25.129999,26.860001,23.260000,25.410000,24.897655,43220300
2015-10-01,24.799999,29.080000,24.530001,28.400000,27.917599,24027200
2015-11-01,28.540001,29.080000,25.830000,25.920000,25.479725,13899900
2015-12-01,26.200001,26.360001,23.969999,24.610001,24.191977,25759500
2016-01-01,24.450001,25.719999,19.900000,23.879999,23.474377,45561800
2016-02-01,23.240000,23.330000,20.110001,21.120001,20.761259,27120900
2016-03-01,21.290001,26.490000,21.240000,25.719999,25.283121,31931900
2016-04-01,24.770000,28.170000,23.950001,24.100000,23.774717,39742600
2016-05-01,24.950001,28.110001,23.620001,27.860001,27.483967,35696500
2016-06-01,27.860001,29.450001,26.840000,29.350000,28.953856,25443700
2016-07-01,29.170000,33.500000,29.030001,33.410000,32.959057,27261200
2016-08-01,33.000000,33.700001,32.000000,32.160000,31.725929,20687100
2016-09-01,32.000000,34.169998,31.700001,33.209999,32.761757,20044800
2016-10-01,32.970001,33.669998,31.120001,31.330000,30.988522,17948600
2016-11-01,31.580000,31.830000,29.070000,29.070000,28.753153,22764000
2016-12-01,28.500000,29.730000,27.719999,28.030001,27.724489,16580600
2017-01-01,28.100000,31.200001,28.040001,30.270000,29.940075,18723000
2017-02-01,30.190001,32.220001,30.070000,30.959999,30.622553,14554200
2017-03-01,31.260000,33.779999,30.719999,33.730000,33.362358,14863600
2017-04-01,32.970001,34.590000,31.320000,34.520000,34.239925,16111200
2017-05-01,34.639999,36.820000,34.389999,36.619999,36.322884,22811300
2017-06-01,36.389999,38.939999,36.320000,38.189999,37.880146,21274600
2017-07-01,38.330002,41.650002,37.320000,41.070000,40.736778,15866900
2017-08-01,41.490002,41.630001,38.130001,39.630001,39.308464,15361100
2017-09-01,39.830002,40.490002,36.380001,37.340000,37.037045,14724900
2017-10-01,37.290001,45.250000,36.250000,43.410000,43.189304,21188200
2017-11-01,43.570000,48.330002,43.330002,46.799999,46.562069,21430100
2017-12-01,45.860001,46.340000,44.369999,44.950001,44.721474,15278100
2018-01-01,45.439999,51.939999,45.240002,47.939999,47.696270,23628600
2018-02-01,48.580002,53.910000,45.330002,50.459999,50.203461,28753800
2018-03-01,49.799999,51.590000,47.549999,48.340000,48.094242,25875800
2018-04-01,48.419998,50.610001,44.529999,45.830002,45.728390,29304700
2018-05-01,46.000000,48.980000,45.630001,47.090000,46.985592,22663800
2018-06-01,47.349998,51.840000,47.349998,51.259998,51.146347,19467700
2018-07-01,50.400002,55.500000,48.509998,54.020000,53.900230,16862200
2018-08-01,54.830002,57.220001,53.080002,56.830002,56.703999,21886700
2018-09-01,56.400002,61.000000,55.189999,60.650002,60.515530,20631000
