2.390152000000000054e+00 2.530200999999999922e+00 2.691119333333333419e+00 0.000000000000000000e+00
2.116579000000000210e+00 2.253365500000000132e+00 2.392326999999999870e+00 0.000000000000000000e+00
2.591727999999999810e+00 2.354153499999999788e+00 2.366153000000000173e+00 1.000000000000000000e+00
2.442972000000000143e+00 2.517349999999999977e+00 2.383759666666666721e+00 0.000000000000000000e+00
2.682907000000000153e+00 2.562939500000000148e+00 2.572535666666666554e+00 1.000000000000000000e+00
2.624741000000000213e+00 2.653824000000000183e+00 2.583540000000000170e+00 0.000000000000000000e+00
2.679176000000000002e+00 2.651958500000000107e+00 2.662274666666666789e+00 1.000000000000000000e+00
2.090348000000000095e+00 2.384762000000000270e+00 2.464755000000000251e+00 0.000000000000000000e+00
1.759131000000000000e+00 1.924739500000000048e+00 2.176218333333333366e+00 0.000000000000000000e+00
1.946177000000000046e+00 1.852654000000000023e+00 1.931885333333333454e+00 1.000000000000000000e+00
2.350381000000000054e+00 2.148279000000000050e+00 2.018562999999999885e+00 1.000000000000000000e+00
2.118336999999999914e+00 2.234358999999999984e+00 2.138298333333333190e+00 0.000000000000000000e+00
2.384161000000000197e+00 2.251249000000000056e+00 2.284292999999999907e+00 1.000000000000000000e+00
2.725840999999999958e+00 2.555000999999999856e+00 2.409446333333333357e+00 1.000000000000000000e+00
2.930846999999999980e+00 2.828343999999999969e+00 2.680282999999999749e+00 1.000000000000000000e+00
3.213268999999999931e+00 3.072058000000000177e+00 2.956652333333332994e+00 1.000000000000000000e+00
3.359325000000000117e+00 3.286297000000000246e+00 3.167813666666666972e+00 1.000000000000000000e+00
3.259393000000000207e+00 3.309359000000000162e+00 3.277329000000000381e+00 0.000000000000000000e+00
3.006917000000000062e+00 3.133155000000000356e+00 3.208545000000000424e+00 0.000000000000000000e+00
3.278861000000000026e+00 3.142889000000000266e+00 3.181723666666666617e+00 1.000000000000000000e+00
2.983607999999999816e+00 3.131234499999999699e+00 3.089795333333333449e+00 0.000000000000000000e+00
2.820127999999999968e+00 2.901867999999999892e+00 3.027532333333333270e+00 0.000000000000000000e+00
2.875115999999999783e+00 2.847621999999999876e+00 2.892950666666666226e+00 1.000000000000000000e+00
2.843694000000000166e+00 2.859404999999999752e+00 2.846312666666666491e+00 0.000000000000000000e+00
2.712115999999999971e+00 2.777905000000000069e+00 2.810308666666666344e+00 0.000000000000000000e+00
2.910950999999999844e+00 2.811533499999999908e+00 2.822253666666666660e+00 1.000000000000000000e+00
3.276807999999999943e+00 3.093879499999999894e+00 2.966625000000000068e+00 1.000000000000000000e+00
2.751860000000000195e+00 3.014333999999999847e+00 2.979872999999999994e+00 0.000000000000000000e+00
2.252985999999999933e+00 2.502423000000000286e+00 2.760551333333333357e+00 0.000000000000000000e+00
2.116197000000000106e+00 2.184591499999999797e+00 2.373680999999999930e+00 0.000000000000000000e+00
1.760124999999999940e+00 1.938161000000000023e+00 2.043102666666666511e+00 0.000000000000000000e+00
1.711006000000000027e+00 1.735565499999999872e+00 1.862442666666666691e+00 0.000000000000000000e+00
1.588206000000000007e+00 1.649605999999999906e+00 1.686445666666666510e+00 0.000000000000000000e+00
1.669896000000000047e+00 1.629051000000000027e+00 1.656369333333333360e+00 1.000000000000000000e+00
2.003874999999999851e+00 1.836885499999999949e+00 1.753992333333333375e+00 1.000000000000000000e+00
2.312805000000000000e+00 2.158339999999999925e+00 1.995525333333333151e+00 1.000000000000000000e+00
2.206704999999999917e+00 2.259755000000000180e+00 2.174461666666666293e+00 0.000000000000000000e+00
1.848861000000000088e+00 2.027782999999999891e+00 2.122790333333333557e+00 0.000000000000000000e+00
1.848861000000000088e+00 1.848861000000000088e+00 1.968142333333333438e+00 0.000000000000000000e+00
1.834980999999999973e+00 1.841921000000000141e+00 1.844234333333333309e+00 0.000000000000000000e+00
2.061094000000000204e+00 1.948037500000000088e+00 1.914978666666667051e+00 1.000000000000000000e+00
2.243721999999999994e+00 2.152408000000000321e+00 2.046599000000000057e+00 1.000000000000000000e+00
2.164747000000000199e+00 2.204234500000000097e+00 2.156521000000000132e+00 0.000000000000000000e+00
2.182491999999999877e+00 2.173619500000000038e+00 2.196987000000000023e+00 1.000000000000000000e+00
2.093773000000000106e+00 2.138132500000000213e+00 2.147004000000000357e+00 0.000000000000000000e+00
2.361431000000000058e+00 2.227602000000000082e+00 2.212565333333333495e+00 1.000000000000000000e+00
2.261908000000000030e+00 2.311669499999999822e+00 2.239037333333333546e+00 0.000000000000000000e+00
2.307145999999999919e+00 2.284526999999999752e+00 2.310161666666666225e+00 1.000000000000000000e+00
2.152940000000000076e+00 2.230043000000000220e+00 2.240664666666666527e+00 0.000000000000000000e+00
2.272548000000000012e+00 2.212743999999999822e+00 2.244211333333333780e+00 1.000000000000000000e+00
2.244946000000000108e+00 2.258747000000000060e+00 2.223478000000000065e+00 0.000000000000000000e+00
2.276121999999999979e+00 2.260533999999999821e+00 2.264538666666666700e+00 1.000000000000000000e+00
2.603956999999999855e+00 2.440039500000000139e+00 2.375008333333333166e+00 1.000000000000000000e+00
2.594590000000000174e+00 2.599273499999999792e+00 2.491556333333333484e+00 0.000000000000000000e+00
2.788701000000000096e+00 2.691645499999999913e+00 2.662415999999999894e+00 1.000000000000000000e+00
2.864841999999999889e+00 2.826771499999999993e+00 2.749377666666666276e+00 1.000000000000000000e+00
2.817253000000000007e+00 2.841047500000000170e+00 2.823598666666666812e+00 0.000000000000000000e+00
3.015124000000000137e+00 2.916188500000000072e+00 2.899073000000000011e+00 1.000000000000000000e+00
3.198736999999999941e+00 3.106930499999999817e+00 3.010371333333333510e+00 1.000000000000000000e+00
3.015124000000000137e+00 3.106930499999999817e+00 3.076328333333333109e+00 0.000000000000000000e+00
2.283433000000000046e+00 2.649278500000000314e+00 2.832431333333333523e+00 0.000000000000000000e+00
2.469637000000000082e+00 2.376535000000000064e+00 2.589398000000000533e+00 1.000000000000000000e+00
2.430435999999999819e+00 2.450036499999999950e+00 2.394501999999999686e+00 0.000000000000000000e+00
2.565433000000000074e+00 2.497934499999999947e+00 2.488501999999999992e+00 1.000000000000000000e+00
2.575416000000000150e+00 2.570424500000000112e+00 2.523761666666666681e+00 0.000000000000000000e+00
2.715167999999999804e+00 2.645291999999999977e+00 2.618672333333333047e+00 1.000000000000000000e+00
3.152843999999999980e+00 2.934006000000000114e+00 2.814476000000000422e+00 1.000000000000000000e+00
3.523766000000000176e+00 3.338305000000000078e+00 3.130592666666666801e+00 1.000000000000000000e+00
3.451642999999999795e+00 3.487704499999999985e+00 3.376084333333333465e+00 0.000000000000000000e+00
3.689207000000000125e+00 3.570425000000000182e+00 3.554872000000000032e+00 1.000000000000000000e+00
4.365736000000000061e+00 4.027471499999999871e+00 3.835528666666666808e+00 1.000000000000000000e+00
4.260029000000000288e+00 4.312882500000000618e+00 4.104990666666666677e+00 0.000000000000000000e+00
4.732562999999999853e+00 4.496296000000000070e+00 4.452776000000000067e+00 1.000000000000000000e+00
4.593683999999999656e+00 4.663123499999999311e+00 4.528758666666666599e+00 0.000000000000000000e+00
4.850075999999999610e+00 4.721879999999999633e+00 4.725440999999999114e+00 1.000000000000000000e+00
5.635570000000000412e+00 5.242822999999999567e+00 5.026443333333332930e+00 1.000000000000000000e+00
6.553238000000000341e+00 6.094404000000000821e+00 5.679628000000000121e+00 1.000000000000000000e+00
6.304929999999999701e+00 6.429083999999999577e+00 6.164579333333333189e+00 0.000000000000000000e+00
5.743700999999999723e+00 6.024315500000000156e+00 6.200623000000000218e+00 0.000000000000000000e+00
6.093130999999999631e+00 5.918415999999999677e+00 6.047253999999999685e+00 1.000000000000000000e+00
6.988533999999999580e+00 6.540832499999999605e+00 6.275121999999999645e+00 1.000000000000000000e+00
6.497082999999999942e+00 6.742808499999999761e+00 6.526249333333332459e+00 0.000000000000000000e+00
6.475133999999999723e+00 6.486108500000000276e+00 6.653583666666666119e+00 0.000000000000000000e+00
6.431236000000000175e+00 6.453184999999999505e+00 6.467817666666666021e+00 0.000000000000000000e+00
6.601620999999999739e+00 6.516428499999999957e+00 6.502663666666665954e+00 1.000000000000000000e+00
6.137959999999999638e+00 6.369790499999999689e+00 6.390272333333332888e+00 0.000000000000000000e+00
6.712017999999999596e+00 6.424989000000000061e+00 6.483866333333332399e+00 1.000000000000000000e+00
7.033566000000000429e+00 6.872792000000000456e+00 6.627848000000000184e+00 1.000000000000000000e+00
8.231714000000000198e+00 7.632640000000000313e+00 7.325766000000000666e+00 1.000000000000000000e+00
8.198427000000000575e+00 8.215070499999999498e+00 7.821235666666666475e+00 0.000000000000000000e+00
8.067992000000000274e+00 8.133209499999999537e+00 8.166044333333333682e+00 0.000000000000000000e+00
8.079152999999999807e+00 8.073572500000000929e+00 8.115190666666665109e+00 0.000000000000000000e+00
7.588148999999999589e+00 7.833650999999999698e+00 7.911764666666667445e+00 0.000000000000000000e+00
7.095303000000000360e+00 7.341725999999999530e+00 7.587534999999999918e+00 0.000000000000000000e+00
6.848311999999999955e+00 6.971807500000000601e+00 7.177254666666666338e+00 0.000000000000000000e+00
6.477827999999999697e+00 6.663069999999999382e+00 6.807147666666666375e+00 0.000000000000000000e+00
7.011486999999999803e+00 6.744657499999999750e+00 6.779208999999998930e+00 1.000000000000000000e+00
8.504257000000000843e+00 7.757872000000000767e+00 7.331190666666667077e+00 1.000000000000000000e+00
8.809597999999999374e+00 8.656927500000000109e+00 8.108447333333332452e+00 1.000000000000000000e+00
8.279502000000000805e+00 8.544550000000000978e+00 8.531119000000000341e+00 0.000000000000000000e+00
8.711671000000000831e+00 8.495586500000001706e+00 8.600257000000000929e+00 1.000000000000000000e+00
8.734419000000000821e+00 8.723045000000000826e+00 8.575197333333335337e+00 0.000000000000000000e+00
7.880257000000000289e+00 8.307338000000001443e+00 8.442115666666667906e+00 0.000000000000000000e+00
6.824969000000000285e+00 7.352612999999999843e+00 7.813215000000000465e+00 0.000000000000000000e+00
5.758206999999999631e+00 6.291587999999999958e+00 6.821144333333332810e+00 0.000000000000000000e+00
5.998755000000000059e+00 5.878480999999999845e+00 6.193977000000000288e+00 1.000000000000000000e+00
8.094846000000000430e+00 7.046800499999999801e+00 6.617269333333332781e+00 1.000000000000000000e+00
9.611905999999999395e+00 8.853376000000000801e+00 7.901835666666666036e+00 1.000000000000000000e+00
1.077060900000000032e+01 1.019125749999999897e+01 9.492453666666667900e+00 1.000000000000000000e+00
1.068883600000000023e+01 1.072972250000000116e+01 1.035711700000000057e+01 0.000000000000000000e+00
1.397142299999999970e+01 1.233012949999999996e+01 1.181028933333333519e+01 1.000000000000000000e+00
1.578229100000000074e+01 1.487685700000000111e+01 1.348084999999999845e+01 1.000000000000000000e+00
1.557093099999999986e+01 1.567661100000000118e+01 1.510821500000000128e+01 0.000000000000000000e+00
1.813085399999999936e+01 1.685089250000000050e+01 1.649469200000000058e+01 1.000000000000000000e+00
1.901106599999999958e+01 1.857095999999999947e+01 1.757095033333333234e+01 1.000000000000000000e+00
2.021549399999999963e+01 1.961327999999999960e+01 1.911913799999999952e+01 1.000000000000000000e+00
2.264796799999999877e+01 2.143173099999999920e+01 2.062484266666666599e+01 1.000000000000000000e+00
2.252573399999999992e+01 2.258685099999999935e+01 2.179639866666666492e+01 0.000000000000000000e+00
2.934024199999999993e+01 2.593298800000000170e+01 2.483798133333333169e+01 1.000000000000000000e+00
3.378860499999999689e+01 3.156442349999999664e+01 2.855152700000000365e+01 1.000000000000000000e+00
2.805734800000000106e+01 3.092297649999999720e+01 3.039539833333333263e+01 0.000000000000000000e+00
2.426581600000000094e+01 2.616158200000000278e+01 2.870392299999999963e+01 0.000000000000000000e+00
3.170670499999999947e+01 2.798626050000000021e+01 2.800995633333333501e+01 1.000000000000000000e+00
2.760720799999999997e+01 2.965695649999999972e+01 2.785990966666666679e+01 0.000000000000000000e+00
2.314447799999999944e+01 2.537584299999999971e+01 2.748613033333333533e+01 0.000000000000000000e+00
2.563695699999999889e+01 2.439071750000000094e+01 2.546288099999999943e+01 1.000000000000000000e+00
2.608274499999999918e+01 2.585985099999999903e+01 2.495472666666666939e+01 1.000000000000000000e+00
3.169910199999999989e+01 2.889092349999999954e+01 2.780626799999999932e+01 1.000000000000000000e+00
2.936687299999999823e+01 3.053298749999999728e+01 2.904957333333333125e+01 0.000000000000000000e+00
3.253947399999999845e+01 3.095317349999999834e+01 3.120181633333332982e+01 1.000000000000000000e+00
2.606015400000000071e+01 2.929981399999999780e+01 2.932216699999999676e+01 0.000000000000000000e+00
2.410683300000000173e+01 2.508349350000000300e+01 2.756882033333333126e+01 0.000000000000000000e+00
2.860472700000000046e+01 2.635578000000000287e+01 2.625723800000000097e+01 1.000000000000000000e+00
2.374314700000000045e+01 2.617393700000000223e+01 2.548490233333333776e+01 0.000000000000000000e+00
2.079719899999999910e+01 2.227017299999999977e+01 2.438169100000000000e+01 0.000000000000000000e+00
2.477624700000000146e+01 2.278672300000000206e+01 2.310553099999999915e+01 1.000000000000000000e+00
2.642698499999999839e+01 2.560161599999999993e+01 2.400014366666666987e+01 1.000000000000000000e+00
2.768030399999999958e+01 2.705364449999999721e+01 2.629451199999999744e+01 1.000000000000000000e+00
2.701052500000000123e+01 2.734541450000000040e+01 2.703927133333333188e+01 0.000000000000000000e+00
2.383505999999999858e+01 2.542279249999999990e+01 2.617529633333333550e+01 0.000000000000000000e+00
1.656595000000000084e+01 2.020050499999999971e+01 2.247051166666666688e+01 0.000000000000000000e+00
1.793001200000000139e+01 1.724798100000000289e+01 1.944367400000000146e+01 1.000000000000000000e+00
2.207712899999999934e+01 2.000357050000000214e+01 1.885769700000000171e+01 1.000000000000000000e+00
2.412386300000000006e+01 2.310049599999999970e+01 2.137700133333333596e+01 1.000000000000000000e+00
2.740562999999999860e+01 2.576474650000000111e+01 2.453554066666666600e+01 1.000000000000000000e+00
2.518706299999999842e+01 2.629634649999999851e+01 2.557218533333333355e+01 0.000000000000000000e+00
2.729046599999999856e+01 2.623876449999999849e+01 2.662771966666666401e+01 1.000000000000000000e+00
3.054706799999999944e+01 2.891876699999999900e+01 2.767486566666666548e+01 1.000000000000000000e+00
2.881798900000000074e+01 2.968252850000000009e+01 2.888517433333333528e+01 0.000000000000000000e+00
2.705048599999999936e+01 2.793423750000000183e+01 2.880518100000000103e+01 0.000000000000000000e+00
1.895598000000000027e+01 2.300323300000000160e+01 2.494148500000000013e+01 0.000000000000000000e+00
1.907907499999999956e+01 1.901752749999999992e+01 2.169518033333333662e+01 1.000000000000000000e+00
1.648647100000000165e+01 1.778277299999999883e+01 1.817384200000000050e+01 0.000000000000000000e+00
2.017293499999999895e+01 1.832970300000000208e+01 1.857949366666666435e+01 1.000000000000000000e+00
2.186814299999999989e+01 2.102053899999999942e+01 1.950918300000000372e+01 1.000000000000000000e+00
1.842379400000000089e+01 2.014596850000000217e+01 2.015495733333333206e+01 0.000000000000000000e+00
1.794272799999999890e+01 1.818326100000000167e+01 1.941155500000000345e+01 0.000000000000000000e+00
1.849837300000000084e+01 1.822055050000000165e+01 1.828829833333333355e+01 1.000000000000000000e+00
1.929325700000000055e+01 1.889581499999999892e+01 1.857811933333333343e+01 1.000000000000000000e+00
2.144082099999999969e+01 2.036703899999999834e+01 1.974415033333333369e+01 1.000000000000000000e+00
2.532088099999999997e+01 2.338085099999999983e+01 2.201831966666666673e+01 1.000000000000000000e+00
2.525904799999999994e+01 2.528996449999999996e+01 2.400691666666666535e+01 0.000000000000000000e+00
2.659729600000000005e+01 2.592817200000000000e+01 2.572574166666666429e+01 1.000000000000000000e+00
3.012708100000000044e+01 2.836218850000000202e+01 2.732780833333333348e+01 1.000000000000000000e+00
2.889629700000000057e+01 2.951168900000000050e+01 2.854022466666667057e+01 0.000000000000000000e+00
3.677674900000000235e+01 3.283652299999999968e+01 3.193337566666666660e+01 1.000000000000000000e+00
3.514911299999999983e+01 3.596293099999999754e+01 3.360738633333333070e+01 0.000000000000000000e+00
3.503285999999999945e+01 3.509098649999999964e+01 3.565290733333333151e+01 0.000000000000000000e+00
3.076011700000000104e+01 3.289648850000000380e+01 3.364736333333333818e+01 0.000000000000000000e+00
3.263022999999999740e+01 3.169517349999999922e+01 3.280773566666666596e+01 1.000000000000000000e+00
2.961941099999999949e+01 3.112482049999999845e+01 3.100325266666666835e+01 0.000000000000000000e+00
3.030306799999999967e+01 2.996123949999999780e+01 3.085090299999999885e+01 1.000000000000000000e+00
2.748255899999999841e+01 2.889281349999999904e+01 2.913501266666666467e+01 0.000000000000000000e+00
2.863252100000000056e+01 2.805753999999999948e+01 2.880604933333333406e+01 1.000000000000000000e+00
2.782273500000000155e+01 2.822762800000000283e+01 2.797927166666666565e+01 0.000000000000000000e+00
2.408710100000000054e+01 2.595491799999999927e+01 2.684745233333333658e+01 0.000000000000000000e+00
2.392365799999999965e+01 2.400537950000000009e+01 2.527783133333333510e+01 0.000000000000000000e+00
2.286872299999999925e+01 2.339619049999999945e+01 2.362649399999999744e+01 0.000000000000000000e+00
2.385895500000000169e+01 2.336383899999999869e+01 2.355044533333333234e+01 1.000000000000000000e+00
2.492714499999999944e+01 2.439305000000000234e+01 2.388494099999999776e+01 1.000000000000000000e+00
2.455385199999999912e+01 2.474049850000000106e+01 2.444665066666667030e+01 0.000000000000000000e+00
2.355388999999999911e+01 2.405387100000000089e+01 2.434496233333333137e+01 0.000000000000000000e+00
2.696783599999999836e+01 2.526086300000000051e+01 2.502519266666666908e+01 1.000000000000000000e+00
2.359911200000000164e+01 2.528347399999999823e+01 2.470694600000000207e+01 0.000000000000000000e+00
2.436617999999999995e+01 2.398264600000000257e+01 2.497770933333333332e+01 1.000000000000000000e+00
2.564202299999999823e+01 2.500410149999999732e+01 2.453577166666666542e+01 1.000000000000000000e+00
2.670102899999999835e+01 2.617152600000000007e+01 2.556974399999999648e+01 1.000000000000000000e+00
2.936092899999999872e+01 2.803097899999999854e+01 2.723466033333333414e+01 1.000000000000000000e+00
3.120482300000000109e+01 3.028287600000000168e+01 2.908892699999999820e+01 1.000000000000000000e+00
3.098086699999999993e+01 3.109284500000000051e+01 3.051553966666666895e+01 0.000000000000000000e+00
3.200305900000000037e+01 3.149196299999999837e+01 3.139624966666666595e+01 1.000000000000000000e+00
3.010804200000000108e+01 3.105555050000000250e+01 3.103065599999999691e+01 0.000000000000000000e+00
2.970386500000000041e+01 2.990595350000000252e+01 3.060498866666666729e+01 0.000000000000000000e+00
2.925476600000000005e+01 2.947931549999999845e+01 2.968889100000000170e+01 0.000000000000000000e+00
2.957780100000000090e+01 2.941628349999999870e+01 2.951214399999999571e+01 1.000000000000000000e+00
2.754672800000000166e+01 2.856226450000000128e+01 2.879309833333333302e+01 0.000000000000000000e+00
2.699405300000000096e+01 2.727039050000000131e+01 2.803952733333333569e+01 0.000000000000000000e+00
2.607031100000000023e+01 2.653218199999999882e+01 2.687036399999999858e+01 0.000000000000000000e+00
2.501617999999999853e+01 2.554324549999999761e+01 2.602684800000000109e+01 0.000000000000000000e+00
2.502409700000000115e+01 2.502013850000000161e+01 2.537019599999999642e+01 0.000000000000000000e+00
2.629113999999999862e+01 2.565761849999999811e+01 2.544380566666666610e+01 1.000000000000000000e+00
2.836790299999999831e+01 2.732952149999999847e+01 2.656104666666666603e+01 1.000000000000000000e+00
3.052010699999999943e+01 2.944400499999999710e+01 2.839304999999999879e+01 1.000000000000000000e+00
3.116339899999999830e+01 3.084175299999999709e+01 3.001713633333332965e+01 1.000000000000000000e+00
3.126016200000000111e+01 3.121178049999999971e+01 3.098122266666666746e+01 0.000000000000000000e+00
3.466009900000000243e+01 3.296013050000000533e+01 3.236122000000000298e+01 1.000000000000000000e+00
3.621274600000000277e+01 3.543642250000000615e+01 3.404433566666667588e+01 1.000000000000000000e+00
3.806105399999999861e+01 3.713689999999999714e+01 3.631129966666667030e+01 1.000000000000000000e+00
4.195573799999999665e+01 4.000839599999999763e+01 3.874317933333333031e+01 1.000000000000000000e+00
4.234681299999999737e+01 4.215127549999999701e+01 4.078786833333332851e+01 1.000000000000000000e+00
3.860193999999999903e+01 4.047437649999999820e+01 4.096816366666666198e+01 0.000000000000000000e+00
4.106606299999999976e+01 3.983400149999999940e+01 4.067160533333333206e+01 1.000000000000000000e+00
4.188210699999999775e+01 4.147408500000000231e+01 4.051670333333333218e+01 1.000000000000000000e+00
4.347155800000000170e+01 4.267683250000000328e+01 4.213990933333333544e+01 1.000000000000000000e+00
3.725332300000000174e+01 4.036244050000000527e+01 4.086899600000000277e+01 0.000000000000000000e+00
3.693236499999999722e+01 3.709284399999999948e+01 3.921908200000000733e+01 0.000000000000000000e+00
3.203162400000000076e+01 3.448199449999999899e+01 3.540577066666666184e+01 0.000000000000000000e+00
3.030083799999999883e+01 3.116623099999999980e+01 3.308827566666666797e+01 0.000000000000000000e+00
3.368190400000000295e+01 3.199137100000000089e+01 3.200478866666666278e+01 1.000000000000000000e+00
3.519547299999999979e+01 3.443868849999999782e+01 3.305940499999999815e+01 1.000000000000000000e+00
3.963329300000000188e+01 3.741438300000000083e+01 3.617022333333333250e+01 1.000000000000000000e+00
3.294018899999999661e+01 3.628674099999999925e+01 3.592298500000000416e+01 0.000000000000000000e+00
3.065761399999999881e+01 3.179890149999999949e+01 3.441036533333333125e+01 0.000000000000000000e+00
3.583346900000000090e+01 3.324554150000000163e+01 3.314375733333333329e+01 1.000000000000000000e+00
2.881604600000000005e+01 3.232475750000000403e+01 3.176904299999999992e+01 0.000000000000000000e+00
2.237313699999999983e+01 2.559459149999999994e+01 2.900755066666667048e+01 0.000000000000000000e+00
1.612984700000000160e+01 1.925149199999999894e+01 2.243967666666666716e+01 0.000000000000000000e+00
1.925964000000000098e+01 1.769474350000000129e+01 1.925420800000000199e+01 1.000000000000000000e+00
1.702473799999999926e+01 1.814218900000000190e+01 1.747140833333333276e+01 0.000000000000000000e+00
1.562173699999999954e+01 1.632323749999999762e+01 1.730203833333333208e+01 0.000000000000000000e+00
1.768931200000000104e+01 1.665552449999999851e+01 1.677859566666666424e+01 1.000000000000000000e+00
2.394540200000000141e+01 2.081735700000000122e+01 1.908548366666666496e+01 1.000000000000000000e+00
2.347377600000000086e+01 2.370958900000000114e+01 2.170283000000000229e+01 0.000000000000000000e+00
2.098325900000000033e+01 2.222851750000000237e+01 2.280081233333333657e+01 0.000000000000000000e+00
2.484557900000000075e+01 2.291441900000000231e+01 2.310087133333333398e+01 1.000000000000000000e+00
3.030110499999999973e+01 2.757334200000000024e+01 2.537664766666666694e+01 1.000000000000000000e+00
3.209186600000000311e+01 3.119648550000000142e+01 2.907951666666666668e+01 1.000000000000000000e+00
3.286951400000000234e+01 3.248069000000000273e+01 3.175416166666666484e+01 1.000000000000000000e+00
3.570553600000000216e+01 3.428752500000000225e+01 3.355563866666667394e+01 1.000000000000000000e+00
3.597325099999999765e+01 3.583939349999999990e+01 3.484943366666666975e+01 1.000000000000000000e+00
3.410920000000000130e+01 3.504122549999999592e+01 3.526266233333333133e+01 0.000000000000000000e+00
3.728410000000000224e+01 3.569665000000000532e+01 3.578885033333332899e+01 1.000000000000000000e+00
3.988785200000000231e+01 3.858597600000000227e+01 3.709371733333333765e+01 1.000000000000000000e+00
4.089195300000000088e+01 4.038990250000000515e+01 3.935463500000000181e+01 1.000000000000000000e+00
3.831932799999999872e+01 3.960564049999999980e+01 3.969971100000000064e+01 0.000000000000000000e+00
3.197636800000000079e+01 3.514784799999999620e+01 3.706254966666666206e+01 0.000000000000000000e+00
3.568640500000000060e+01 3.383138650000000069e+01 3.532736700000000241e+01 1.000000000000000000e+00
3.361663800000000180e+01 3.465152150000000120e+01 3.375980366666667010e+01 0.000000000000000000e+00
3.985985900000000015e+01 3.673824849999999742e+01 3.638763399999999848e+01 1.000000000000000000e+00
4.521558000000000277e+01 4.253771950000000146e+01 3.956402566666666587e+01 1.000000000000000000e+00
5.297900800000000032e+01 4.909729400000000510e+01 4.601814900000000108e+01 1.000000000000000000e+00
5.312403900000000334e+01 5.305152350000000183e+01 5.043954233333334258e+01 0.000000000000000000e+00
4.978856300000000346e+01 5.145630100000000340e+01 5.196387000000000711e+01 0.000000000000000000e+00
5.271779599999999988e+01 5.125317950000000167e+01 5.187679933333333793e+01 1.000000000000000000e+00
5.262359200000000214e+01 5.267069399999999746e+01 5.170998366666666612e+01 0.000000000000000000e+00
5.974104299999999768e+01 5.618231749999999636e+01 5.502747699999999753e+01 1.000000000000000000e+00
6.509226999999999919e+01 6.241665650000000198e+01 5.915230166666666634e+01 1.000000000000000000e+00
6.755277999999999849e+01 6.632252499999999884e+01 6.412869766666666749e+01 1.000000000000000000e+00
6.874631499999999562e+01 6.814954749999999706e+01 6.713045499999999777e+01 1.000000000000000000e+00
6.215584199999999981e+01 6.545107849999999416e+01 6.615164566666666701e+01 0.000000000000000000e+00
5.253361100000000050e+01 5.734472650000000016e+01 6.114525599999999628e+01 0.000000000000000000e+00
6.913415500000000691e+01 6.083388300000000015e+01 6.127453600000000478e+01 1.000000000000000000e+00
5.813060399999999817e+01 6.363237949999999898e+01 5.993279000000000423e+01 0.000000000000000000e+00
5.745426599999999695e+01 5.779243499999999756e+01 6.157300833333332690e+01 0.000000000000000000e+00
5.557325000000000159e+01 5.651375799999999572e+01 5.705270666666666557e+01 0.000000000000000000e+00
5.662722800000000234e+01 5.610023900000000197e+01 5.655158133333333126e+01 1.000000000000000000e+00
6.021596900000000119e+01 5.842159850000000176e+01 5.747214900000000171e+01 1.000000000000000000e+00
5.988423199999999724e+01 6.005010049999999922e+01 5.890914300000000026e+01 0.000000000000000000e+00
4.845146900000000301e+01 5.416785050000000012e+01 5.618388999999999811e+01 0.000000000000000000e+00
4.631711599999999862e+01 4.738429250000000081e+01 5.155093899999999962e+01 0.000000000000000000e+00
4.833771500000000287e+01 4.732741550000000075e+01 4.770210000000000150e+01 1.000000000000000000e+00
5.451523999999999859e+01 5.142647750000000428e+01 4.972335700000000003e+01 1.000000000000000000e+00
5.445363600000000304e+01 5.448443799999999726e+01 5.243553033333333957e+01 0.000000000000000000e+00
5.590679599999999994e+01 5.518021600000000149e+01 5.495855733333333859e+01 1.000000000000000000e+00
5.215726500000000243e+01 5.403203050000000474e+01 5.417256566666666373e+01 0.000000000000000000e+00
5.070697400000000243e+01 5.143211949999999888e+01 5.292367833333333493e+01 0.000000000000000000e+00
5.846212400000000287e+01 5.458454900000000265e+01 5.377545433333333591e+01 1.000000000000000000e+00
5.971583900000000256e+01 5.908898150000000271e+01 5.629497900000000499e+01 1.000000000000000000e+00
6.183203499999999764e+01 6.077393700000000365e+01 6.000333266666666532e+01 1.000000000000000000e+00
6.581653599999999926e+01 6.382428550000000200e+01 6.245480333333333789e+01 1.000000000000000000e+00
6.947895800000000577e+01 6.764774700000000962e+01 6.570917633333333185e+01 1.000000000000000000e+00
6.506619299999999839e+01 6.727257550000000208e+01 6.678722900000001061e+01 0.000000000000000000e+00
7.134451300000000629e+01 6.820535300000000234e+01 6.862988800000000822e+01 1.000000000000000000e+00
6.919098700000000690e+01 7.026775000000000659e+01 6.853389766666667526e+01 0.000000000000000000e+00
6.875130500000000211e+01 6.897114600000000451e+01 6.976226833333333843e+01 0.000000000000000000e+00
7.134317799999999465e+01 7.004724149999999838e+01 6.976182333333333929e+01 1.000000000000000000e+00
8.032752200000000187e+01 7.583535000000000537e+01 7.347400166666666621e+01 1.000000000000000000e+00
8.360768899999999348e+01 8.196760549999999057e+01 7.842612966666666807e+01 1.000000000000000000e+00
7.524903100000000222e+01 7.942835999999999785e+01 7.972808066666665638e+01 0.000000000000000000e+00
8.434873199999999827e+01 7.979888149999999314e+01 8.106848399999999799e+01 1.000000000000000000e+00
7.792648300000000461e+01 8.113760750000000144e+01 7.917474866666667310e+01 0.000000000000000000e+00
7.943112200000000200e+01 7.867880250000000331e+01 8.056877900000000636e+01 1.000000000000000000e+00
9.025316599999999312e+01 8.484214399999999046e+01 8.253692366666666658e+01 1.000000000000000000e+00
9.101576199999999517e+01 9.063446399999999414e+01 8.690001666666665869e+01 1.000000000000000000e+00
8.895764200000000699e+01 8.998670200000000818e+01 9.007552333333332228e+01 0.000000000000000000e+00
9.199246999999999730e+01 9.047505599999999504e+01 9.065529133333332368e+01 1.000000000000000000e+00
8.777285000000000537e+01 8.988266000000000133e+01 8.957432066666666515e+01 0.000000000000000000e+00
8.793309000000000708e+01 8.785296999999999912e+01 8.923280333333333658e+01 0.000000000000000000e+00
9.872803500000000554e+01 9.333056250000001342e+01 9.147799166666668214e+01 1.000000000000000000e+00
9.775832400000000177e+01 9.824317949999999655e+01 9.480648300000001427e+01 0.000000000000000000e+00
7.955066700000000424e+01 8.865449549999999590e+01 9.201234199999998964e+01 0.000000000000000000e+00
8.100140399999999374e+01 8.027603550000000610e+01 8.610346499999998571e+01 1.000000000000000000e+00
8.080858600000000536e+01 8.090499499999999955e+01 8.045355233333333445e+01 0.000000000000000000e+00
8.068274700000000621e+01 8.074566649999999868e+01 8.083091233333333037e+01 0.000000000000000000e+00
8.644709799999999689e+01 8.356492249999999444e+01 8.264614366666666001e+01 1.000000000000000000e+00
8.466706800000000044e+01 8.555708300000000577e+01 8.393230433333333451e+01 0.000000000000000000e+00
8.864699600000000146e+01 8.665703200000000095e+01 8.658705400000000907e+01 1.000000000000000000e+00
7.618825499999999806e+01 8.241762549999999976e+01 8.316743966666666665e+01 0.000000000000000000e+00
7.152896099999999535e+01 7.385860800000000381e+01 7.878807066666666969e+01 0.000000000000000000e+00
7.674115799999999865e+01 7.413505949999999700e+01 7.481945799999999736e+01 1.000000000000000000e+00
7.417196699999999510e+01 7.545656249999998977e+01 7.414736200000000110e+01 0.000000000000000000e+00
7.101628900000000044e+01 7.259412799999999777e+01 7.397647133333332192e+01 0.000000000000000000e+00
5.974341199999999930e+01 6.537985050000000342e+01 6.831055600000000538e+01 0.000000000000000000e+00
6.081026500000000112e+01 6.027683849999999666e+01 6.385665533333334309e+01 1.000000000000000000e+00
6.867123399999999833e+01 6.474074949999999262e+01 6.307497033333333292e+01 1.000000000000000000e+00
6.715370199999999556e+01 6.791246799999998984e+01 6.554506700000000308e+01 0.000000000000000000e+00
5.831595200000000290e+01 6.273482699999999568e+01 6.471362933333332990e+01 0.000000000000000000e+00
5.707358599999999882e+01 5.769476900000000086e+01 6.084774666666666576e+01 0.000000000000000000e+00
6.117139800000000349e+01 5.912249200000000116e+01 5.885364533333333270e+01 1.000000000000000000e+00
6.766588600000000042e+01 6.441864200000000551e+01 6.197028999999999854e+01 1.000000000000000000e+00
6.886048099999999295e+01 6.826318349999999668e+01 6.589925499999999658e+01 1.000000000000000000e+00
7.004327399999999670e+01 6.945187749999999482e+01 6.885654699999999195e+01 1.000000000000000000e+00
7.868659999999999854e+01 7.436493699999999762e+01 7.253011833333333414e+01 1.000000000000000000e+00
7.386885100000000648e+01 7.627772550000000251e+01 7.419957499999999584e+01 0.000000000000000000e+00
7.551892100000000596e+01 7.469388600000000622e+01 7.602479066666667507e+01 1.000000000000000000e+00
8.813418599999999969e+01 8.182655350000000283e+01 7.917398599999999931e+01 1.000000000000000000e+00
9.142470600000000047e+01 8.977944600000000719e+01 8.502593766666666397e+01 1.000000000000000000e+00
8.836265600000000120e+01 8.989368100000000084e+01 8.930718266666667660e+01 0.000000000000000000e+00
8.384086600000000544e+01 8.610176100000001043e+01 8.787607600000001185e+01 0.000000000000000000e+00
9.050301399999999319e+01 8.717194000000000642e+01 8.756884533333334275e+01 1.000000000000000000e+00
9.259283399999999631e+01 9.154792399999999475e+01 8.897890466666666498e+01 1.000000000000000000e+00
8.860836799999999869e+01 9.060060099999999750e+01 9.056807199999998659e+01 0.000000000000000000e+00
8.897675300000000220e+01 8.879256050000000755e+01 9.005931833333333714e+01 0.000000000000000000e+00
9.127061500000000649e+01 9.012368399999999724e+01 8.961857866666667860e+01 1.000000000000000000e+00
9.212854000000000099e+01 9.169957750000000374e+01 9.079196933333332709e+01 1.000000000000000000e+00
1.013413850000000025e+02 9.673496249999999463e+01 9.491351333333334139e+01 1.000000000000000000e+00
1.044929280000000063e+02 1.029171565000000044e+02 9.932095099999999377e+01 1.000000000000000000e+00
9.899639100000000269e+01 1.017446595000000116e+02 1.016102346666666705e+02 0.000000000000000000e+00
9.568475300000000061e+01 9.734057200000000876e+01 9.972469066666667459e+01 0.000000000000000000e+00
1.012694699999999983e+02 9.847711150000000657e+01 9.865020466666668142e+01 1.000000000000000000e+00
1.287953029999999899e+02 1.150323865000000012e+02 1.085831753333333296e+02 1.000000000000000000e+00
1.296028589999999951e+02 1.291990809999999783e+02 1.198892106666666706e+02 1.000000000000000000e+00
1.360149230000000102e+02 1.328088910000000169e+02 1.314710283333333223e+02 1.000000000000000000e+00
1.212723919999999964e+02 1.286436575000000175e+02 1.289633913333333339e+02 0.000000000000000000e+00
