1989-11-01,6.125000,6.906250,5.968750,6.593750,3.012956,4916800
1989-12-01,6.609375,6.687500,5.343750,5.843750,2.670250,6132000
1990-01-01,5.875000,6.468750,5.078125,5.187500,2.390152,8586400
1990-02-01,5.203125,5.500000,4.000000,4.593750,2.116579,17286400
1990-03-01,4.562500,5.656250,4.562500,5.625000,2.591728,13039200
1990-04-01,5.437500,5.750000,5.156250,5.250000,2.442972,8760800
1990-05-01,5.265625,5.828125,4.890625,5.765625,2.682907,17836000
1990-06-01,5.796875,6.000000,5.421875,5.640625,2.624741,8777600
1990-07-01,5.640625,6.718750,5.625000,5.687500,2.679176,9920800
1990-08-01,5.656250,5.703125,4.000000,4.437500,2.090348,12058400
1990-09-01,4.406250,4.468750,3.437500,3.734375,1.759131,7440800
1990-10-01,3.734375,4.296875,3.687500,4.062500,1.946177,11162400
1990-11-01,4.031250,4.906250,4.015625,4.906250,2.350381,7808800
1990-12-01,4.906250,5.250000,4.296875,4.421875,2.118337,15295200
1991-01-01,4.375000,4.937500,4.078125,4.906250,2.384161,10125600
1991-02-01,4.906250,6.000000,4.828125,5.609375,2.725841,15047200
1991-03-01,5.578125,6.046875,5.500000,6.031250,2.930847,13138400
1991-04-01,6.015625,6.890625,6.000000,6.531250,3.213269,16616000
1991-05-01,6.531250,7.078125,6.437500,6.828125,3.359325,17660800
1991-06-01,6.812500,6.906250,6.500000,6.625000,3.259393,8497600
1991-07-01,6.625000,6.843750,5.750000,6.046875,3.006917,13244800
1991-08-01,6.093750,7.187500,5.875000,6.593750,3.278861,15748000
1991-09-01,6.562500,6.578125,5.937500,6.000000,2.983608,10941600
1991-10-01,6.000000,6.031250,5.390625,5.609375,2.820128,13831200
1991-11-01,5.625000,6.046875,5.312500,5.718750,2.875116,8619200
1991-12-01,5.703125,6.125000,5.156250,5.656250,2.843694,14439200
1992-01-01,5.625000,5.656250,5.250000,5.328125,2.712116,11889600
1992-02-01,5.328125,5.828125,5.328125,5.718750,2.910951,7084800
1992-03-01,5.687500,6.609375,5.687500,6.437500,3.276808,11625600
1992-04-01,6.406250,6.406250,5.250000,5.343750,2.751860,9720000
1992-05-01,5.312500,5.515625,4.359375,4.375000,2.252986,9113600
1992-06-01,4.375000,4.468750,3.843750,4.109375,2.116197,12600800
1992-07-01,4.078125,4.093750,2.906250,3.359375,1.760125,21124800
1992-08-01,3.390625,3.421875,2.984375,3.265625,1.711006,12675200
1992-09-01,3.281250,3.656250,2.906250,3.031250,1.588206,20636000
1992-10-01,3.015625,3.375000,2.828125,3.125000,1.669896,16956000
1992-11-01,3.125000,3.796875,3.125000,3.750000,2.003875,27237600
1992-12-01,3.750000,4.359375,3.328125,4.328125,2.312805,20228800
1993-01-01,4.296875,4.421875,3.984375,4.046875,2.206705,15164800
1993-02-01,4.062500,4.078125,3.250000,3.390625,1.848861,11062400
1993-03-01,3.421875,3.671875,3.343750,3.390625,1.848861,11008000
1993-04-01,3.437500,3.453125,3.015625,3.296875,1.834981,11489600
1993-05-01,3.296875,3.750000,3.296875,3.703125,2.061094,13441600
1993-06-01,3.703125,4.062500,3.546875,4.031250,2.243722,16428000
1993-07-01,4.031250,4.187500,3.812500,3.812500,2.164747,7318400
1993-08-01,3.812500,3.906250,3.281250,3.843750,2.182492,12635200
1993-09-01,3.828125,3.890625,3.484375,3.687500,2.093773,7324800
1993-10-01,3.671875,4.156250,3.531250,4.078125,2.361431,6179200
1993-11-01,4.093750,4.125000,3.828125,3.906250,2.261908,14224000
1993-12-01,3.921875,4.750000,3.906250,3.984375,2.307146,20589600
1994-01-01,3.984375,3.984375,3.640625,3.656250,2.152940,8991200
1994-02-01,3.656250,3.921875,3.562500,3.859375,2.272548,8122400
1994-03-01,3.828125,4.312500,3.750000,3.812500,2.244946,8769600
1994-04-01,3.781250,3.968750,3.562500,3.796875,2.276122,2724800
1994-05-01,3.796875,4.343750,3.562500,4.343750,2.603957,9263200
1994-06-01,4.328125,4.468750,4.140625,4.328125,2.594590,10067200
1994-07-01,4.312500,4.687500,4.312500,4.578125,2.788701,9031200
1994-08-01,4.578125,4.765625,4.406250,4.703125,2.864842,9280800
1994-09-01,4.718750,4.750000,4.281250,4.625000,2.817253,4839200
1994-10-01,4.562500,4.968750,4.203125,4.875000,3.015124,8733600
1994-11-01,4.859375,5.453125,4.812500,5.171875,3.198737,16920000
1994-12-01,5.156250,5.171875,4.750000,4.875000,3.015124,10201600
1995-01-01,4.906250,5.031250,3.625000,3.640625,2.283433,29548800
1995-02-01,3.640625,4.000000,3.625000,3.937500,2.469637,9695200
1995-03-01,3.906250,4.000000,3.671875,3.875000,2.430436,15851200
1995-04-01,3.906250,4.312500,3.843750,4.015625,2.565433,6072000
1995-05-01,4.031250,4.296875,3.921875,4.031250,2.575416,9666400
1995-06-01,4.031250,4.484375,4.000000,4.250000,2.715168,8486400
1995-07-01,4.203125,4.859375,4.156250,4.781250,3.152844,8232000
1995-08-01,4.812500,5.437500,4.781250,5.343750,3.523766,15342400
1995-09-01,5.312500,5.750000,5.125000,5.234375,3.451643,13361600
1995-10-01,5.203125,5.750000,4.875000,5.453125,3.689207,13383200
1995-11-01,5.484375,6.562500,5.484375,6.453125,4.365736,15444000
1995-12-01,6.468750,6.859375,6.250000,6.296875,4.260029,10336000
1996-01-01,6.265625,6.968750,6.171875,6.921875,4.732563,18534400
1996-02-01,6.937500,7.156250,6.312500,6.718750,4.593684,14724800
1996-03-01,6.750000,7.359375,6.500000,7.093750,4.850076,21436000
1996-04-01,7.062500,8.281250,6.843750,8.156250,5.635570,17708800
1996-05-01,8.156250,9.781250,7.609375,9.484375,6.553238,28464800
1996-06-01,9.453125,9.484375,8.671875,9.125000,6.304930,14821600
1996-07-01,9.109375,9.359375,7.562500,8.218750,5.743701,20068000
1996-08-01,8.250000,9.625000,8.250000,8.718750,6.093131,11195600
1996-09-01,8.718750,10.562500,8.437500,10.000000,6.988534,15609200
1996-10-01,10.000000,10.562500,8.750000,9.250000,6.497083,10272000
1996-11-01,9.375000,9.625000,8.593750,9.218750,6.475134,19840800
1996-12-01,9.218750,9.593750,8.375000,9.156250,6.431236,18823200
1997-01-01,9.218750,9.750000,8.468750,9.343750,6.601621,16390000
1997-02-01,9.343750,9.375000,8.562500,8.687500,6.137960,11589600
1997-03-01,8.781250,10.656250,8.718750,9.500000,6.712018,21082800
1997-04-01,9.531250,10.281250,9.031250,9.906250,7.033566,11432800
1997-05-01,9.937500,11.718750,9.625000,11.593750,8.231714,19016400
1997-06-01,11.750000,12.156250,11.343750,11.546875,8.198427,10825200
1997-07-01,11.609375,11.796875,10.531250,11.296875,8.067992,14356000
1997-08-01,11.250000,11.515625,9.500000,11.312500,8.079153,20717600
1997-09-01,11.328125,11.828125,10.500000,10.625000,7.588149,16843200
1997-10-01,10.687500,12.156250,9.203125,9.875000,7.095303,31596400
1997-11-01,10.031250,10.312500,8.531250,9.531250,6.848312,35327200
1997-12-01,9.593750,10.234375,8.437500,9.015625,6.477828,27495600
1998-01-01,9.078125,10.375000,8.625000,9.687500,7.011487,22885600
1998-02-01,9.937500,11.843750,9.937500,11.750000,8.504257,14650400
1998-03-01,11.750000,13.000000,11.000000,12.171875,8.809598,21227200
1998-04-01,12.203125,12.593750,10.687500,11.375000,8.279502,13177600
1998-05-01,11.437500,12.187500,11.093750,11.968750,8.711671,13927600
1998-06-01,11.906250,12.140625,10.046875,12.000000,8.734419,20860400
1998-07-01,12.156250,12.218750,10.718750,10.734375,7.880257,9808800
1998-08-01,10.656250,11.375000,9.109375,9.296875,6.824969,24044800
1998-09-01,9.296875,10.468750,7.687500,7.843750,5.758207,34739600
1998-10-01,7.687500,8.953125,6.750000,8.093750,5.998755,40713600
1998-11-01,8.437500,11.062500,8.375000,10.921875,8.094846,16482800
1998-12-01,10.859375,13.000000,9.531250,12.968750,9.611906,18475600
1999-01-01,12.968750,16.250000,12.625000,14.406250,10.770609,44023200
1999-02-01,14.453125,14.953125,13.187500,14.296875,10.688836,16444000
1999-03-01,14.328125,19.484375,14.078125,18.687500,13.971423,27126400
1999-04-01,19.000000,21.859375,18.796875,21.000000,15.782291,17113600
1999-05-01,21.062500,22.062500,19.468750,20.718750,15.570931,19295600
1999-06-01,20.765625,24.375000,20.265625,24.125000,18.130854,17211200
1999-07-01,24.125000,26.500000,23.500000,25.156250,19.011066,23611600
1999-08-01,25.062500,27.843750,20.906250,26.750000,20.215494,21752800
1999-09-01,26.500000,31.968750,25.250000,29.968750,22.647968,20370600
1999-10-01,29.656250,33.500000,25.531250,29.750000,22.525734,22207000
1999-11-01,29.875000,39.343750,29.187500,38.750000,29.340242,29561400
1999-12-01,38.500000,45.000000,37.875000,44.625000,33.788605,18944200
2000-01-01,44.500000,44.500000,35.156250,37.000000,28.057348,24591800
2000-02-01,36.187500,37.000000,27.250000,32.000000,24.265816,27518200
2000-03-01,32.500000,42.750000,30.312500,41.812500,31.706705,29571600
2000-04-01,42.062500,42.500000,30.281250,36.343750,27.607208,19506600
2000-05-01,36.437500,38.343750,27.093750,30.468750,23.144478,30224800
2000-06-01,30.593750,34.843750,28.156250,33.750000,25.636957,37848000
2000-07-01,33.750000,38.750000,32.500000,34.250000,26.082745,18091000
2000-08-01,35.250000,45.375000,34.875000,41.625000,31.699102,20712400
2000-09-01,42.250000,44.562500,37.875000,38.562500,29.366873,15884500
2000-10-01,38.125000,43.375000,32.000000,42.687500,32.539474,20674500
2000-11-01,42.750000,43.562500,33.125000,34.187500,26.060154,22042500
2000-12-01,34.187500,35.687500,27.687500,31.625000,24.106833,30186500
2001-01-01,31.875000,37.799999,26.750000,37.480000,28.604727,43323200
2001-02-01,37.000000,37.160000,29.450001,31.110001,23.743147,18993800
2001-03-01,31.799999,34.759998,26.000000,27.250000,20.797199,22843600
2001-04-01,27.250000,32.730000,25.120001,32.419998,24.776247,20898900
2001-05-01,32.419998,37.400002,31.549999,34.580002,26.426985,22987100
2001-06-01,34.700001,37.200001,32.299999,36.220001,27.680304,19113700
2001-07-01,36.549999,38.250000,33.700001,35.299999,27.010525,19804200
2001-08-01,35.400002,36.599998,30.600000,31.150000,23.835060,16850400
2001-09-01,31.150000,32.000000,19.900000,21.650000,16.565950,34248600
2001-10-01,21.660000,26.010000,20.000000,23.389999,17.930012,29984700
2001-11-01,23.500000,30.000000,22.860001,28.799999,22.077129,21013800
2001-12-01,28.299999,32.299999,27.090000,31.469999,24.123863,15794200
2002-01-01,31.549999,36.590000,30.850000,35.700001,27.405630,22632000
2002-02-01,35.779999,35.790001,31.750000,32.810001,25.187063,15833900
2002-03-01,33.250000,39.009998,32.830002,35.549999,27.290466,17013900
2002-04-01,35.200001,41.000000,34.119999,39.750000,30.547068,14249500
2002-05-01,39.799999,40.500000,36.139999,37.500000,28.817989,14888600
2002-06-01,37.480000,37.950001,33.000000,35.200001,27.050486,17895700
2002-07-01,35.099998,35.279999,21.070000,24.639999,18.955980,37274500
2002-08-01,24.629999,26.990000,20.809999,24.799999,19.079075,28632300
2002-09-01,24.100000,26.420000,20.700001,21.430000,16.486471,16872500
2002-10-01,22.000000,28.000000,19.400000,26.180000,20.172935,30685300
2002-11-01,26.120001,29.090000,24.200001,28.379999,21.868143,28225000
2002-12-01,30.700001,30.700001,23.500000,23.910000,18.423794,22782900
2003-01-01,24.100000,26.500000,22.549999,23.250000,17.942728,26128800
2003-02-01,23.400000,24.420000,21.600000,23.969999,18.498373,16418900
2003-03-01,23.959999,27.180000,22.000000,25.000000,19.293257,21460500
2003-04-01,25.000000,28.980000,24.500000,27.740000,21.440821,24181900
2003-05-01,27.840000,32.759998,27.190001,32.759998,25.320881,26659700
2003-06-01,32.950001,35.090000,31.370001,32.680000,25.259048,15572300
2003-07-01,32.400002,35.500000,31.889999,34.360001,26.597296,15410000
2003-08-01,34.000000,39.599998,32.790001,38.919998,30.127081,26235300
2003-09-01,38.669998,40.009998,37.189999,37.330002,28.896297,19820100
2003-10-01,37.450001,47.549999,37.410000,47.450001,36.776749,26103700
2003-11-01,47.450001,49.450001,41.549999,45.349998,35.149113,30769300
2003-12-01,45.509998,45.810001,41.330002,45.200001,35.032860,17332100
2004-01-01,45.189999,45.220001,39.000000,39.639999,30.760117,25323300
2004-02-01,39.639999,42.919998,36.590000,42.049999,32.630230,23577700
2004-03-01,42.150002,43.259998,35.439999,38.169998,29.619411,22133900
2004-04-01,38.200001,41.630001,36.939999,39.000000,30.303068,18247000
2004-05-01,39.009998,39.779999,32.380001,35.369999,27.482559,31567500
2004-06-01,35.369999,38.200001,35.029999,36.849998,28.632521,21149400
2004-07-01,36.750000,36.820000,33.540001,35.750000,27.822735,17325800
2004-08-01,35.770000,35.939999,27.000000,30.950001,24.087101,47663000
2004-09-01,30.980000,32.490002,29.690001,30.740000,23.923658,20534100
2004-10-01,30.940001,31.770000,27.889999,29.330000,22.868723,27030800
2004-11-01,29.840000,32.759998,29.469999,30.600000,23.858955,48715100
2004-12-01,30.850000,32.310001,29.780001,31.969999,24.927145,36892900
2005-01-01,32.220001,32.650002,30.209999,31.430000,24.553852,31295100
2005-02-01,30.750000,31.490000,29.850000,30.150000,23.553890,22110300
2005-03-01,30.030001,35.250000,30.030001,34.520000,26.967836,33587700
2005-04-01,34.520000,34.840000,29.530001,30.150000,23.599112,23604500
2005-05-01,30.120001,31.639999,28.600000,31.129999,24.366180,26743900
2005-06-01,31.100000,33.740002,31.049999,32.759998,25.642023,21724800
2005-07-01,32.730000,34.840000,32.369999,34.029999,26.701029,13756500
2005-08-01,34.250000,37.799999,33.110001,37.419998,29.360929,29518100
2005-09-01,37.680000,40.080002,35.919998,39.770000,31.204823,36637200
2005-10-01,39.779999,41.470001,36.270000,39.400002,30.980867,32998500
2005-11-01,39.150002,43.799999,38.000000,40.700001,32.003059,43197800
2005-12-01,40.250000,41.880001,38.139999,38.290001,30.108042,28826900
2006-01-01,38.509998,41.290001,37.470001,37.700001,29.703865,30346000
2006-02-01,37.349998,37.770000,35.180000,37.130001,29.254766,26282400
2006-03-01,37.070000,39.500000,35.889999,37.540001,29.577801,33228900
2006-04-01,38.000000,38.000000,34.770000,34.889999,27.546728,27301100
2006-05-01,34.970001,35.310001,32.000000,34.189999,26.994053,37262900
2006-06-01,34.139999,35.080002,31.650000,33.020000,26.070311,34736900
2006-07-01,33.270000,33.470001,30.110001,31.590000,25.016180,20498100
2006-08-01,31.400000,34.750000,29.629999,31.600000,25.024097,30867200
2006-09-01,31.850000,35.029999,31.080000,33.200001,26.291140,29942800
2006-10-01,33.200001,36.950001,32.820000,35.720001,28.367903,24018800
2006-11-01,35.970001,38.770000,34.709999,38.430000,30.520107,26419100
2006-12-01,38.470001,40.799999,37.450001,39.240002,31.163399,25161900
2007-01-01,39.599998,40.500000,38.169998,39.259998,31.260162,30133600
2007-02-01,39.500000,45.980000,39.130001,43.529999,34.660099,30423500
2007-03-01,42.450001,46.160000,41.240002,45.480000,36.212746,36765900
2007-04-01,45.660000,50.000000,45.330002,47.689999,38.061054,31702600
2007-05-01,47.689999,54.750000,46.560001,52.570000,41.955738,38850100
2007-06-01,51.869999,54.099998,48.529999,53.060001,42.346813,41351200
2007-07-01,53.009998,56.790001,46.779999,48.250000,38.601940,49756300
2007-08-01,48.250000,51.939999,39.529999,51.330002,41.066063,75837000
2007-09-01,50.560001,54.740002,48.270000,52.349998,41.882107,40552600
2007-10-01,52.349998,57.340000,50.529999,54.180000,43.471558,49659000
2007-11-01,53.660000,53.660000,43.790001,46.430000,37.253323,69577700
2007-12-01,47.000000,48.680000,44.110001,46.029999,36.932365,41175800
2008-01-01,46.009998,46.139999,32.840000,39.790001,32.031624,92883300
2008-02-01,40.360001,42.740002,36.259998,37.639999,30.300838,58973700
2008-03-01,37.509998,44.950001,35.029999,41.840000,33.681904,68700400
2008-04-01,42.400002,45.689999,40.480000,43.540001,35.195473,37768500
2008-05-01,43.250000,49.980000,41.520000,49.029999,39.633293,47869100
2008-06-01,48.990002,49.029999,40.259998,40.750000,32.940189,45339100
2008-07-01,40.330002,42.439999,35.439999,37.790001,30.657614,59408300
2008-08-01,37.730000,44.750000,36.310001,44.169998,35.833469,53608200
2008-09-01,44.799999,45.799999,33.660000,35.520000,28.816046,69161000
2008-10-01,35.070000,35.799999,21.680000,27.450001,22.373137,90831900
2008-11-01,27.400000,27.709999,16.750000,19.790001,16.129847,76102000
2008-12-01,19.190001,26.150000,17.690001,23.629999,19.259640,64142000
2009-01-01,23.930000,26.200001,20.260000,20.750000,17.024738,71720400
2009-02-01,20.459999,23.379999,18.549999,19.040001,15.621737,65474700
2009-03-01,18.590000,23.889999,16.700001,21.559999,17.689312,78825400
2009-04-01,21.400000,30.170000,20.910000,28.940001,23.945402,75904300
2009-05-01,29.030001,29.969999,24.639999,28.370001,23.473776,50311800
2009-06-01,28.850000,31.309999,24.570000,25.360001,20.983259,59571300
2009-07-01,25.740000,30.420000,23.850000,29.830000,24.845579,61587400
2009-08-01,30.510000,37.660000,29.059999,36.380001,30.301105,55164900
2009-09-01,35.900002,39.400002,34.700001,38.529999,32.091866,56664000
2009-10-01,38.270000,42.619999,37.259998,39.290001,32.869514,47138200
2009-11-01,39.549999,44.040001,39.009998,42.680000,35.705536,50673000
2009-12-01,42.869999,44.490002,40.070000,43.000000,35.973251,36692800
2010-01-01,43.660000,47.020000,40.540001,40.610001,34.109200,62364200
2010-02-01,40.610001,44.549999,38.889999,44.389999,37.284100,35300900
2010-03-01,44.500000,48.380001,44.330002,47.490002,39.887852,46532300
2010-04-01,47.849998,52.189999,47.779999,48.480000,40.891953,31582400
2010-05-01,48.840000,49.740002,40.610001,45.430000,38.319328,69196300
2010-06-01,45.000000,45.990002,37.730000,37.910000,31.976368,66330200
2010-07-01,37.709999,42.709999,35.810001,42.070000,35.686405,60068600
2010-08-01,42.750000,44.570000,39.430000,39.630001,33.616638,71783400
2010-09-01,40.070000,47.200001,40.060001,46.990002,39.859859,45288400
2010-10-01,47.720001,53.000000,45.919998,53.000000,45.215580,37555700
2010-11-01,53.119999,62.669998,52.959999,62.099998,52.979008,52339000
2010-12-01,62.950001,65.760002,62.110001,62.270000,53.124039,31236300
2011-01-01,62.279999,62.810001,57.200001,58.130001,49.788563,34144000
2011-02-01,58.790001,65.589996,57.959999,61.549999,52.717796,28968600
2011-03-01,61.770000,65.190002,54.580002,61.439999,52.623592,57042300
2011-04-01,61.750000,69.720001,61.119999,69.440002,59.741043,32490600
2011-05-01,69.709999,77.019997,66.480003,75.660004,65.092270,39189500
2011-06-01,73.809998,79.000000,70.959999,78.519997,67.552780,38975200
2011-07-01,78.800003,84.489998,77.919998,79.589996,68.746315,32310500
2011-08-01,80.720001,80.809998,57.209999,71.959999,62.155842,86064900
2011-09-01,71.949997,77.839996,60.200001,60.820000,52.533611,52973400
2011-10-01,59.799999,80.989998,56.209999,79.730003,69.134155,52796400
2011-11-01,76.269997,79.000000,63.980000,67.040001,58.130604,56584100
2011-12-01,66.260002,69.889999,62.220001,66.260002,57.454266,45026400
2012-01-01,67.570000,67.949997,58.610001,63.799999,55.573250,63220800
2012-02-01,64.199997,66.959999,63.290001,65.010002,56.627228,30749400
2012-03-01,65.029999,74.199997,64.750000,69.129997,60.215969,58566200
2012-04-01,69.000000,70.470001,65.529999,68.459999,59.884232,36719700
2012-05-01,68.440002,69.410004,54.919998,55.389999,48.451469,58939400
2012-06-01,54.290001,57.290001,49.720001,52.950001,46.317116,57097100
2012-07-01,53.490002,58.110001,50.520000,54.930000,48.337715,44482800
2012-08-01,55.250000,63.220001,52.759998,61.950001,54.515240,52480000
2012-09-01,61.730000,65.919998,59.009998,61.880001,54.453636,42405300
2012-10-01,62.349998,65.019997,61.070000,63.220001,55.906796,26464200
2012-11-01,63.160000,66.779999,57.869999,58.980000,52.157265,48197500
2012-12-01,58.959999,60.340000,55.830002,57.340000,50.706974,36861700
2013-01-01,58.110001,66.000000,57.110001,65.750000,58.462124,65405000
2013-02-01,66.089996,67.500000,61.419998,67.160004,59.715839,35919600
2013-03-01,66.940002,71.080002,66.769997,69.540001,61.832035,43481800
2013-04-01,69.690002,74.199997,68.910004,73.680000,65.816536,27989800
2013-05-01,73.570000,81.250000,73.339996,77.779999,69.478958,26681800
2013-06-01,77.739998,79.559998,70.699997,72.839996,65.066193,24175700
2013-07-01,73.290001,80.320000,72.059998,79.510002,71.344513,21289800
2013-08-01,80.150002,83.330002,76.650002,77.110001,69.190987,28889500
2013-09-01,77.750000,81.080002,76.150002,76.620003,68.751305,17830200
2013-10-01,76.690002,80.459999,73.629997,79.169998,71.343178,20308200
2013-11-01,79.230003,89.720001,78.150002,89.139999,80.327522,22061200
2013-12-01,89.139999,93.019997,87.629997,92.779999,83.607689,18279500
2014-01-01,92.199997,93.639999,81.639999,83.190002,75.249031,25982500
2014-02-01,82.980003,93.970001,80.379997,93.250000,84.348732,20191900
2014-03-01,92.160004,94.879997,84.470001,86.150002,77.926483,32235000
2014-04-01,86.510002,89.120003,84.120003,87.489998,79.431122,22715000
2014-05-01,87.449997,99.680000,85.750000,99.410004,90.253166,25824400
2014-06-01,99.650002,100.949997,98.400002,100.250000,91.015762,15743900
2014-07-01,100.419998,103.379997,97.470001,97.610001,88.957642,16333300
2014-08-01,97.430000,105.660004,95.379997,100.940002,91.992470,21543600
2014-09-01,101.330002,103.580002,95.650002,96.309998,87.772850,20625600
2014-10-01,96.209999,96.970001,85.690002,96.120003,87.933090,27303400
2014-11-01,96.279999,110.599998,94.000000,107.919998,98.728035,22669800
2014-12-01,107.279999,109.000000,101.180000,106.860001,97.758324,22835100
2015-01-01,106.629997,107.879997,85.150002,86.639999,79.550667,39895100
2015-02-01,86.620003,90.650002,85.599998,88.220001,81.001404,21324700
2015-03-01,88.449997,90.830002,82.639999,88.010002,80.808586,53439000
2015-04-01,87.599998,90.519997,83.629997,87.480003,80.682747,24104600
2015-05-01,87.660004,96.330002,84.830002,93.730003,86.447098,32257700
2015-06-01,94.000000,94.599998,90.949997,91.800003,84.667068,19337200
2015-07-01,92.529999,95.989998,90.059998,95.699997,88.646996,22846000
2015-08-01,95.910004,96.430000,81.500000,82.250000,76.188255,33603900
2015-09-01,81.000000,83.449997,74.279999,77.220001,71.528961,23512300
2015-10-01,77.339996,82.830002,75.000000,82.440002,76.741158,25291200
2015-11-01,82.580002,84.190002,73.089996,79.680000,74.171967,45122900
2015-12-01,79.760002,80.080002,71.800003,76.290001,71.016289,32269400
2016-01-01,76.290001,76.290001,59.730000,63.840000,59.743412,57262100
2016-02-01,63.040001,66.250000,59.750000,64.980003,60.810265,48423000
2016-03-01,65.690002,73.889999,65.059998,73.379997,68.671234,40011600
2016-04-01,73.059998,74.059998,69.669998,71.349998,67.153702,29519600
2016-05-01,71.489998,72.180000,61.680000,61.959999,58.315952,55097400
2016-06-01,61.849998,64.669998,56.990002,60.639999,57.073586,51111900
2016-07-01,60.400002,64.589996,58.560001,64.519997,61.171398,32566300
2016-08-01,64.250000,74.809998,58.770000,71.370003,67.665886,50348800
2016-09-01,71.110001,73.400002,66.349998,72.629997,68.860481,36850100
2016-10-01,72.440002,74.800003,70.860001,73.419998,70.043274,21003300
2016-11-01,73.330002,84.919998,71.860001,82.480003,78.686600,47918300
2016-12-01,82.419998,85.440002,76.769997,77.430000,73.868851,32383200
2017-01-01,77.889999,83.279999,76.080002,78.720001,75.518921,37981700
2017-02-01,78.690002,92.629997,77.519997,91.870003,88.134186,36839400
2017-03-01,92.650002,97.290001,88.010002,95.300003,91.424706,53862700
2017-04-01,95.410004,95.629997,90.330002,91.650002,88.362656,24381000
2017-05-01,91.830002,94.400002,84.150002,86.959999,83.840866,37922300
2017-06-01,87.160004,94.750000,87.010002,93.870003,90.503014,37065600
2017-07-01,94.389999,96.940002,90.239998,95.510002,92.592834,22013100
2017-08-01,95.690002,96.139999,86.309998,91.400002,88.608368,37727100
2017-09-01,91.400002,97.099998,86.150002,91.779999,88.976753,39482200
2017-10-01,92.400002,95.389999,91.500000,93.620003,91.270615,26653300
2017-11-01,94.300003,95.440002,90.459999,94.500000,92.128540,32103700
2017-12-01,95.129997,105.699997,93.949997,103.949997,101.341385,27872300
2018-01-01,104.570000,111.440002,104.540001,106.650002,104.492928,32616000
2018-02-01,106.089996,107.209999,98.110001,101.040001,98.996391,24907100
2018-03-01,101.019997,103.349998,95.000000,97.660004,95.684753,39519000
2018-04-01,98.059998,104.360001,92.769997,102.830002,101.269470,39529300
2018-05-01,102.199997,132.029999,100.269997,130.779999,128.795303,44896700
2018-06-01,131.759995,137.970001,130.389999,131.600006,129.602859,34372300
2018-07-01,130.850006,141.639999,129.830002,137.559998,136.014923,23476600
2018-08-01,136.289993,138.410004,122.269997,122.650002,121.272392,46156100
2018-09-01,122.000000,130.619995,120.650002,128.970001,127.521408,31059100
