1989-11-01,31.301653,31.301653,29.028925,30.165289,18.553219,190800
1989-12-01,30.165289,30.578512,29.132231,29.132231,17.917835,129300
1990-01-01,29.132231,29.855371,27.582645,28.615702,17.646076,310400
1990-02-01,28.615702,28.719007,25.206612,25.723141,15.862354,221300
1990-03-01,25.723141,25.826447,21.694216,23.140495,14.269750,363300
1990-04-01,23.140495,26.446281,22.830578,23.966942,14.779383,204900
1990-05-01,24.276859,27.685951,24.276859,27.479340,16.945332,91800
1990-06-01,27.582645,28.305784,23.760330,27.500000,16.958075,80700
1990-07-01,27.500000,28.750000,26.477272,27.272728,16.875221,136800
1990-08-01,27.159090,27.159090,23.068182,25.454546,15.750206,274300
1990-09-01,25.113636,25.795454,23.409090,23.409090,14.484565,135100
1990-10-01,25.454546,27.954546,25.454546,25.568182,15.820518,285000
1990-11-01,25.227272,26.136364,23.522728,24.545454,15.187706,160900
1990-12-01,23.977272,25.227272,22.727272,23.068182,14.273627,257800
1991-01-01,23.295454,25.568182,22.272728,23.977272,14.895112,146800
1991-02-01,23.977272,25.795454,23.750000,25.113636,15.601043,484500
1991-03-01,25.113636,26.136364,23.409090,23.409090,14.542151,269600
1991-04-01,23.636364,25.454546,23.409090,24.318182,15.106898,399600
1991-05-01,24.545454,24.772728,23.409090,23.636364,14.683343,287100
1991-06-01,23.636364,24.250000,21.022728,23.750000,14.753932,225100
1991-07-01,24.000000,24.750000,23.250000,23.875000,14.892242,247600
1991-08-01,23.875000,24.375000,21.500000,22.375000,13.956598,570600
1991-09-01,22.375000,24.250000,22.375000,23.750000,14.814264,159600
1991-10-01,23.875000,24.625000,23.750000,24.000000,14.970206,451400
1991-11-01,24.625000,24.875000,22.250000,22.250000,13.878624,256200
1991-12-01,22.250000,24.250000,22.250000,23.875000,14.892242,458600
1992-01-01,24.125000,25.000000,21.875000,23.125000,14.494776,293200
1992-02-01,23.125000,23.250000,22.000000,22.375000,14.024672,289700
1992-03-01,22.375000,22.500000,18.875000,20.625000,12.927768,433600
1992-04-01,20.250000,22.375000,20.000000,22.250000,13.946322,708000
1992-05-01,22.250000,23.625000,22.125000,23.375000,14.651474,823000
1992-06-01,23.500000,23.875000,22.500000,23.000000,14.416420,428800
1992-07-01,23.000000,24.000000,21.500000,22.250000,14.027989,769000
1992-08-01,22.250000,23.625000,21.500000,23.375000,14.737276,570300
1992-09-01,23.250000,23.875000,22.750000,23.125000,14.579657,638700
1992-10-01,23.375000,24.000000,22.375000,22.625000,14.264422,614500
1992-11-01,22.625000,23.000000,21.500000,22.750000,14.343233,316700
1992-12-01,22.750000,24.625000,22.625000,23.500000,14.816086,484000
1993-01-01,23.500000,23.625000,21.625000,22.500000,14.254500,342100
1993-02-01,22.500000,23.875000,22.125000,22.875000,14.492070,1082000
1993-03-01,22.875000,26.375000,22.375000,26.375000,16.709444,566100
1993-04-01,26.750000,31.625000,26.500000,31.625000,20.035488,879900
1993-05-01,31.500000,31.875000,29.750000,30.500000,19.322769,295900
1993-06-01,30.375000,31.750000,27.125000,28.750000,18.214079,598300
1993-07-01,29.250000,31.250000,28.250000,31.250000,19.904787,173000
1993-08-01,31.000000,32.625000,30.625000,32.000000,20.382509,498500
1993-09-01,31.875000,32.625000,30.750000,32.375000,20.621363,392100
1993-10-01,32.000000,34.500000,31.875000,34.375000,21.895273,186000
1993-11-01,34.750000,34.875000,28.000000,29.875000,19.028984,370300
1993-12-01,31.875000,32.875000,30.500000,32.000000,20.382509,293000
1994-01-01,31.750000,36.375000,31.750000,36.125000,23.109720,542500
1994-02-01,36.125000,38.875000,34.875000,38.875000,24.868925,696400
1994-03-01,39.000000,39.875000,37.875000,38.000000,24.309183,288800
1994-04-01,38.000000,39.375000,37.875000,38.875000,24.868925,250300
1994-05-01,38.625000,40.750000,37.875000,40.750000,26.068392,361900
1994-06-01,41.250000,44.625000,40.250000,44.625000,28.547287,767100
1994-07-01,43.875000,45.125000,42.500000,42.625000,27.356312,200300
1994-08-01,42.750000,44.000000,42.250000,43.000000,27.596975,323900
1994-09-01,43.125000,43.500000,39.750000,41.000000,26.313396,452200
1994-10-01,41.000000,43.875000,40.750000,43.625000,27.998093,325500
1994-11-01,43.625000,43.875000,41.875000,42.500000,27.276087,213700
1994-12-01,42.500000,42.500000,41.000000,41.875000,26.874979,204800
1995-01-01,42.000000,42.125000,38.125000,38.500000,24.817871,309500
1995-02-01,37.875000,38.125000,34.750000,35.875000,23.125748,226100
1995-03-01,35.750000,40.000000,35.625000,39.750000,25.623653,220300
1995-04-01,39.500000,42.375000,39.250000,40.500000,26.235180,143900
1995-05-01,40.875000,41.375000,36.875000,38.875000,25.182535,269800
1995-06-01,39.000000,40.625000,38.375000,39.750000,25.749348,471300
1995-07-01,39.875000,42.875000,39.625000,41.625000,26.963936,930600
1995-08-01,41.250000,41.250000,39.000000,39.375000,25.506428,694200
1995-09-01,39.375000,39.375000,35.500000,38.125000,24.696701,379300
1995-10-01,37.000000,38.750000,36.500000,37.125000,24.244907,600000
1995-11-01,36.875000,39.625000,36.750000,39.375000,25.714293,310600
1995-12-01,39.625000,42.500000,39.625000,42.250000,27.591837,243100
1996-01-01,42.250000,43.875000,41.875000,43.250000,28.244905,582400
1996-02-01,43.125000,44.250000,42.750000,42.875000,27.999996,633100
1996-03-01,43.000000,44.750000,41.250000,44.500000,29.061222,496600
1996-04-01,44.250000,45.625000,43.250000,45.500000,29.841713,456300
1996-05-01,45.250000,45.750000,44.125000,45.750000,30.005665,209800
1996-06-01,45.500000,51.125000,45.500000,50.125000,32.875057,481600
1996-07-01,49.125000,49.125000,45.000000,48.500000,31.809294,411600
1996-08-01,49.625000,50.500000,48.125000,48.125000,31.563347,392600
1996-09-01,48.000000,51.500000,47.875000,51.250000,33.612904,488600
1996-10-01,51.750000,51.750000,47.250000,47.500000,31.264318,1040800
1996-11-01,47.875000,55.625000,47.875000,54.625000,35.953953,474100
1996-12-01,53.500000,57.875000,52.750000,57.500000,37.846283,402000
1997-01-01,57.500000,57.875000,51.500000,51.750000,34.061649,1237700
1997-02-01,50.750000,55.625000,50.000000,51.500000,33.897102,443900
1997-03-01,51.375000,52.375000,49.750000,50.500000,33.238918,391600
1997-04-01,50.500000,58.000000,50.500000,57.750000,38.136227,556000
1997-05-01,57.750000,64.375000,57.000000,57.500000,37.971138,1145000
1997-06-01,58.625000,60.625000,57.750000,59.250000,39.126778,518800
1997-07-01,58.250000,61.875000,56.750000,61.375000,40.530056,332300
1997-08-01,59.375000,59.750000,52.125000,52.750000,34.834381,734600
1997-09-01,52.500000,63.000000,52.250000,61.000000,40.282421,420100
1997-10-01,61.250000,65.000000,56.000000,56.250000,37.233170,535200
1997-11-01,56.375000,57.750000,51.750000,57.375000,37.977829,649800
1997-12-01,57.875000,58.000000,53.250000,57.375000,37.977829,418700
1998-01-01,57.000000,59.625000,54.500000,56.250000,37.233170,375600
1998-02-01,56.500000,57.250000,51.500000,54.875000,36.323013,373000
1998-03-01,55.875000,55.875000,50.812500,52.750000,34.916435,535100
1998-04-01,52.750000,54.250000,50.000000,52.500000,34.889835,574900
1998-05-01,51.750000,53.000000,49.812500,50.000000,33.228416,267200
1998-06-01,48.500000,52.000000,47.875000,51.875000,34.474476,365000
1998-07-01,52.000000,52.437500,48.687500,48.937500,32.522308,391800
1998-08-01,48.687500,49.250000,41.000000,42.000000,27.911869,355000
1998-09-01,43.562500,48.375000,40.937500,44.875000,29.822502,448000
1998-10-01,44.250000,54.000000,42.562500,48.500000,32.330090,482400
1998-11-01,51.250000,54.125000,47.500000,50.625000,33.746620,289400
1998-12-01,50.625000,54.875000,49.375000,53.187500,35.454781,316000
1999-01-01,52.750000,53.375000,45.937500,52.500000,34.996490,426200
1999-02-01,52.625000,53.000000,49.625000,52.250000,34.829849,339600
1999-03-01,50.875000,58.750000,48.375000,57.250000,38.162842,498200
1999-04-01,60.500000,63.000000,56.625000,57.250000,38.285210,401100
1999-05-01,57.250000,59.500000,52.375000,54.000000,36.111824,233900
1999-06-01,55.500000,64.000000,54.687500,64.000000,42.799191,303000
1999-07-01,64.375000,70.000000,64.000000,70.000000,46.811623,511600
1999-08-01,69.250000,69.500000,61.750000,62.937500,42.088654,301800
1999-09-01,63.125000,69.312500,60.750000,62.375000,41.712479,846800
1999-10-01,65.125000,69.000000,63.312500,68.875000,46.189068,1165600
1999-11-01,68.875000,73.000000,65.750000,67.937500,45.560356,677800
1999-12-01,67.812500,97.375000,67.250000,97.375000,65.301804,629700
2000-01-01,97.500000,97.625000,79.875000,87.250000,58.511742,534000
2000-02-01,87.500000,92.500000,80.500000,81.312500,54.529930,404700
2000-03-01,81.312500,104.000000,80.500000,104.000000,69.744667,574200
2000-04-01,104.750000,108.250000,97.375000,99.937500,67.162865,440000
2000-05-01,102.750000,103.750000,90.875000,91.375000,61.408436,414800
2000-06-01,91.125000,96.000000,83.187500,93.187500,62.626522,441600
2000-07-01,90.000000,94.000000,82.625000,84.625000,56.872105,353800
2000-08-01,85.625000,90.000000,82.125000,87.250000,58.636257,590600
2000-09-01,87.500000,87.562500,76.187500,78.500000,52.755817,461200
2000-10-01,79.800003,81.440002,78.260002,80.129997,53.969353,386200
2000-11-01,80.129997,83.400002,69.599998,71.250000,47.988480,489900
2000-12-01,71.349998,71.970001,62.759998,62.950001,42.398228,578600
2001-01-01,62.950001,69.150002,58.020000,68.110001,45.873608,1116000
2001-02-01,69.500000,70.699997,66.010002,69.599998,46.877159,425300
2001-03-01,67.750000,75.639999,64.750000,70.750000,47.651711,585300
2001-04-01,69.000000,70.949997,65.099998,67.709999,45.720264,602100
2001-05-01,68.800003,71.500000,65.919998,71.250000,48.110584,869700
2001-06-01,70.000000,70.599998,66.459999,70.449997,47.570396,452000
2001-07-01,71.050003,71.440002,65.750000,66.300003,44.768169,424500
2001-08-01,66.099998,66.500000,60.369999,61.099998,41.256943,438800
2001-09-01,62.000000,62.099998,46.599998,51.849998,35.011009,500000
2001-10-01,53.450001,56.700001,49.049999,49.200001,33.339466,659500
2001-11-01,49.200001,54.689999,49.020000,51.900002,35.169071,1276600
2001-12-01,51.200001,51.900002,47.020000,50.959999,34.532089,994100
2002-01-01,50.509998,55.299999,50.500000,52.360001,35.480774,1524000
2002-02-01,52.400002,54.750000,48.750000,51.450001,34.864136,1146200
2002-03-01,51.450001,60.000000,51.299999,58.150002,39.404266,1180300
2002-04-01,55.750000,56.900002,54.389999,54.830002,37.295166,873300
2002-05-01,55.000000,57.450001,53.009998,55.369999,37.662464,1344700
2002-06-01,55.000000,55.000000,49.250000,53.000000,36.050400,1664100
2002-07-01,52.799999,53.000000,47.000000,47.970001,32.629017,1504800
2002-08-01,48.099998,52.000000,47.049999,50.040001,34.037022,1108900
2002-09-01,48.400002,54.299999,47.610001,51.099998,34.758018,1277200
2002-10-01,49.799999,50.990002,45.500000,48.599998,33.200718,1551400
2002-11-01,50.750000,53.849998,50.750000,52.900002,36.138222,954500
2002-12-01,52.900002,53.750000,50.500000,53.000000,36.206532,946700
2003-01-01,53.000000,55.369999,47.299999,47.799999,32.654198,1055300
2003-02-01,48.910000,50.189999,47.270000,47.480000,32.435593,1222100
2003-03-01,48.450001,48.959999,44.400002,44.950001,30.707243,1600200
2003-04-01,45.299999,46.000000,41.169998,45.279999,31.129208,2234700
2003-05-01,44.599998,47.889999,44.500000,47.680000,32.779171,2774300
2003-06-01,48.000000,53.750000,48.000000,51.799999,35.611580,1828400
2003-07-01,52.090000,59.490002,50.650002,51.299999,35.267857,2337600
2003-08-01,50.599998,58.200001,49.650002,55.389999,38.079655,2339300
2003-09-01,56.849998,67.519997,56.500000,59.549999,40.939583,4525100
2003-10-01,60.099998,64.199997,57.750000,58.020000,40.103439,4049800
2003-11-01,58.900002,64.180000,57.799999,59.570000,41.174797,3786500
2003-12-01,61.099998,69.750000,61.000000,68.750000,47.520016,2714400
2004-01-01,69.000000,72.290001,65.800003,66.400002,45.895691,2325500
2004-02-01,67.849998,69.989998,64.519997,69.129997,47.782650,2316800
2004-03-01,70.599998,75.879997,68.250000,74.500000,51.494408,2914500
2004-04-01,72.459999,76.550003,70.709999,73.209999,50.910179,2493800
2004-05-01,73.309998,74.669998,65.650002,72.349998,50.312134,4058100
2004-06-01,72.800003,81.949997,71.949997,81.620003,56.758495,7097100
2004-07-01,82.620003,82.940002,76.820000,80.000000,55.631950,5424200
2004-08-01,79.750000,80.279999,74.190002,79.190002,55.068687,4714400
2004-09-01,79.800003,80.099998,73.300003,76.379997,53.114597,5012400
2004-10-01,76.879997,78.709999,74.489998,77.589996,54.281651,4353700
2004-11-01,76.500000,79.500000,74.500000,74.709999,52.266811,5292100
2004-12-01,74.500000,81.870003,73.419998,81.870003,57.275925,5332400
2005-01-01,82.099998,82.269997,77.050003,78.190002,54.701435,4528300
2005-02-01,78.400002,80.400002,76.820000,77.779999,54.414589,4698600
2005-03-01,77.849998,79.500000,73.930000,74.379997,52.035954,5608900
2005-04-01,74.599998,76.809998,71.540001,72.709999,51.196323,5448200
2005-05-01,72.750000,75.250000,71.000000,71.709999,50.492203,6379500
2005-06-01,71.949997,73.089996,70.949997,71.489998,50.337292,6284800
2005-07-01,72.040001,76.300003,71.930000,75.860001,53.414291,5757200
2005-08-01,76.599998,82.839996,74.790001,81.980003,57.723480,6769400
2005-09-01,81.300003,94.330002,81.050003,92.370003,65.039261,8005600
2005-10-01,92.940002,93.500000,86.040001,92.809998,65.883171,7834700
2005-11-01,92.559998,100.800003,89.800003,96.750000,68.680069,8037900
2005-12-01,97.879997,104.900002,96.050003,104.620003,74.266754,9462900
2006-01-01,105.800003,108.250000,99.930000,103.709999,73.620766,10616200
2006-02-01,103.500000,108.830002,101.650002,106.870003,75.863960,6680600
2006-03-01,106.800003,110.279999,104.760002,108.900002,77.305016,6570300
2006-04-01,110.000000,118.150002,109.750000,117.129997,83.871063,4983900
2006-05-01,119.000000,124.000000,106.000000,107.379997,76.889534,9726700
2006-06-01,106.639999,110.540001,95.199997,104.589996,74.891777,9177900
2006-07-01,103.720001,106.230003,94.519997,105.220001,75.342896,6784500
2006-08-01,104.080002,113.449997,102.870003,108.339996,77.576965,6457700
2006-09-01,108.300003,109.290001,103.779999,108.900002,77.977959,5617200
2006-10-01,109.699997,120.360001,109.669998,118.000000,85.170853,7521300
2006-11-01,118.750000,125.019997,116.730003,120.050003,86.650528,12297800
2006-12-01,120.339996,135.089996,119.239998,134.309998,96.943207,8540800
2007-01-01,135.250000,137.970001,127.809998,131.779999,95.117065,12585300
2007-02-01,133.000000,138.000000,130.000000,133.600006,96.430733,10023900
2007-03-01,130.509995,135.630005,127.769997,128.160004,92.504211,13535200
2007-04-01,126.879997,128.500000,120.809998,121.419998,88.347404,15337400
2007-05-01,121.739998,123.000000,116.239998,120.760002,87.867165,15690500
2007-06-01,122.180000,126.489998,121.500000,125.879997,91.592583,10865200
2007-07-01,127.269997,128.330002,117.050003,120.629997,87.772568,10262600
2007-08-01,120.379997,123.349998,110.000000,115.680000,84.170883,14133300
2007-09-01,116.550003,117.989998,111.470001,116.860001,85.029472,7069000
2007-10-01,117.720001,119.000000,104.500000,114.440002,84.141808,13168600
2007-11-01,115.449997,116.000000,106.790001,112.449997,82.678665,12056300
2007-12-01,112.000000,115.190002,104.800003,106.169998,78.061287,8685600
2008-01-01,106.599998,108.900002,91.209999,108.320000,79.642082,15602900
2008-02-01,108.669998,117.589996,105.110001,108.550003,79.811172,12405400
2008-03-01,108.000000,109.160004,97.860001,100.889999,74.179184,14831700
2008-04-01,101.190002,103.940002,95.010002,101.500000,75.652657,17904400
2008-05-01,101.019997,106.580002,96.699997,102.050003,76.062584,12426500
2008-06-01,103.029999,106.820000,93.800003,94.000000,70.062553,13227500
2008-07-01,93.690002,94.599998,85.589996,86.050003,64.137047,17125800
2008-08-01,86.000000,93.199997,82.080002,89.589996,66.775581,15477300
2008-09-01,89.480003,92.199997,81.760002,85.800003,63.950726,18004100
2008-10-01,82.629997,85.190002,57.009998,76.089996,57.532726,32101600
2008-11-01,76.250000,83.750000,58.630001,63.099998,47.710808,29141200
2008-12-01,61.849998,69.779999,55.410000,65.440002,49.480122,29918900
2009-01-01,65.250000,68.540001,61.000000,63.509998,48.020824,22854200
2009-02-01,62.950001,71.500000,61.740002,63.139999,47.741051,23065500
2009-03-01,62.389999,67.269997,56.790001,63.299999,47.862034,24879800
2009-04-01,66.169998,81.900002,65.900002,79.160004,60.519600,24572300
2009-05-01,79.250000,83.940002,72.500000,80.150002,61.276485,17244500
2009-06-01,80.980003,82.250000,74.330002,75.529999,57.744381,13019800
2009-07-01,75.029999,85.120003,72.900002,84.180000,64.357506,11280400
2009-08-01,86.000000,87.669998,83.370003,85.190002,65.129669,10055700
2009-09-01,85.540001,86.300003,78.269997,78.570000,60.068542,10865300
2009-10-01,78.370003,80.739998,74.139999,78.889999,61.173172,11349400
2009-11-01,80.010002,80.730003,75.790001,78.540001,60.901787,8621100
2009-12-01,80.070000,85.699997,79.830002,84.160004,65.259682,7865700
2010-01-01,84.750000,91.970001,76.510002,77.000000,59.707626,16982500
2010-02-01,78.989998,80.790001,71.000000,74.830002,58.024960,86416700
2010-03-01,74.250000,82.459999,73.019997,80.419998,62.359577,34887200
2010-04-01,79.919998,81.650002,76.160004,77.089996,60.831364,23745200
2010-05-01,77.330002,78.559998,71.809998,72.339996,57.083168,20802600
2010-06-01,71.930000,73.209999,68.050003,68.570000,54.108288,15398300
2010-07-01,68.440002,73.339996,68.019997,70.230003,55.418182,14938100
2010-08-01,71.459999,74.669998,67.660004,67.839996,53.532238,16058400
2010-09-01,68.250000,73.360001,67.559998,71.580002,56.483463,13948700
2010-10-01,71.750000,72.660004,69.650002,70.820000,56.343178,10916500
2010-11-01,70.099998,78.970001,69.330002,77.690002,61.808849,16857200
2010-12-01,79.059998,79.809998,76.839996,78.629997,62.556698,8223300
2011-01-01,79.019997,86.099998,78.699997,82.180000,65.381027,11839200
2011-02-01,82.610001,93.739998,82.339996,93.300003,74.227913,17676700
2011-03-01,93.720001,93.900002,77.360001,80.250000,63.845543,30782900
2011-04-01,80.529999,81.000000,75.849998,79.680000,63.983891,18870800
2011-05-01,80.769997,84.000000,78.620003,83.290001,66.882767,14404900
2011-06-01,82.709999,82.849998,79.029999,82.419998,66.184151,11834100
2011-07-01,82.440002,85.489998,81.029999,81.919998,65.782639,8665800
2011-08-01,82.089996,82.570000,70.050003,71.839996,57.688293,17018900
2011-09-01,71.599998,72.169998,66.339996,68.260002,54.813503,11019800
2011-10-01,68.220001,69.809998,65.300003,66.709999,53.970634,10780300
2011-11-01,65.309998,66.379997,60.369999,65.910004,53.323414,12592500
2011-12-01,65.570000,68.660004,63.270000,66.129997,53.501389,9804500
2012-01-01,67.389999,74.879997,67.269997,73.480003,59.447800,10356500
2012-02-01,74.910004,84.900002,74.910004,82.709999,66.915176,12564400
2012-03-01,82.570000,87.150002,79.699997,86.820000,70.240303,9978900
2012-04-01,85.660004,86.980003,78.910004,81.779999,66.716583,8600900
2012-05-01,79.540001,81.599998,75.739998,76.889999,62.727291,9748500
2012-06-01,75.849998,80.500000,73.900002,80.480003,65.656029,7233100
2012-07-01,80.339996,81.120003,72.040001,76.510002,62.417290,5931700
2012-08-01,77.080002,82.739998,76.220001,79.620003,64.954460,10557300
2012-09-01,78.699997,83.739998,78.010002,78.510002,64.048897,7274400
2012-10-01,77.120003,79.139999,74.269997,77.470001,63.737679,7462700
2012-11-01,77.599998,86.839996,76.169998,86.080002,70.821480,6800700
2012-12-01,85.620003,93.360001,84.949997,93.250000,76.720528,7727300
2013-01-01,94.779999,97.550003,93.199997,95.370003,78.464737,10841100
2013-02-01,97.239998,106.000000,97.190002,102.599998,84.413147,12666000
2013-03-01,102.330002,104.639999,101.480003,102.639999,84.446053,9150800
2013-04-01,101.879997,116.820000,99.699997,116.300003,96.868591,15394800
2013-05-01,114.269997,130.990005,112.839996,117.550003,97.909760,17928700
2013-06-01,115.580002,123.180000,112.279999,120.660004,100.500122,13879300
2013-07-01,122.389999,131.500000,120.110001,121.900002,101.532944,9083500
2013-08-01,126.250000,134.940002,120.620003,120.790001,100.608391,8360300
2013-09-01,124.000000,132.339996,123.720001,128.029999,106.638733,6721300
2013-10-01,128.029999,132.529999,123.500000,129.419998,108.777985,7704200
2013-11-01,129.509995,130.350006,124.760002,125.050003,105.105003,8001200
2013-12-01,124.820000,125.550003,118.110001,121.919998,102.474220,8815500
2014-01-01,121.599998,121.739998,113.610001,114.760002,96.456215,9045900
2014-02-01,113.970001,118.410004,110.750000,115.300003,96.910080,7753200
2014-03-01,113.839996,115.279999,106.309998,112.900002,94.892868,9660400
2014-04-01,112.949997,113.589996,103.379997,108.419998,92.800674,11322900
2014-05-01,110.019997,113.389999,107.529999,113.110001,96.815018,7703500
2014-06-01,114.120003,119.879997,113.269997,119.660004,102.421410,7452600
2014-07-01,121.430000,122.349998,116.610001,117.989998,100.991997,5568800
2014-08-01,117.709999,119.820000,113.919998,114.320000,97.850708,5419400
2014-09-01,115.940002,119.809998,114.970001,117.529999,100.598259,6340200
2014-10-01,117.940002,121.440002,108.400002,121.349998,104.983704,10715600
2014-11-01,121.300003,123.330002,117.500000,123.129997,106.523666,8026600
2014-12-01,124.660004,129.300003,121.059998,125.480003,108.556725,8056500
2015-01-01,126.230003,132.419998,121.209999,128.850006,111.472206,6699600
2015-02-01,130.100006,138.699997,128.960007,135.369995,117.112862,5862000
2015-03-01,135.250000,145.800003,133.600006,139.889999,121.023247,7387200
2015-04-01,138.330002,142.839996,137.199997,139.020004,121.985527,5451500
2015-05-01,138.750000,142.339996,136.500000,137.889999,120.993988,5461000
2015-06-01,137.800003,137.979996,131.919998,133.750000,117.361267,4898500
2015-07-01,133.720001,136.389999,127.940002,133.460007,117.106819,5847900
2015-08-01,132.440002,133.389999,109.070000,118.379997,103.874588,7952500
2015-09-01,115.580002,123.410004,113.160004,118.820000,104.260696,11592400
2015-10-01,118.489998,126.449997,117.230003,122.620003,109.093712,5925900
2015-11-01,123.180000,125.190002,120.989998,124.419998,110.695152,4928600
2015-12-01,125.750000,127.279999,121.669998,123.040001,109.467384,6930700
2016-01-01,121.519997,122.260002,108.940002,120.029999,106.789413,8483500
2016-02-01,120.000000,120.769997,102.540001,104.099998,92.616661,10570800
2016-03-01,105.300003,110.290001,104.889999,106.320000,94.591782,8270200
2016-04-01,103.470001,107.910004,97.800003,101.699997,93.971634,10843600
2016-05-01,102.519997,104.820000,98.019997,103.410004,95.551689,10442900
2016-06-01,104.239998,110.000000,98.389999,99.989998,92.391579,11610800
2016-07-01,99.580002,112.790001,98.480003,111.599998,103.119316,7837700
2016-08-01,112.120003,121.769997,109.080002,120.629997,111.463112,8962300
2016-09-01,121.589996,122.089996,114.379997,116.059998,107.240395,6822900
2016-10-01,114.489998,117.180000,114.089996,115.660004,108.495216,4077400
2016-11-01,115.760002,118.809998,109.940002,118.529999,111.187424,5317200
2016-12-01,117.690002,123.180000,116.699997,117.199997,109.939812,4185800
2017-01-01,118.169998,121.389999,115.070000,115.750000,108.579636,4125200
2017-02-01,115.839996,116.150002,111.120003,113.150002,106.140701,5079700
2017-03-01,114.820000,114.980003,108.410004,108.620003,101.891327,5181700
2017-04-01,108.620003,110.330002,104.169998,108.139999,103.247269,5862600
2017-05-01,108.290001,110.349998,105.690002,107.540001,102.674408,5179700
2017-06-01,107.839996,109.620003,103.620003,105.019997,100.268417,5811100
2017-07-01,105.800003,113.000000,105.650002,112.839996,107.734612,4520600
2017-08-01,114.120003,114.489998,111.290001,112.980003,107.868279,4247800
2017-09-01,112.739998,121.800003,112.629997,119.169998,113.778214,3710700
2017-10-01,118.830002,124.440002,118.820000,124.000000,120.167580,3447600
2017-11-01,124.290001,128.110001,122.489998,126.339996,122.435249,3176700
2017-12-01,125.400002,128.440002,122.629997,127.169998,123.239609,2681800
2018-01-01,127.430000,140.990005,127.169998,137.919998,133.657364,4421400
2018-02-01,138.240005,139.479996,131.309998,134.600006,130.439972,4418000
2018-03-01,133.479996,133.559998,124.459999,130.369995,126.340698,4412700
2018-04-01,128.949997,131.869995,124.449997,130.979996,129.139450,4374100
2018-05-01,130.690002,138.679993,126.360001,127.970001,126.171753,3718400
2018-06-01,131.289993,137.559998,127.099998,128.809998,126.999947,3457800
2018-07-01,127.519997,135.570007,127.000000,131.839996,129.987366,2639600
2018-08-01,132.500000,133.179993,121.419998,124.080002,122.336418,4285900
2018-09-01,122.169998,125.889999,119.019997,124.349998,122.602623,3202700
