1.764607600000000076e+01 1.778195550000000225e+01 1.803904333333333199e+01 0.000000000000000000e+00
1.586235399999999984e+01 1.675421500000000208e+01 1.714208833333333359e+01 0.000000000000000000e+00
1.426975000000000016e+01 1.506605199999999911e+01 1.592606000000000144e+01 0.000000000000000000e+00
1.477938299999999927e+01 1.452456649999999883e+01 1.497049566666666465e+01 1.000000000000000000e+00
1.694533200000000051e+01 1.586235749999999989e+01 1.533148833333333272e+01 1.000000000000000000e+00
1.695807500000000090e+01 1.695170350000000070e+01 1.622759666666666689e+01 0.000000000000000000e+00
1.687522099999999980e+01 1.691664800000000213e+01 1.692620933333333255e+01 0.000000000000000000e+00
1.575020600000000037e+01 1.631271350000000098e+01 1.652783400000000213e+01 0.000000000000000000e+00
1.448456499999999991e+01 1.511738550000000103e+01 1.570333066666666788e+01 0.000000000000000000e+00
1.582051799999999986e+01 1.515254149999999989e+01 1.535176300000000005e+01 1.000000000000000000e+00
1.518770600000000037e+01 1.550411199999999923e+01 1.516426300000000005e+01 0.000000000000000000e+00
1.427362699999999940e+01 1.473066649999999989e+01 1.509395033333333203e+01 0.000000000000000000e+00
1.489511199999999924e+01 1.458436949999999932e+01 1.478548166666666752e+01 1.000000000000000000e+00
1.560104300000000066e+01 1.524807750000000084e+01 1.492326066666666584e+01 1.000000000000000000e+00
1.454215100000000049e+01 1.507159700000000058e+01 1.501276866666666798e+01 0.000000000000000000e+00
1.510689799999999927e+01 1.482452449999999899e+01 1.508336400000000133e+01 1.000000000000000000e+00
1.468334300000000070e+01 1.489512050000000087e+01 1.477746400000000015e+01 0.000000000000000000e+00
1.475393200000000071e+01 1.471863749999999982e+01 1.484805766666666749e+01 0.000000000000000000e+00
1.489224199999999954e+01 1.482308700000000101e+01 1.477650566666666521e+01 1.000000000000000000e+00
1.395659799999999962e+01 1.442441999999999958e+01 1.453425733333333447e+01 0.000000000000000000e+00
1.481426399999999965e+01 1.438543100000000052e+01 1.455436799999999842e+01 1.000000000000000000e+00
1.497020599999999924e+01 1.489223499999999945e+01 1.458035600000000009e+01 1.000000000000000000e+00
1.387862400000000029e+01 1.442441499999999976e+01 1.455436466666666639e+01 0.000000000000000000e+00
1.489224199999999954e+01 1.438543299999999903e+01 1.458035733333333361e+01 1.000000000000000000e+00
1.449477599999999988e+01 1.469350899999999882e+01 1.442188066666666657e+01 0.000000000000000000e+00
1.402467200000000069e+01 1.425972400000000029e+01 1.447056333333333278e+01 0.000000000000000000e+00
1.292776800000000037e+01 1.347622000000000142e+01 1.381573866666666639e+01 0.000000000000000000e+00
1.394632200000000033e+01 1.343704500000000124e+01 1.363292066666666891e+01 1.000000000000000000e+00
1.465147400000000033e+01 1.429889800000000122e+01 1.384185466666666819e+01 1.000000000000000000e+00
1.441642000000000046e+01 1.453394700000000128e+01 1.433807200000000215e+01 0.000000000000000000e+00
1.402798899999999982e+01 1.422220450000000014e+01 1.436529433333333294e+01 0.000000000000000000e+00
1.473727599999999960e+01 1.438263249999999971e+01 1.439389500000000055e+01 1.000000000000000000e+00
1.457965699999999920e+01 1.465846649999999940e+01 1.444830733333333228e+01 0.000000000000000000e+00
1.426442199999999971e+01 1.442203950000000034e+01 1.452711833333333402e+01 0.000000000000000000e+00
1.434323299999999968e+01 1.430382750000000058e+01 1.439577066666666560e+01 1.000000000000000000e+00
1.481608600000000031e+01 1.457965949999999999e+01 1.447458033333333383e+01 1.000000000000000000e+00
1.425450000000000017e+01 1.453529299999999935e+01 1.447127300000000183e+01 0.000000000000000000e+00
1.449207000000000001e+01 1.437328499999999920e+01 1.452088533333333231e+01 1.000000000000000000e+00
1.670944400000000130e+01 1.560075700000000154e+01 1.515200466666666479e+01 1.000000000000000000e+00
2.003548800000000085e+01 1.837246600000000285e+01 1.707900066666666916e+01 1.000000000000000000e+00
1.932276900000000097e+01 1.967912850000000091e+01 1.868923366666667008e+01 0.000000000000000000e+00
1.821407900000000168e+01 1.876842400000000310e+01 1.919077866666667020e+01 0.000000000000000000e+00
1.990478699999999890e+01 1.905943299999999851e+01 1.914721166666666718e+01 1.000000000000000000e+00
2.038250899999999888e+01 2.014364799999999889e+01 1.950045833333333078e+01 1.000000000000000000e+00
2.062136299999999878e+01 2.050193600000000060e+01 2.030288633333333337e+01 1.000000000000000000e+00
2.189527299999999954e+01 2.125831799999999916e+01 2.096638166666666692e+01 1.000000000000000000e+00
1.902898400000000123e+01 2.046212849999999861e+01 2.051520666666666770e+01 0.000000000000000000e+00
2.038250899999999888e+01 1.970574650000000005e+01 2.043558866666666418e+01 1.000000000000000000e+00
2.310971999999999937e+01 2.174611449999999735e+01 2.084040433333333553e+01 1.000000000000000000e+00
2.486892500000000084e+01 2.398932250000000010e+01 2.278705133333333421e+01 1.000000000000000000e+00
2.430918300000000087e+01 2.458905400000000085e+01 2.409594266666666940e+01 0.000000000000000000e+00
2.486892500000000084e+01 2.458905400000000085e+01 2.468234433333333300e+01 1.000000000000000000e+00
2.606839199999999934e+01 2.546865850000000009e+01 2.508216666666666583e+01 1.000000000000000000e+00
2.854728700000000075e+01 2.730783950000000004e+01 2.649486800000000031e+01 1.000000000000000000e+00
2.735631199999999907e+01 2.795179949999999991e+01 2.732399700000000209e+01 0.000000000000000000e+00
2.759697500000000048e+01 2.747664350000000155e+01 2.783352466666666558e+01 1.000000000000000000e+00
2.631339600000000090e+01 2.695518549999999891e+01 2.708889433333333230e+01 0.000000000000000000e+00
2.799809300000000079e+01 2.715574450000000084e+01 2.730282133333333050e+01 1.000000000000000000e+00
2.727608700000000042e+01 2.763709000000000060e+01 2.719585866666666618e+01 0.000000000000000000e+00
2.687497899999999973e+01 2.707553300000000007e+01 2.738305300000000031e+01 0.000000000000000000e+00
2.481787100000000024e+01 2.584642499999999998e+01 2.632297900000000013e+01 0.000000000000000000e+00
2.312574800000000153e+01 2.397180949999999910e+01 2.493953266666666835e+01 0.000000000000000000e+00
2.562365300000000090e+01 2.437470050000000299e+01 2.452242400000000089e+01 1.000000000000000000e+00
2.623517999999999972e+01 2.592941650000000209e+01 2.499486033333333523e+01 1.000000000000000000e+00
2.518253500000000145e+01 2.570885750000000058e+01 2.568045600000000306e+01 0.000000000000000000e+00
2.574934800000000124e+01 2.546594149999999956e+01 2.572235433333333177e+01 1.000000000000000000e+00
2.696393600000000035e+01 2.635664200000000079e+01 2.596527299999999983e+01 1.000000000000000000e+00
2.550642799999999966e+01 2.623518200000000178e+01 2.607323733333333493e+01 0.000000000000000000e+00
2.469670100000000090e+01 2.510156450000000206e+01 2.572235500000000386e+01 0.000000000000000000e+00
2.424490700000000132e+01 2.447080400000000111e+01 2.481601200000000063e+01 0.000000000000000000e+00
2.571429300000000140e+01 2.497960000000000136e+01 2.488530033333333336e+01 1.000000000000000000e+00
2.759183700000000172e+01 2.665306500000000156e+01 2.585034566666666933e+01 1.000000000000000000e+00
2.824490499999999926e+01 2.791837100000000049e+01 2.718367833333333294e+01 1.000000000000000000e+00
2.799999599999999944e+01 2.812245049999999935e+01 2.794557933333333111e+01 0.000000000000000000e+00
2.906122200000000078e+01 2.853060899999999833e+01 2.843537433333333198e+01 1.000000000000000000e+00
2.984171299999999860e+01 2.945146749999999969e+01 2.896764366666666390e+01 1.000000000000000000e+00
3.000566500000000048e+01 2.992368899999999954e+01 2.963620000000000232e+01 1.000000000000000000e+00
3.287505699999999820e+01 3.144036099999999934e+01 3.090747833333333006e+01 1.000000000000000000e+00
3.180929400000000129e+01 3.234217549999999619e+01 3.156333866666666665e+01 0.000000000000000000e+00
3.156334700000000026e+01 3.168632050000000078e+01 3.208256599999999281e+01 0.000000000000000000e+00
3.361290400000000034e+01 3.258812550000000385e+01 3.232851500000000300e+01 1.000000000000000000e+00
3.126431799999999939e+01 3.243861100000000164e+01 3.214685633333333925e+01 0.000000000000000000e+00
3.595395299999999850e+01 3.360913550000000072e+01 3.361039166666666489e+01 1.000000000000000000e+00
3.784628299999999967e+01 3.690011799999999909e+01 3.502151800000000037e+01 1.000000000000000000e+00
3.406164900000000273e+01 3.595396600000000120e+01 3.595396166666666460e+01 0.000000000000000000e+00
3.389710199999999674e+01 3.397937550000000329e+01 3.526834466666667112e+01 0.000000000000000000e+00
3.323891799999999819e+01 3.356801000000000101e+01 3.373255633333333492e+01 0.000000000000000000e+00
3.813622699999999810e+01 3.568757250000000170e+01 3.509074899999999531e+01 1.000000000000000000e+00
3.797113800000000339e+01 3.805368250000000074e+01 3.644876099999999752e+01 0.000000000000000000e+00
3.912677800000000161e+01 3.854895799999999895e+01 3.841138099999999866e+01 1.000000000000000000e+00
4.053005600000000186e+01 3.982841700000000174e+01 3.920932400000000229e+01 1.000000000000000000e+00
3.483438100000000048e+01 3.768221850000000472e+01 3.816373833333333465e+01 0.000000000000000000e+00
4.028242099999999937e+01 3.755840100000000348e+01 3.854895266666667197e+01 1.000000000000000000e+00
3.723317000000000121e+01 3.875779550000000029e+01 3.744999066666667176e+01 0.000000000000000000e+00
3.797782899999999984e+01 3.760549950000000052e+01 3.849780666666666917e+01 1.000000000000000000e+00
3.797782899999999984e+01 3.797782899999999984e+01 3.772960933333333600e+01 0.000000000000000000e+00
3.723317000000000121e+01 3.760549950000000052e+01 3.772960933333333600e+01 0.000000000000000000e+00
3.632301300000000310e+01 3.677809150000000216e+01 3.717800400000000138e+01 0.000000000000000000e+00
3.491643499999999989e+01 3.561972400000000505e+01 3.615753933333333947e+01 0.000000000000000000e+00
3.488983499999999793e+01 3.490313499999999891e+01 3.537642766666667171e+01 0.000000000000000000e+00
3.322841600000000284e+01 3.405912550000000039e+01 3.434489533333333355e+01 0.000000000000000000e+00
3.447447600000000278e+01 3.385144600000000281e+01 3.419757566666666548e+01 1.000000000000000000e+00
3.252230800000000244e+01 3.349839200000000261e+01 3.340840000000000032e+01 0.000000000000000000e+00
2.791186899999999937e+01 3.021708850000000268e+01 3.163621766666666701e+01 0.000000000000000000e+00
2.982250200000000007e+01 2.886718549999999794e+01 3.008555966666666848e+01 1.000000000000000000e+00
3.233008999999999844e+01 3.107629599999999925e+01 3.002148699999999693e+01 1.000000000000000000e+00
3.374662000000000006e+01 3.303835499999999570e+01 3.196640400000000071e+01 1.000000000000000000e+00
3.545478099999999699e+01 3.460070050000000208e+01 3.384383033333332946e+01 1.000000000000000000e+00
3.499649000000000143e+01 3.522563549999999566e+01 3.473263033333333283e+01 0.000000000000000000e+00
3.482984900000000295e+01 3.491316950000000219e+01 3.509370666666666239e+01 0.000000000000000000e+00
3.816284199999999771e+01 3.649634550000000388e+01 3.599639366666666973e+01 1.000000000000000000e+00
3.828520999999999930e+01 3.822402599999999495e+01 3.709263366666667139e+01 0.000000000000000000e+00
3.611182399999999859e+01 3.719851699999999539e+01 3.751995866666666046e+01 0.000000000000000000e+00
4.279919100000000043e+01 3.945550749999999596e+01 3.906540833333333040e+01 1.000000000000000000e+00
4.681162299999999732e+01 4.480540700000000243e+01 4.190754599999999641e+01 1.000000000000000000e+00
4.208865399999999823e+01 4.445013849999999422e+01 4.389982266666666533e+01 0.000000000000000000e+00
4.171247900000000186e+01 4.190056649999999649e+01 4.353758533333333247e+01 0.000000000000000000e+00
4.618906799999999890e+01 4.395077349999999683e+01 4.333006699999999256e+01 1.000000000000000000e+00
4.556035599999999874e+01 4.587471200000000238e+01 4.448730100000000220e+01 0.000000000000000000e+00
6.530180400000000418e+01 5.543108000000000146e+01 5.235040933333333868e+01 1.000000000000000000e+00
5.851174199999999814e+01 6.190677300000000116e+01 5.645796733333332895e+01 0.000000000000000000e+00
5.452993000000000023e+01 5.652083600000000274e+01 5.944782533333333419e+01 0.000000000000000000e+00
6.974466700000000685e+01 6.213729849999999999e+01 6.092877966666666367e+01 1.000000000000000000e+00
6.716286499999999648e+01 6.845376600000000167e+01 6.381248733333332979e+01 0.000000000000000000e+00
6.140843600000000180e+01 6.428565050000000269e+01 6.610532266666666601e+01 0.000000000000000000e+00
6.262652200000000136e+01 6.201747900000000158e+01 6.373260766666666655e+01 1.000000000000000000e+00
5.687210499999999769e+01 5.974931349999999952e+01 6.030235433333333361e+01 0.000000000000000000e+00
5.863625700000000052e+01 5.775418100000000265e+01 5.937829466666666889e+01 1.000000000000000000e+00
5.275581700000000041e+01 5.569603700000000401e+01 5.608805966666667331e+01 0.000000000000000000e+00
5.396935299999999813e+01 5.336258499999999572e+01 5.512047566666666398e+01 1.000000000000000000e+00
4.798848000000000269e+01 5.097891649999999686e+01 5.157121666666666471e+01 0.000000000000000000e+00
4.239822800000000314e+01 4.519335399999999936e+01 4.811868700000000132e+01 0.000000000000000000e+00
4.587360799999999728e+01 4.413591800000000376e+01 4.542010533333333200e+01 1.000000000000000000e+00
4.687715899999999891e+01 4.637538349999999809e+01 4.504966500000000451e+01 1.000000000000000000e+00
4.765171099999999882e+01 4.726443499999999887e+01 4.680082600000000070e+01 1.000000000000000000e+00
4.572026400000000024e+01 4.668598749999999598e+01 4.674971133333333029e+01 0.000000000000000000e+00
4.811058400000000290e+01 4.691542400000000157e+01 4.716085299999999592e+01 1.000000000000000000e+00
4.757039600000000235e+01 4.784049000000000262e+01 4.713374800000000420e+01 0.000000000000000000e+00
4.476816900000000032e+01 4.616928250000000133e+01 4.681638300000000186e+01 0.000000000000000000e+00
4.125694299999999970e+01 4.301255600000000356e+01 4.453183599999999842e+01 0.000000000000000000e+00
3.501100900000000138e+01 3.813397600000000409e+01 4.034537366666666713e+01 0.000000000000000000e+00
3.333946600000000160e+01 3.417523750000000149e+01 3.653580600000000089e+01 0.000000000000000000e+00
3.516907100000000241e+01 3.425426850000000201e+01 3.450651533333333276e+01 1.000000000000000000e+00
3.453208899999999915e+01 3.485058000000000078e+01 3.434687533333333676e+01 0.000000000000000000e+00
3.548077399999999670e+01 3.500643149999999792e+01 3.506064466666666846e+01 1.000000000000000000e+00
3.486413600000000201e+01 3.517245499999999936e+01 3.495899966666666359e+01 0.000000000000000000e+00
3.940426599999999979e+01 3.713420100000000446e+01 3.658305866666666617e+01 1.000000000000000000e+00
3.729516600000000182e+01 3.834971600000000080e+01 3.718785600000000358e+01 0.000000000000000000e+00
3.766246399999999994e+01 3.747881499999999733e+01 3.812063200000000052e+01 1.000000000000000000e+00
3.605040000000000333e+01 3.685643199999999808e+01 3.700267666666666599e+01 0.000000000000000000e+00
3.262901699999999749e+01 3.433970850000000041e+01 3.544729366666666692e+01 0.000000000000000000e+00
3.403702200000000033e+01 3.333301949999999891e+01 3.423881300000000039e+01 1.000000000000000000e+00
3.475801799999999986e+01 3.439752000000000010e+01 3.380801900000000160e+01 1.000000000000000000e+00
3.320071800000000195e+01 3.397936800000000090e+01 3.399858599999999598e+01 0.000000000000000000e+00
3.613822199999999896e+01 3.466947000000000401e+01 3.469898599999999789e+01 1.000000000000000000e+00
3.620653200000000282e+01 3.617237699999999734e+01 3.518182400000000598e+01 0.000000000000000000e+00
3.265419800000000095e+01 3.443036500000000188e+01 3.499965066666666758e+01 0.000000000000000000e+00
3.243559299999999723e+01 3.254489549999999554e+01 3.376544100000000270e+01 0.000000000000000000e+00
3.070724299999999829e+01 3.157141799999999776e+01 3.193234466666666549e+01 0.000000000000000000e+00
3.112920799999999844e+01 3.091822549999999836e+01 3.142401466666666465e+01 1.000000000000000000e+00
3.277917099999999806e+01 3.195418949999999825e+01 3.153854066666666611e+01 1.000000000000000000e+00
3.561157999999999646e+01 3.419537549999999726e+01 3.317331966666666432e+01 1.000000000000000000e+00
3.526785699999999935e+01 3.543971849999999790e+01 3.455286933333332655e+01 0.000000000000000000e+00
3.807965500000000247e+01 3.667375599999999736e+01 3.631969733333333039e+01 1.000000000000000000e+00
4.093958299999999895e+01 3.950961900000000071e+01 3.809569833333333122e+01 1.000000000000000000e+00
4.010343900000000161e+01 4.052151100000000383e+01 3.970755900000000338e+01 0.000000000000000000e+00
4.117479699999999809e+01 4.063911799999999630e+01 4.073927300000000429e+01 1.000000000000000000e+00
4.752001599999999826e+01 4.434740649999999818e+01 4.293275066666666362e+01 1.000000000000000000e+00
4.589569099999999935e+01 4.670785349999999880e+01 4.486350133333333901e+01 0.000000000000000000e+00
4.778264999999999674e+01 4.683917049999999449e+01 4.706611899999999338e+01 1.000000000000000000e+00
5.149440799999999996e+01 4.963852899999999835e+01 4.839091633333332965e+01 1.000000000000000000e+00
5.091017899999999941e+01 5.120229349999999613e+01 5.006241233333332730e+01 0.000000000000000000e+00
5.031213400000000036e+01 5.061115649999999988e+01 5.090557366666666894e+01 0.000000000000000000e+00
5.675849500000000347e+01 5.353531449999999836e+01 5.266026933333333204e+01 1.000000000000000000e+00
5.563195000000000334e+01 5.619522249999999985e+01 5.423419300000000476e+01 0.000000000000000000e+00
5.506868699999999706e+01 5.535031850000000020e+01 5.581971066666667269e+01 0.000000000000000000e+00
5.311459700000000339e+01 5.409164200000000022e+01 5.460507799999999889e+01 0.000000000000000000e+00
5.428165099999999654e+01 5.369812399999999997e+01 5.415497833333333233e+01 1.000000000000000000e+00
5.226681099999999702e+01 5.327423100000000034e+01 5.322101966666667039e+01 0.000000000000000000e+00
5.727592500000000086e+01 5.477136799999999539e+01 5.460812899999999814e+01 1.000000000000000000e+00
5.470143499999999648e+01 5.598868000000000222e+01 5.474805699999999575e+01 0.000000000000000000e+00
5.441458899999999943e+01 5.455801199999999795e+01 5.546398300000000603e+01 0.000000000000000000e+00
5.203595399999999671e+01 5.322527149999999807e+01 5.371732599999999280e+01 0.000000000000000000e+00
5.119632299999999958e+01 5.161613849999999815e+01 5.254895533333333191e+01 0.000000000000000000e+00
5.049220300000000350e+01 5.084426299999999799e+01 5.124149333333333090e+01 0.000000000000000000e+00
5.033729199999999793e+01 5.041474750000000427e+01 5.067527266666666463e+01 0.000000000000000000e+00
5.341429099999999863e+01 5.187579149999999828e+01 5.141459533333333098e+01 1.000000000000000000e+00
5.772348000000000212e+01 5.556888550000000038e+01 5.382502099999999956e+01 1.000000000000000000e+00
6.503926099999999622e+01 6.138137050000000272e+01 5.872567733333332995e+01 1.000000000000000000e+00
6.588317100000000437e+01 6.546121600000000740e+01 6.288197066666666757e+01 1.000000000000000000e+00
6.868006900000000314e+01 6.728162000000000376e+01 6.653416700000001072e+01 1.000000000000000000e+00
7.426675400000000593e+01 7.147341149999999743e+01 6.960999800000000448e+01 1.000000000000000000e+00
7.362076600000000326e+01 7.394375999999999749e+01 7.218919633333332797e+01 0.000000000000000000e+00
7.586396000000000583e+01 7.474236300000001165e+01 7.458382666666666694e+01 1.000000000000000000e+00
7.730501599999999485e+01 7.658448799999999324e+01 7.559658066666666798e+01 1.000000000000000000e+00
8.387106300000000658e+01 8.058803950000000782e+01 7.901334633333333102e+01 1.000000000000000000e+00
7.688953399999999760e+01 8.038029850000000920e+01 7.935520433333333301e+01 0.000000000000000000e+00
7.489177700000000470e+01 7.589065550000000826e+01 7.855079133333333630e+01 0.000000000000000000e+00
7.534289599999999609e+01 7.511733649999999329e+01 7.570806900000000894e+01 1.000000000000000000e+00
7.757696500000000128e+01 7.645993049999999869e+01 7.593721266666666736e+01 1.000000000000000000e+00
7.797795899999999847e+01 7.777746199999999988e+01 7.696594000000000335e+01 1.000000000000000000e+00
8.517085299999999393e+01 8.157440599999999620e+01 8.024192566666665982e+01 1.000000000000000000e+00
8.665052799999999422e+01 8.591069049999998697e+01 8.326644666666665273e+01 1.000000000000000000e+00
9.694320700000000102e+01 9.179686749999999051e+01 8.958819599999999639e+01 1.000000000000000000e+00
9.511706499999999664e+01 9.603013599999999883e+01 9.290359999999998308e+01 0.000000000000000000e+00
9.643073300000000359e+01 9.577389900000000011e+01 9.616366833333331954e+01 1.000000000000000000e+00
9.250421099999999797e+01 9.446747200000000078e+01 9.468400300000000414e+01 0.000000000000000000e+00
8.834740399999999738e+01 9.042580749999999057e+01 9.242744933333334245e+01 0.000000000000000000e+00
8.786716499999999996e+01 8.810728449999999157e+01 8.957292666666666037e+01 0.000000000000000000e+00
9.159258300000000474e+01 8.972987399999999525e+01 8.926905066666665789e+01 1.000000000000000000e+00
8.777256800000000680e+01 8.968257550000001288e+01 8.907743866666665156e+01 0.000000000000000000e+00
8.417088300000000345e+01 8.597172550000000513e+01 8.784534466666667640e+01 0.000000000000000000e+00
8.502947199999999839e+01 8.460017750000000092e+01 8.565764100000001235e+01 1.000000000000000000e+00
8.414180799999999749e+01 8.458563999999999794e+01 8.444738766666667118e+01 0.000000000000000000e+00
8.267866499999999519e+01 8.341023649999999634e+01 8.394998166666665895e+01 0.000000000000000000e+00
7.806128699999999299e+01 8.036997599999999409e+01 8.162725333333332856e+01 0.000000000000000000e+00
7.964208200000000204e+01 7.885168450000000462e+01 8.012734466666665867e+01 1.000000000000000000e+00
7.981117199999999912e+01 7.972662700000000768e+01 7.917151366666666945e+01 0.000000000000000000e+00
7.417918400000000645e+01 7.699517800000000989e+01 7.787747933333334061e+01 0.000000000000000000e+00
7.565265700000000493e+01 7.491592049999999858e+01 7.654767100000000823e+01 1.000000000000000000e+00
7.606258400000000108e+01 7.585762049999999590e+01 7.529814166666666608e+01 1.000000000000000000e+00
7.006255299999999409e+01 7.306256849999999758e+01 7.392593133333332389e+01 0.000000000000000000e+00
6.413704699999999548e+01 6.709979999999998768e+01 7.008739466666666829e+01 0.000000000000000000e+00
6.677558100000000252e+01 6.545631399999999189e+01 6.699172699999998315e+01 1.000000000000000000e+00
6.395072600000000307e+01 6.536315350000000990e+01 6.495445133333332421e+01 0.000000000000000000e+00
5.753272599999999670e+01 6.074172599999999989e+01 6.275301100000000787e+01 0.000000000000000000e+00
4.771080800000000011e+01 5.262176699999999840e+01 5.639808666666666426e+01 0.000000000000000000e+00
4.948012200000000149e+01 4.859546500000000435e+01 5.157455200000000417e+01 1.000000000000000000e+00
4.802082399999999751e+01 4.875047299999999950e+01 4.840391800000000444e+01 0.000000000000000000e+00
4.774105099999999879e+01 4.788093750000000171e+01 4.841399899999999690e+01 0.000000000000000000e+00
4.786203400000000130e+01 4.780154249999999649e+01 4.787463633333333490e+01 0.000000000000000000e+00
6.051959999999999695e+01 5.419081699999999557e+01 5.204089499999999902e+01 1.000000000000000000e+00
6.127648500000000098e+01 6.089804250000000252e+01 5.655270633333333308e+01 1.000000000000000000e+00
5.774438099999999707e+01 5.951043299999999903e+01 5.984682200000000307e+01 0.000000000000000000e+00
6.435750600000000077e+01 6.105094350000000247e+01 6.112612400000000434e+01 1.000000000000000000e+00
6.512966900000000692e+01 6.474358750000000384e+01 6.241051866666666825e+01 1.000000000000000000e+00
6.006854200000000077e+01 6.259910550000000740e+01 6.318523900000000282e+01 0.000000000000000000e+00
6.117317200000000099e+01 6.062085700000000088e+01 6.212379433333333623e+01 1.000000000000000000e+00
6.090178699999999878e+01 6.103747950000000344e+01 6.071450033333334062e+01 0.000000000000000000e+00
6.525968199999999797e+01 6.308073449999999838e+01 6.244488033333333732e+01 1.000000000000000000e+00
5.970762599999999765e+01 6.248365400000000136e+01 6.195636499999999813e+01 0.000000000000000000e+00
5.802496000000000009e+01 5.886629299999999887e+01 6.099742266666666524e+01 0.000000000000000000e+00
6.235957700000000159e+01 6.019226849999999729e+01 6.003072099999999978e+01 1.000000000000000000e+00
6.083136400000000066e+01 6.159547050000000468e+01 6.040530033333333648e+01 0.000000000000000000e+00
5.708316800000000057e+01 5.895726600000000417e+01 6.009136966666667234e+01 0.000000000000000000e+00
5.410828800000000172e+01 5.559572800000000115e+01 5.734094000000001046e+01 0.000000000000000000e+00
5.541818200000000161e+01 5.476323500000000166e+01 5.553654600000000841e+01 1.000000000000000000e+00
5.353223799999999954e+01 5.447521000000000413e+01 5.435290266666666525e+01 0.000000000000000000e+00
5.648346300000000042e+01 5.500785050000000354e+01 5.514462766666667193e+01 1.000000000000000000e+00
5.634317800000000176e+01 5.641332049999999754e+01 5.545295966666666487e+01 0.000000000000000000e+00
6.180884900000000215e+01 5.907601350000000195e+01 5.821182999999999907e+01 1.000000000000000000e+00
6.255669799999999725e+01 6.218277349999999615e+01 6.023624166666667179e+01 1.000000000000000000e+00
6.538102700000000311e+01 6.396886250000000018e+01 6.324885800000000557e+01 1.000000000000000000e+00
7.422791300000000092e+01 6.980447000000000912e+01 6.738854600000000517e+01 1.000000000000000000e+00
6.384554299999999927e+01 6.903672799999999654e+01 6.781816100000000347e+01 0.000000000000000000e+00
6.398389099999999985e+01 6.391471699999999601e+01 6.735244899999999291e+01 0.000000000000000000e+00
6.688276700000000119e+01 6.543332900000000052e+01 6.490406699999999773e+01 1.000000000000000000e+00
6.618415099999999995e+01 6.653345899999999347e+01 6.568360300000000507e+01 0.000000000000000000e+00
6.578263900000000319e+01 6.598339500000000157e+01 6.628318566666666811e+01 0.000000000000000000e+00
5.768829300000000160e+01 6.173546600000000240e+01 6.321836099999999448e+01 0.000000000000000000e+00
5.481350299999999720e+01 5.625089799999999940e+01 5.942814500000000066e+01 0.000000000000000000e+00
5.397063399999999689e+01 5.439206849999999349e+01 5.549081000000000330e+01 0.000000000000000000e+00
5.332341399999999965e+01 5.364702400000000182e+01 5.403585033333333598e+01 0.000000000000000000e+00
5.350138900000000319e+01 5.341240150000000142e+01 5.359847899999999754e+01 0.000000000000000000e+00
5.944780000000000086e+01 5.647459450000000203e+01 5.542420100000000360e+01 1.000000000000000000e+00
6.691517600000000243e+01 6.318148800000000165e+01 5.995478833333334023e+01 1.000000000000000000e+00
7.024030299999999727e+01 6.857773950000000696e+01 6.553442633333332878e+01 1.000000000000000000e+00
6.671658299999999997e+01 6.847844299999999862e+01 6.795735400000000936e+01 0.000000000000000000e+00
6.272729100000000102e+01 6.472193699999999694e+01 6.656139233333333038e+01 0.000000000000000000e+00
6.565602900000000375e+01 6.419165999999999883e+01 6.503330099999999447e+01 1.000000000000000000e+00
6.241729000000000127e+01 6.403665949999999896e+01 6.360020333333333298e+01 0.000000000000000000e+00
6.495445999999999742e+01 6.368587499999999579e+01 6.434259300000000792e+01 1.000000000000000000e+00
6.404889699999999664e+01 6.450167849999999703e+01 6.380688233333332704e+01 0.000000000000000000e+00
6.373767899999999997e+01 6.389328799999999831e+01 6.424701199999999801e+01 0.000000000000000000e+00
7.082147999999999399e+01 6.727957949999999698e+01 6.620268533333332073e+01 1.000000000000000000e+00
7.672052800000000161e+01 7.377100400000000491e+01 7.042656233333333660e+01 1.000000000000000000e+00
7.846473699999999951e+01 7.759263250000000767e+01 7.533558166666666978e+01 1.000000000000000000e+00
8.441314699999999505e+01 8.143894199999999728e+01 7.986613733333332732e+01 1.000000000000000000e+00
8.444605300000000625e+01 8.442959999999999354e+01 8.244131233333332887e+01 0.000000000000000000e+00
9.686859099999999501e+01 9.065732199999999352e+01 8.857593033333331789e+01 1.000000000000000000e+00
9.790976000000000568e+01 9.738917549999999324e+01 9.307480133333332617e+01 1.000000000000000000e+00
1.005001220000000046e+02 9.920494100000000515e+01 9.842615766666665422e+01 1.000000000000000000e+00
1.015329440000000005e+02 1.010165330000000097e+02 9.998094200000001308e+01 1.000000000000000000e+00
1.006083909999999975e+02 1.010706674999999990e+02 1.008804856666666723e+02 0.000000000000000000e+00
1.066387330000000020e+02 1.036235619999999926e+02 1.029266893333333428e+02 1.000000000000000000e+00
1.087779850000000010e+02 1.077083590000000015e+02 1.053417029999999954e+02 1.000000000000000000e+00
1.051050029999999964e+02 1.069414940000000058e+02 1.068405736666666712e+02 0.000000000000000000e+00
1.024742200000000025e+02 1.037896115000000066e+02 1.054524026666666714e+02 0.000000000000000000e+00
9.645621500000000026e+01 9.946521749999999429e+01 1.013451459999999997e+02 0.000000000000000000e+00
9.691007999999999356e+01 9.668314749999998980e+01 9.861350499999998931e+01 0.000000000000000000e+00
9.489286800000000710e+01 9.590147400000000744e+01 9.608638766666666697e+01 0.000000000000000000e+00
9.280067400000000077e+01 9.384677100000000394e+01 9.486787400000001469e+01 0.000000000000000000e+00
9.681501799999999491e+01 9.480784599999999784e+01 9.483618666666666286e+01 1.000000000000000000e+00
1.024214099999999945e+02 9.961821399999999471e+01 9.734570066666667287e+01 1.000000000000000000e+00
1.009919969999999978e+02 1.017067035000000033e+02 1.000761416666666719e+02 0.000000000000000000e+00
9.785070799999999736e+01 9.942135249999999758e+01 1.004213716666666727e+02 0.000000000000000000e+00
1.005982589999999988e+02 9.922448349999999095e+01 9.981365466666666464e+01 1.000000000000000000e+00
1.049837040000000030e+02 1.027909815000000009e+02 1.011442236666666616e+02 1.000000000000000000e+00
1.065236660000000057e+02 1.057536850000000044e+02 1.040352096666666739e+02 1.000000000000000000e+00
1.085567250000000001e+02 1.075401955000000100e+02 1.066880316666666744e+02 1.000000000000000000e+00
1.114722059999999999e+02 1.100144655000000000e+02 1.088508656666666639e+02 1.000000000000000000e+00
1.171128620000000069e+02 1.142925340000000034e+02 1.123805976666666737e+02 1.000000000000000000e+00
1.210232469999999978e+02 1.190680545000000023e+02 1.165361050000000063e+02 1.000000000000000000e+00
1.219855270000000047e+02 1.215043870000000084e+02 1.200405453333333412e+02 1.000000000000000000e+00
1.209939880000000016e+02 1.214897574999999961e+02 1.213342540000000014e+02 0.000000000000000000e+00
1.173612669999999980e+02 1.191776274999999998e+02 1.201135939999999920e+02 0.000000000000000000e+00
1.171068190000000016e+02 1.172340429999999998e+02 1.184873580000000146e+02 0.000000000000000000e+00
1.038745880000000028e+02 1.104907034999999951e+02 1.127808913333333294e+02 0.000000000000000000e+00
1.042606959999999958e+02 1.040676420000000064e+02 1.084140343333333334e+02 0.000000000000000000e+00
1.090937119999999965e+02 1.066772039999999890e+02 1.057429986666666650e+02 1.000000000000000000e+00
1.106951519999999931e+02 1.098944319999999948e+02 1.080165199999999999e+02 1.000000000000000000e+00
1.094673839999999956e+02 1.100812679999999943e+02 1.097520826666666522e+02 0.000000000000000000e+00
1.067894129999999961e+02 1.081283985000000030e+02 1.089839830000000092e+02 0.000000000000000000e+00
9.261666099999999346e+01 9.970303699999999480e+01 1.029578193333333473e+02 0.000000000000000000e+00
9.459178199999999492e+01 9.360422149999999419e+01 9.799928533333331870e+01 1.000000000000000000e+00
9.397163399999999456e+01 9.428170799999999474e+01 9.372669233333333239e+01 0.000000000000000000e+00
9.555168899999999610e+01 9.476166150000000243e+01 9.470503499999999519e+01 1.000000000000000000e+00
9.239157899999999302e+01 9.397163399999999456e+01 9.397163399999999456e+01 0.000000000000000000e+00
1.031193159999999978e+02 9.775544750000000249e+01 9.702086133333334317e+01 1.000000000000000000e+00
1.114631119999999953e+02 1.072912139999999965e+02 1.023246690000000143e+02 1.000000000000000000e+00
1.072403950000000066e+02 1.093517535000000009e+02 1.072742743333333237e+02 0.000000000000000000e+00
1.084952159999999992e+02 1.078678055000000029e+02 1.090662409999999909e+02 1.000000000000000000e+00
1.111874239999999929e+02 1.098413199999999961e+02 1.089743450000000138e+02 1.000000000000000000e+00
1.099398120000000034e+02 1.105636179999999911e+02 1.098741506666666652e+02 0.000000000000000000e+00
1.085796359999999936e+02 1.092597240000000056e+02 1.099022906666666586e+02 0.000000000000000000e+00
1.061407010000000071e+02 1.073601685000000003e+02 1.082200496666666822e+02 0.000000000000000000e+00
1.018913270000000040e+02 1.040160140000000126e+02 1.055372213333333349e+02 0.000000000000000000e+00
1.032472690000000028e+02 1.025692980000000034e+02 1.037597656666666808e+02 1.000000000000000000e+00
1.026744079999999997e+02 1.029608384999999942e+02 1.026043346666666594e+02 0.000000000000000000e+00
1.002684169999999995e+02 1.014714124999999996e+02 1.020633646666666579e+02 0.000000000000000000e+00
1.077346119999999985e+02 1.040015144999999990e+02 1.035591456666666659e+02 1.000000000000000000e+00
1.078682790000000011e+02 1.078014454999999998e+02 1.052904359999999997e+02 0.000000000000000000e+00
1.137782140000000055e+02 1.108232465000000104e+02 1.097937016666666636e+02 1.000000000000000000e+00
1.201675800000000010e+02 1.169728970000000032e+02 1.139380243333333311e+02 1.000000000000000000e+00
1.224352489999999989e+02 1.213014144999999928e+02 1.187936809999999923e+02 1.000000000000000000e+00
1.232396090000000015e+02 1.228374290000000002e+02 1.219474793333333338e+02 1.000000000000000000e+00
1.336573640000000012e+02 1.284484865000000013e+02 1.264440740000000005e+02 1.000000000000000000e+00
1.304399720000000116e+02 1.320486680000000206e+02 1.291123149999999953e+02 0.000000000000000000e+00
1.263406980000000033e+02 1.283903349999999932e+02 1.301460113333333481e+02 0.000000000000000000e+00
1.291394500000000107e+02 1.277400740000000070e+02 1.286400399999999991e+02 1.000000000000000000e+00
1.261717529999999954e+02 1.276556015000000031e+02 1.272173003333333412e+02 0.000000000000000000e+00
1.269999470000000059e+02 1.265858499999999935e+02 1.274370499999999993e+02 1.000000000000000000e+00
1.299873660000000086e+02 1.284936565000000144e+02 1.277196886666666700e+02 1.000000000000000000e+00
1.223364179999999948e+02 1.261618919999999946e+02 1.264412436666666650e+02 0.000000000000000000e+00
