1989-11-01,5.156250,5.484375,5.000000,5.453125,3.297172,78205600
1989-12-01,5.468750,5.609375,5.281250,5.609375,3.391648,78972000
1990-01-01,5.593750,5.921875,5.140625,5.328125,3.253793,116814400
1990-02-01,5.296875,5.562500,5.046875,5.500000,3.358753,78285600
1990-03-01,5.500000,5.953125,5.484375,5.906250,3.606843,95044800
1990-04-01,5.875000,6.484375,5.843750,6.203125,3.833835,96115200
1990-05-01,6.250000,7.187500,6.203125,7.046875,4.355316,136082400
1990-06-01,7.093750,7.953125,7.062500,7.796875,4.818850,158752800
1990-07-01,7.828125,9.187500,7.562500,7.843750,4.894149,207493200
1990-08-01,7.718750,7.812500,6.218750,7.125000,4.445682,217812400
1990-09-01,7.000000,7.218750,6.406250,6.812500,4.273081,107956000
1990-10-01,6.937500,7.500000,6.218750,6.687500,4.194677,163780800
1990-11-01,6.718750,7.562500,6.562500,7.531250,4.723912,90453200
1990-12-01,7.687500,8.250000,7.343750,7.562500,4.743513,91630000
1991-01-01,7.500000,8.250000,7.125000,8.250000,5.198446,122999600
1991-02-01,8.312500,9.531250,8.187500,8.843750,5.572582,143195600
1991-03-01,8.812500,9.968750,8.687500,9.687500,6.104239,103148400
1991-04-01,9.718750,11.062500,9.625000,10.125000,6.409570,112803600
1991-05-01,10.187500,10.718750,9.968750,10.718750,6.785441,102512800
1991-06-01,10.687500,10.968750,10.281250,10.687500,6.765659,83916000
1991-07-01,10.750000,11.937500,10.750000,11.906250,7.567938,104608800
1991-08-01,11.843750,12.968750,11.125000,12.656250,8.044657,137896400
1991-09-01,12.656250,12.750000,11.656250,11.937500,7.614272,94159600
1991-10-01,12.000000,12.406250,11.312500,11.562500,7.375081,102027200
1991-11-01,11.562500,12.750000,11.343750,12.218750,7.793665,100899600
1991-12-01,12.062500,14.968750,12.031250,14.718750,9.388272,130064400
1992-01-01,14.625000,14.875000,13.343750,13.468750,8.620265,152891200
1992-02-01,13.468750,14.125000,12.531250,13.500000,8.640265,111859200
1992-03-01,13.500000,13.625000,13.000000,13.312500,8.520258,91186800
1992-04-01,13.218750,13.812500,12.625000,13.062500,8.393628,118958800
1992-05-01,13.062500,13.500000,12.781250,13.250000,8.514110,86198400
1992-06-01,13.250000,13.968750,13.062500,13.437500,8.634591,92739600
1992-07-01,13.468750,14.062500,13.312500,13.968750,9.011123,91216800
1992-08-01,13.937500,14.812500,13.781250,14.281250,9.212716,70438800
1992-09-01,14.250000,14.875000,14.187500,14.781250,9.535258,70282800
1992-10-01,14.750000,15.562500,13.843750,15.218750,9.853918,93315200
1992-11-01,15.218750,16.156250,15.031250,16.093750,10.420463,83831200
1992-12-01,16.031250,16.468750,15.593750,16.000000,10.359764,100028400
1993-01-01,16.031250,16.343750,14.625000,16.281250,10.577189,157607200
1993-02-01,16.281250,16.843750,14.687500,16.250000,10.556889,148545000
1993-03-01,16.437500,17.062500,15.000000,15.875000,10.313264,169356400
1993-04-01,16.000000,16.125000,12.875000,13.375000,8.706016,246302000
1993-05-01,13.250000,14.250000,12.937500,13.937500,9.072154,139323400
1993-06-01,13.875000,14.187500,11.812500,13.125000,8.543283,163428400
1993-07-01,13.062500,13.437500,12.312500,12.687500,8.278780,80628400
1993-08-01,12.750000,13.250000,12.375000,12.875000,8.401122,101939200
1993-09-01,12.812500,12.937500,11.500000,12.312500,8.054380,130600200
1993-10-01,12.250000,13.750000,12.062500,13.187500,8.626775,110966800
1993-11-01,13.062500,15.250000,13.000000,14.312500,9.362704,122660200
1993-12-01,14.312500,14.437500,12.500000,12.500000,8.195151,95352000
1994-01-01,12.687500,13.500000,12.062500,13.250000,8.686855,112135800
1994-02-01,13.562500,14.562500,13.312500,14.187500,9.301495,101791600
1994-03-01,14.187500,14.625000,12.187500,12.937500,8.481981,111439000
1994-04-01,12.562500,13.500000,11.750000,12.625000,8.302358,101115800
1994-05-01,12.625000,12.812500,11.187500,11.750000,7.726953,117105400
1994-06-01,11.812500,12.812500,11.187500,12.125000,7.973560,109167800
1994-07-01,12.375000,13.125000,11.937500,12.500000,8.249756,79164200
1994-08-01,12.500000,12.750000,11.812500,12.312500,8.126010,102976600
1994-09-01,12.375000,13.000000,11.500000,11.687500,7.740440,122978800
1994-10-01,11.812500,12.187500,11.250000,11.750000,7.781835,87277000
1994-11-01,11.750000,12.250000,11.250000,11.625000,7.699045,123955600
1994-12-01,11.562500,11.625000,10.500000,10.625000,7.062338,153246600
1995-01-01,10.687500,11.625000,10.250000,11.437500,7.602400,136212000
1995-02-01,11.562500,12.125000,11.437500,11.875000,7.893203,106559600
1995-03-01,11.937500,12.937500,11.875000,12.812500,8.516352,134599200
1995-04-01,12.812500,13.062500,11.687500,11.875000,7.925062,116585600
1995-05-01,11.750000,12.812500,11.375000,12.437500,8.300460,146709400
1995-06-01,12.500000,13.500000,12.250000,13.375000,8.926119,142376000
1995-07-01,13.375000,13.812500,12.812500,13.312500,8.919559,109302400
1995-08-01,13.312500,13.312500,12.125000,12.250000,8.207670,132467800
1995-09-01,12.312500,12.937500,12.312500,12.375000,8.324722,121403800
1995-10-01,12.312500,12.437500,10.750000,10.812500,7.273620,195144800
1995-11-01,10.812500,12.500000,10.812500,12.000000,8.072455,134228200
1995-12-01,12.062500,12.250000,11.062500,11.125000,7.514508,127829800
1996-01-01,11.125000,12.062500,9.546850,10.187500,6.881264,241488400
1996-02-01,10.125000,11.437500,10.062500,10.625000,7.176780,181546000
1996-03-01,10.750000,12.375000,10.500000,11.500000,7.767810,190733400
1996-04-01,11.625000,11.937500,10.750000,11.937500,8.099667,145831800
1996-05-01,11.937500,13.187500,11.625000,12.937500,8.778172,179406600
1996-06-01,13.000000,13.250000,12.312500,12.687500,8.608548,139950200
1996-07-01,12.687500,12.687500,10.875000,12.000000,8.175397,111353200
1996-08-01,12.000000,14.000000,12.000000,13.187500,8.984425,155163000
1996-09-01,13.000000,14.000000,12.812500,13.187500,9.020002,107892000
1996-10-01,13.000000,14.125000,12.750000,13.250000,9.062753,122870400
1996-11-01,13.375000,13.562500,12.000000,12.750000,8.720761,163109200
1996-12-01,12.812500,13.062500,11.375000,11.375000,7.780285,141203000
1997-01-01,11.500000,12.125000,11.000000,11.875000,8.157393,191456000
1997-02-01,11.875000,13.500000,11.500000,13.187500,9.058996,172880800
1997-03-01,13.125000,14.937500,13.125000,13.937500,9.574199,228633600
1997-04-01,13.812500,14.437500,13.500000,14.062500,9.705713,137624200
1997-05-01,14.000000,15.312500,13.937500,14.937500,10.309627,141164600
1997-06-01,15.000000,16.968750,14.937500,16.906250,11.668424,144739800
1997-07-01,16.968750,19.562500,16.593750,18.750000,12.993587,168500800
1997-08-01,18.750000,19.500000,17.375000,17.750000,12.300592,130566000
1997-09-01,17.968750,19.781250,17.906250,18.312500,12.690410,122852200
1997-10-01,18.468750,18.625000,15.125000,17.500000,12.170362,138812600
1997-11-01,18.312500,20.437500,17.875000,20.031250,13.930722,108122600
1997-12-01,20.125000,20.968750,18.375000,19.718750,13.713387,105818400
1998-01-01,19.718750,20.968750,18.781250,19.906250,13.889874,113176600
1998-02-01,20.468750,23.968750,20.093750,23.156250,16.157610,109165400
1998-03-01,23.343750,26.125000,23.250000,25.406250,17.727583,136236400
1998-04-01,25.406250,26.968750,24.093750,25.281250,17.693743,119430600
1998-05-01,25.625000,28.187500,24.875000,27.562500,19.290331,102331600
1998-06-01,27.843750,31.437500,27.687500,30.375000,21.258736,129212400
1998-07-01,30.781250,34.843750,29.875000,31.562500,22.149757,133845800
1998-08-01,31.343750,34.906250,28.625000,29.500000,20.702343,166958400
1998-09-01,29.750000,32.375000,26.937500,27.312500,19.167212,199474200
1998-10-01,27.000000,34.718750,26.218750,34.531250,24.293467,193481400
1998-11-01,34.656250,38.625000,33.406250,37.656250,26.491983,130600000
1998-12-01,37.125000,41.375000,35.718750,40.718750,28.646517,120595400
1999-01-01,40.812500,43.218750,38.687500,43.000000,30.313318,131455400
1999-02-01,42.875000,44.750000,40.250000,43.062500,30.357374,130111800
1999-03-01,43.562500,49.187500,41.812500,46.093750,32.494301,178599600
1999-04-01,46.718750,53.406250,43.187500,46.000000,32.495895,201200800
1999-05-01,45.875000,47.625000,41.000000,42.625000,30.111700,163092500
1999-06-01,42.687500,48.500000,42.187500,48.250000,34.085396,130989500
1999-07-01,47.937500,51.000000,42.250000,42.250000,29.881933,105348500
1999-08-01,42.312500,48.437500,38.875000,44.312500,31.340679,127936900
1999-09-01,44.312500,48.000000,43.562500,47.562500,33.639282,106449500
1999-10-01,48.000000,58.500000,47.562500,56.312500,39.870312,152005100
1999-11-01,57.250000,60.687500,55.000000,57.625000,40.799610,119991500
1999-12-01,57.687500,70.250000,57.000000,69.125000,48.941811,137085100
2000-01-01,68.375000,69.000000,53.500000,54.750000,38.792961,135751100
2000-02-01,55.000000,60.125000,43.437500,48.750000,34.541687,230040300
2000-03-01,49.875000,60.750000,45.625000,56.500000,40.032948,231782500
2000-04-01,56.625000,64.937500,51.750000,55.375000,39.285156,136390700
2000-05-01,56.375000,60.000000,49.500000,57.625000,40.881409,144407300
2000-06-01,57.125000,60.062500,51.625000,57.625000,40.881409,129622000
2000-07-01,57.250000,62.937500,54.250000,55.250000,39.239300,107293500
2000-08-01,54.000000,57.625000,47.125000,47.625000,33.823914,192477600
2000-09-01,47.562500,54.750000,46.875000,48.125000,34.179047,150950500
2000-10-01,48.187500,48.625000,41.437500,45.375000,32.261780,217333800
2000-11-01,46.500000,52.187500,42.562500,52.187500,37.105503,196379900
2000-12-01,52.625000,55.937500,46.937500,53.125000,37.772064,172787800
2001-01-01,53.125000,58.750000,50.437500,56.799999,40.435562,179925700
2001-02-01,56.799999,56.799999,48.049999,50.090000,35.658741,136950200
2001-03-01,49.250000,51.900002,45.200001,50.500000,35.950626,169447700
2001-04-01,50.000000,53.299999,47.410000,51.740002,36.887295,149743600
2001-05-01,51.720001,54.750000,51.000000,51.750000,36.894432,146569900
2001-06-01,51.540001,52.450001,48.000000,48.799999,34.791264,122370700
2001-07-01,48.950001,56.500000,46.709999,55.900002,39.910290,154027100
2001-08-01,55.400002,56.770000,47.240002,48.049999,34.305702,151455300
2001-09-01,48.230000,49.950001,42.000000,49.500000,35.340954,174327700
2001-10-01,49.500000,54.750000,48.139999,51.400002,36.754196,187933400
2001-11-01,51.200001,56.240002,50.860001,55.150002,39.435684,158067900
2001-12-01,55.060001,58.740002,53.029999,57.549999,41.151840,135601900
2002-01-01,57.650002,59.980000,55.310001,59.980000,42.943317,150831500
2002-02-01,59.700001,62.880001,58.099998,62.009998,44.396736,151688900
2002-03-01,62.200001,63.939999,60.299999,61.299999,43.888390,151343400
2002-04-01,60.349998,61.849998,55.459999,55.860001,40.040890,173902500
2002-05-01,55.599998,59.299999,53.610001,54.099998,38.779308,174180400
2002-06-01,54.180000,58.880001,52.000000,55.009998,39.431599,198082500
2002-07-01,55.299999,56.700001,43.720001,49.180000,35.297825,256873400
2002-08-01,49.000000,54.790001,45.189999,53.480000,38.384056,216148600
2002-09-01,52.849998,57.000000,48.099998,49.240002,35.340893,189286100
2002-10-01,49.240002,58.020000,48.549999,53.549999,38.487503,281372000
2002-11-01,53.590000,56.200001,52.570000,53.900002,38.739052,172707800
2002-12-01,55.959999,56.740002,48.950001,50.509998,36.302589,172622000
2003-01-01,50.650002,52.180000,46.919998,47.799999,34.405495,177204400
2003-02-01,47.770000,49.790001,46.250000,48.060001,34.592655,147045300
2003-03-01,48.599998,54.860001,46.500000,52.029999,37.450180,177796800
2003-04-01,52.099998,57.509998,51.520000,56.320000,40.607967,169673200
2003-05-01,56.320000,56.950001,51.630001,52.610001,37.932991,190744000
2003-06-01,52.959999,55.590000,52.119999,53.669998,38.697273,166620900
2003-07-01,53.500000,57.700001,53.000000,55.910000,40.378368,157989300
2003-08-01,55.720001,59.480000,54.779999,59.169998,42.732742,136669300
2003-09-01,58.959999,60.200001,55.799999,55.849998,40.335030,175100700
2003-10-01,56.020000,59.639999,56.009998,58.950001,42.573872,152140600
2003-11-01,58.770000,59.930000,54.360001,55.639999,40.246849,172384700
2003-12-01,55.639999,55.660000,50.500000,53.049999,38.373386,280065600
2004-01-01,53.349998,54.950001,51.580002,53.849998,39.020393,201663800
2004-02-01,54.200001,60.150002,54.150002,59.560001,43.157940,225419200
2004-03-01,59.669998,61.310001,57.270000,59.689999,43.252140,222337300
2004-04-01,58.750000,60.139999,56.150002,57.000000,41.395763,193281000
2004-05-01,57.000000,57.520000,53.450001,55.730000,40.473434,205337100
2004-06-01,55.450001,57.830002,51.930000,52.500000,38.217655,214484500
2004-07-01,53.099998,54.189999,51.500000,53.009998,38.588917,210007000
2004-08-01,53.020000,54.970001,51.080002,52.669998,38.341427,186258300
2004-09-01,52.459999,53.959999,51.099998,53.200001,38.819050,206640300
2004-10-01,53.500000,54.380001,51.910000,53.919998,39.344406,185838900
2004-11-01,53.919998,57.889999,52.060001,52.060001,37.987221,238267700
2004-12-01,52.500000,53.650002,52.000000,52.820000,38.541767,231643800
2005-01-01,53.750000,54.599998,52.220001,52.400002,38.328411,183923700
2005-02-01,52.400002,53.740002,51.099998,51.610001,37.750553,181560100
2005-03-01,52.009998,53.490002,50.060001,50.110001,36.653362,373812500
2005-04-01,50.250000,50.500000,46.200001,47.139999,34.582607,337397100
2005-05-01,47.480000,49.459999,46.599998,47.230000,34.648621,255131200
2005-06-01,47.250000,50.299999,47.209999,48.200001,35.473442,238335200
2005-07-01,48.250000,50.689999,48.150002,49.349998,36.319805,183397900
2005-08-01,49.619999,49.869999,44.700001,44.959999,33.088921,280401100
2005-09-01,44.950001,46.480000,42.310001,43.820000,32.351929,445029400
2005-10-01,44.150002,47.549999,43.299999,47.310001,34.928570,309168500
2005-11-01,47.119999,50.869999,46.610001,48.560001,35.851437,267771900
2005-12-01,48.590000,49.740002,46.750000,46.799999,34.552036,258541900
2006-01-01,46.360001,46.950001,44.540001,46.110001,34.146149,322518700
2006-02-01,46.049999,47.020000,44.520000,45.360001,33.590763,236340600
2006-03-01,45.360001,48.869999,44.860001,47.240002,34.982975,267987900
2006-04-01,47.270000,47.310001,44.990002,45.029999,33.469479,197107100
2006-05-01,45.919998,50.000000,45.540001,48.450001,36.011475,302008400
2006-06-01,48.250000,49.189999,46.549999,48.169998,35.928551,245733000
2006-07-01,47.750000,48.049999,42.310001,44.500000,33.191189,269589700
2006-08-01,44.349998,45.450001,43.480000,44.720001,33.355286,237088700
2006-09-01,45.000000,49.950001,44.020000,49.320000,36.925121,265210400
2006-10-01,48.619999,52.150002,47.639999,49.279999,36.895176,365494300
2006-11-01,49.380001,49.700001,45.970001,46.099998,34.514359,371959900
2006-12-01,46.000000,46.889999,44.799999,46.180000,34.574265,278046300
2007-01-01,47.090000,48.779999,46.509998,47.689999,35.836250,289921200
2007-02-01,47.509998,50.419998,47.439999,48.310001,36.302166,278003300
2007-03-01,47.779999,48.320000,45.060001,46.950001,35.280190,347369500
2007-04-01,47.060001,49.950001,46.830002,47.919998,36.181461,257144500
2007-05-01,47.919998,48.880001,46.320000,47.599998,35.939842,309199900
2007-06-01,47.900002,51.439999,47.689999,48.110001,36.493519,443564800
2007-07-01,48.200001,49.259998,45.730000,45.950001,34.855049,345381600
2007-08-01,46.049999,48.419998,42.919998,43.630001,33.095238,561399200
2007-09-01,43.509998,45.049999,42.090000,43.650002,33.277473,376154000
2007-10-01,43.830002,47.700001,43.270000,45.209999,34.466782,437028000
2007-11-01,44.700001,48.230000,42.500000,47.900002,36.517551,432340500
2007-12-01,47.709999,50.049999,46.869999,47.529999,36.235485,304526500
2008-01-01,47.410000,51.299999,43.110001,50.740002,38.857037,594609500
2008-02-01,50.900002,51.570000,47.840000,49.590000,37.976368,476630200
2008-03-01,49.430000,54.150002,48.639999,52.680000,40.342716,490180000
2008-04-01,53.189999,59.040001,52.810001,57.980000,44.612343,439232000
2008-05-01,58.200001,59.090000,55.049999,57.740002,44.427673,392991100
2008-06-01,57.410000,59.950001,55.849998,56.200001,43.424786,443348300
2008-07-01,56.000000,59.560001,55.340000,58.619999,45.294674,495577900
2008-08-01,58.750000,61.000000,56.810001,59.070000,45.642380,395839100
2008-09-01,59.900002,63.849998,57.740002,59.889999,46.462231,560153900
2008-10-01,59.509998,60.299999,47.400002,55.810001,43.297001,748361300
2008-11-01,56.759998,57.250000,50.200001,55.880001,43.351307,514798100
2008-12-01,55.369999,59.230000,52.220001,56.060001,43.490936,469411500
2009-01-01,55.980000,57.509998,46.919998,47.119999,36.713161,518547200
2009-02-01,46.570000,50.669998,46.250000,49.240002,38.364952,509033200
2009-03-01,48.810001,53.000000,47.000000,52.099998,40.593292,545295500
2009-04-01,51.380001,54.570000,47.639999,50.400002,39.489845,450522100
2009-05-01,50.500000,51.380001,48.119999,49.740002,38.972729,377048900
2009-06-01,50.180000,51.750000,48.020000,48.439999,38.158421,417698500
2009-07-01,48.549999,50.430000,47.349998,49.880001,39.292778,369068900
2009-08-01,50.220001,52.560001,48.750000,50.869999,40.072639,344252000
2009-09-01,50.810001,52.099998,48.730000,49.090000,38.882195,375673300
2009-10-01,49.070000,52.000000,48.730000,49.680000,39.349506,374017800
2009-11-01,49.810001,55.090000,49.520000,54.549999,43.206848,306009700
2009-12-01,54.849998,55.080002,52.310001,53.450001,42.335579,264681300
2010-01-01,53.740002,55.200001,52.509998,53.430000,42.532749,291591500
2010-02-01,53.619999,54.500000,52.660000,54.070000,43.042217,278505000
2010-03-01,54.040001,56.270000,53.150002,55.599998,44.260162,270764400
2010-04-01,55.750000,55.900002,53.520000,53.639999,42.940186,282951100
2010-05-01,53.880001,54.950001,50.000000,50.560001,40.474571,398119000
2010-06-01,50.799999,52.080002,48.009998,48.070000,38.704453,390548500
2010-07-01,48.099998,51.810001,47.770000,51.189999,41.216583,280340800
2010-08-01,51.549999,52.480000,50.000000,50.139999,40.371151,272559100
2010-09-01,50.490002,54.389999,50.459999,53.520000,43.343697,216284000
2010-10-01,53.599998,54.820000,52.930000,54.169998,43.870098,208445100
2010-11-01,54.049999,55.720001,53.430000,54.090000,43.805321,241802400
2010-12-01,54.419998,55.340000,53.139999,53.930000,43.675743,246182100
2011-01-01,54.230000,57.900002,53.540001,56.070000,45.659554,260656500
2011-02-01,56.369999,56.730000,51.520000,51.980000,42.328953,276839200
2011-03-01,52.160000,53.880001,50.970001,52.049999,42.385941,279247300
2011-04-01,52.250000,55.160000,51.919998,54.980000,45.085754,177992800
2011-05-01,55.080002,56.470001,54.189999,55.220001,45.282562,195699000
2011-06-01,54.980000,55.169998,51.790001,53.139999,43.865208,282564700
2011-07-01,53.189999,54.810001,52.669998,52.709999,43.510246,198103900
2011-08-01,52.790001,53.490002,48.310001,53.189999,43.906483,424527100
2011-09-01,53.200001,53.549999,49.939999,51.900002,43.151550,275866100
2011-10-01,51.880001,57.959999,51.630001,56.720001,47.159077,268820500
2011-11-01,55.820000,59.400002,55.680000,58.900002,48.971603,222113300
2011-12-01,58.639999,60.000000,57.419998,59.759998,49.686642,193606900
2012-01-01,59.970001,62.000000,58.369999,61.360001,51.335712,163577000
2012-02-01,61.790001,62.630001,58.209999,59.080002,49.428188,199314500
2012-03-01,59.360001,61.500000,58.639999,61.200001,51.201855,185822200
2012-04-01,61.080002,62.490002,57.180000,58.910000,49.615437,251787900
2012-05-01,58.950001,66.660004,58.270000,65.820000,55.435211,247098000
2012-06-01,65.430000,69.720001,65.129997,69.720001,59.117847,229264800
2012-07-01,69.599998,75.239998,69.150002,74.430000,63.111599,210686500
2012-08-01,74.699997,74.959999,71.349998,72.599998,61.559895,163618500
2012-09-01,72.769997,75.190002,72.570000,73.800003,62.915401,121605000
2012-10-01,73.800003,77.599998,73.629997,75.019997,63.955479,144858200
2012-11-01,75.129997,75.160004,67.650002,72.019997,61.397919,193687500
2012-12-01,72.110001,72.699997,67.370003,68.230003,58.166912,198433700
2013-01-01,68.930000,70.440002,67.720001,69.949997,59.963734,152007900
2013-02-01,70.110001,71.959999,68.129997,70.779999,60.675236,205455800
2013-03-01,70.779999,75.110001,70.779999,74.830002,64.147064,151456500
2013-04-01,75.000000,79.500000,74.900002,77.720001,67.054298,165085800
2013-05-01,77.849998,79.959999,74.820000,74.839996,64.569519,162295100
2013-06-01,75.059998,76.870003,72.900002,74.489998,64.653053,162608600
2013-07-01,74.989998,78.690002,74.089996,77.940002,67.647446,113025400
2013-08-01,78.419998,79.000000,72.230003,72.980003,63.342434,133848900
2013-09-01,73.480003,76.730003,72.190002,73.959999,64.582817,124109700
2013-10-01,73.870003,77.629997,71.510002,76.750000,67.019096,150995900
2013-11-01,76.970001,81.349998,76.589996,81.010002,70.738991,113143600
2013-12-01,80.889999,81.370003,76.809998,78.690002,68.713112,117743800
2014-01-01,78.720001,79.470001,73.639999,74.680000,65.591164,146048800
2014-02-01,74.190002,75.989998,72.269997,74.699997,65.608711,140708800
2014-03-01,74.489998,77.529999,73.830002,76.430000,67.128174,143316900
2014-04-01,76.760002,79.989998,76.290001,79.709999,70.460640,133598600
2014-05-01,79.730003,79.760002,75.239998,76.769997,67.861786,121597900
2014-06-01,76.580002,77.760002,74.669998,75.070000,66.769905,125875700
2014-07-01,75.269997,77.570000,73.540001,73.580002,65.444649,120165500
2014-08-01,73.320000,76.199997,72.769997,75.500000,67.152344,114715100
2014-09-01,75.419998,77.730003,75.410004,76.470001,68.463196,120321400
2014-10-01,76.510002,79.370003,72.610001,76.269997,68.284119,177386600
2014-11-01,76.349998,88.089996,75.589996,87.540001,78.374092,159253200
2014-12-01,86.720001,87.440002,82.650002,85.879997,76.887909,138945800
2015-01-01,86.269997,90.970001,84.900002,84.980003,76.507202,158641500
2015-02-01,84.790001,88.000000,82.550003,83.930000,75.561897,138302700
2015-03-01,83.930000,84.000000,80.540001,82.250000,74.049370,140925000
2015-04-01,82.279999,82.279999,77.550003,78.050003,70.690201,143546400
2015-05-01,78.199997,79.940002,74.150002,74.269997,67.266632,150969800
2015-06-01,74.690002,75.199997,70.779999,70.930000,64.647034,176488600
2015-07-01,71.599998,74.139999,70.360001,71.980003,65.604019,150420400
2015-08-01,71.839996,73.690002,61.500000,64.730003,58.996223,227136600
2015-09-01,63.799999,67.010002,62.919998,64.839996,59.500000,190530900
2015-10-01,64.760002,67.949997,57.160000,57.240002,52.525921,346727100
2015-11-01,57.290001,61.470001,56.299999,58.840000,53.994141,224621800
2015-12-01,59.130001,61.869999,58.320000,61.299999,56.251545,226802600
2016-01-01,60.500000,66.529999,60.200001,66.360001,61.404896,264381000
2016-02-01,65.910004,68.199997,62.349998,66.339996,61.386375,262453800
2016-03-01,66.650002,69.190002,64.879997,68.489998,63.375839,202475600
2016-04-01,68.019997,70.080002,66.360001,66.870003,62.334877,141132900
2016-05-01,66.620003,71.379997,62.720001,70.779999,65.979706,232879900
2016-06-01,70.500000,73.190002,70.150002,73.019997,68.566162,185897000
2016-07-01,73.129997,74.349998,72.419998,72.970001,68.519196,137700800
2016-08-01,72.809998,75.190002,70.889999,71.440002,67.082535,212358400
2016-09-01,71.570000,73.190002,70.300003,72.120003,68.184647,176953900
2016-10-01,71.830002,72.570000,67.070000,70.019997,66.199226,170641400
2016-11-01,69.980003,72.089996,68.120003,70.430000,66.586845,210244500
2016-12-01,70.250000,72.480003,68.830002,69.120003,65.348343,162308500
2017-01-01,69.239998,69.629997,65.279999,66.739998,63.549805,181776100
2017-02-01,66.459999,72.800003,66.040001,70.930000,67.539543,207841500
2017-03-01,70.970001,72.559998,69.330002,72.080002,68.634560,191103100
2017-04-01,72.080002,75.769997,71.379997,75.180000,72.112740,127414200
2017-05-01,75.089996,79.440002,74.959999,78.599998,75.393211,182345800
2017-06-01,78.639999,80.470001,73.290001,75.680000,73.078133,247495300
2017-07-01,75.839996,80.339996,73.129997,79.989998,77.239960,143448100
2017-08-01,80.250000,81.989998,77.500000,78.070000,75.385963,203621200
2017-09-01,78.309998,81.120003,77.730003,78.139999,75.928177,161153600
2017-10-01,77.900002,89.110001,77.500000,87.309998,84.838600,198775100
2017-11-01,87.070000,100.129997,87.000000,97.230003,94.477814,222703100
2017-12-01,97.610001,99.910004,96.139999,98.750000,95.954788,166774100
2018-01-01,99.300003,109.980003,98.519997,106.599998,104.128487,169623300
2018-02-01,105.959999,106.559998,90.000000,90.010002,87.923126,307532700
2018-03-01,90.169998,90.500000,85.279999,88.970001,86.907242,256003000
2018-04-01,88.000000,89.660004,84.839996,88.459999,86.924232,163581800
2018-05-01,87.669998,88.099998,81.779999,82.540001,81.107002,248174200
2018-06-01,83.040001,87.489998,82.370003,85.650002,84.693237,185539500
2018-07-01,85.650002,89.660004,83.400002,89.230003,88.233246,117596900
2018-08-01,88.860001,100.209999,87.620003,95.860001,94.789185,205657200
2018-09-01,95.800003,97.660004,93.690002,93.910004,93.400314,127212500
