3.253792999999999935e+00 3.322720499999999966e+00 3.314204333333333086e+00 1.168144000000000000e+08 1.000000000000000000e+00
3.358753000000000100e+00 3.306273000000000017e+00 3.334731333333333492e+00 7.828560000000000000e+07 1.000000000000000000e+00
3.606843000000000021e+00 3.482797999999999838e+00 3.406463000000000019e+00 9.504480000000000000e+07 1.000000000000000000e+00
3.833835000000000104e+00 3.720339000000000063e+00 3.599810333333333556e+00 9.611520000000000000e+07 1.000000000000000000e+00
4.355316000000000187e+00 4.094575500000000368e+00 3.931998000000000104e+00 1.360824000000000000e+08 1.000000000000000000e+00
4.818850000000000300e+00 4.587082999999999799e+00 4.336000333333333678e+00 1.587528000000000000e+08 1.000000000000000000e+00
4.894148999999999639e+00 4.856499499999999969e+00 4.689438333333332487e+00 2.074932000000000000e+08 0.000000000000000000e+00
4.445681999999999690e+00 4.669915500000000108e+00 4.719560333333332913e+00 2.178124000000000000e+08 0.000000000000000000e+00
4.273081000000000351e+00 4.359381499999999576e+00 4.537637333333333522e+00 1.079560000000000000e+08 0.000000000000000000e+00
4.194677000000000433e+00 4.233878999999999948e+00 4.304479999999999862e+00 1.637808000000000000e+08 1.000000000000000000e+00
4.723912000000000333e+00 4.459294500000000383e+00 4.397223333333333706e+00 9.045320000000000000e+07 1.000000000000000000e+00
4.743513000000000090e+00 4.733712500000000212e+00 4.554034000000000582e+00 9.163000000000000000e+07 1.000000000000000000e+00
5.198445999999999678e+00 4.970979500000000328e+00 4.888623666666666701e+00 1.229996000000000000e+08 1.000000000000000000e+00
5.572581999999999702e+00 5.385513999999999690e+00 5.171513666666666786e+00 1.431956000000000000e+08 1.000000000000000000e+00
6.104238999999999749e+00 5.838410500000000170e+00 5.625089000000000006e+00 1.031484000000000000e+08 1.000000000000000000e+00
6.409570000000000434e+00 6.256904500000000091e+00 6.028796999999999962e+00 1.128036000000000000e+08 1.000000000000000000e+00
6.785440999999999612e+00 6.597505500000000467e+00 6.433083333333333265e+00 1.025128000000000000e+08 0.000000000000000000e+00
6.765659000000000312e+00 6.775549999999999962e+00 6.653556666666666786e+00 8.391600000000000000e+07 1.000000000000000000e+00
7.567937999999999832e+00 7.166798500000000516e+00 7.039679333333332956e+00 1.046088000000000000e+08 1.000000000000000000e+00
8.044657000000000835e+00 7.806297500000000333e+00 7.459418000000000326e+00 1.378964000000000000e+08 0.000000000000000000e+00
7.614271999999999707e+00 7.829464500000000271e+00 7.742288999999999533e+00 9.415960000000000000e+07 0.000000000000000000e+00
7.375080999999999776e+00 7.494676499999999741e+00 7.678003333333333735e+00 1.020272000000000000e+08 1.000000000000000000e+00
7.793664999999999843e+00 7.584372999999999365e+00 7.594339333333333109e+00 1.008996000000000000e+08 1.000000000000000000e+00
9.388272000000000617e+00 8.590968500000000674e+00 8.185672666666667041e+00 1.300644000000000000e+08 0.000000000000000000e+00
8.620264999999999844e+00 9.004268500000000230e+00 8.600734000000000989e+00 1.528912000000000000e+08 1.000000000000000000e+00
8.640264999999999418e+00 8.630264999999999631e+00 8.882934000000000552e+00 1.118592000000000000e+08 0.000000000000000000e+00
8.520258000000000109e+00 8.580261499999998875e+00 8.593595999999999790e+00 9.118680000000000000e+07 0.000000000000000000e+00
8.393627999999999645e+00 8.456942999999998989e+00 8.518050333333333057e+00 1.189588000000000000e+08 1.000000000000000000e+00
8.514110000000000511e+00 8.453869000000000966e+00 8.475998666666667347e+00 8.619840000000000000e+07 1.000000000000000000e+00
8.634591000000000349e+00 8.574350500000001318e+00 8.514109666666668019e+00 9.273960000000000000e+07 1.000000000000000000e+00
9.011122999999999550e+00 8.822856999999999061e+00 8.719941333333332878e+00 9.121680000000000000e+07 1.000000000000000000e+00
9.212716000000000349e+00 9.111919499999999061e+00 8.952809999999999491e+00 7.043880000000000000e+07 1.000000000000000000e+00
9.535258000000000678e+00 9.373986999999999625e+00 9.253032333333331749e+00 7.028280000000000000e+07 1.000000000000000000e+00
9.853918000000000177e+00 9.694587999999999539e+00 9.533963999999999217e+00 9.331520000000000000e+07 1.000000000000000000e+00
1.042046299999999981e+01 1.013719049999999910e+01 9.936546333333332370e+00 8.383120000000000000e+07 0.000000000000000000e+00
1.035976400000000019e+01 1.039011350000000000e+01 1.021138166666666613e+01 1.000284000000000000e+08 1.000000000000000000e+00
1.057718900000000062e+01 1.046847650000000129e+01 1.045247200000000021e+01 1.576072000000000000e+08 0.000000000000000000e+00
1.055688899999999997e+01 1.056703900000000118e+01 1.049794733333333419e+01 1.485450000000000000e+08 0.000000000000000000e+00
1.031326400000000021e+01 1.043507650000000098e+01 1.048244733333333478e+01 1.693564000000000000e+08 0.000000000000000000e+00
8.706015999999999977e+00 9.509640000000000981e+00 9.858722999999999459e+00 2.463020000000000000e+08 1.000000000000000000e+00
9.072153999999999385e+00 8.889084999999999681e+00 9.363811333333332598e+00 1.393234000000000000e+08 0.000000000000000000e+00
8.543283000000000627e+00 8.807718500000000006e+00 8.773817666666666071e+00 1.634284000000000000e+08 0.000000000000000000e+00
8.278779999999999362e+00 8.411031499999999994e+00 8.631405666666665866e+00 8.062840000000000000e+07 1.000000000000000000e+00
8.401122000000000867e+00 8.339950999999999226e+00 8.407728333333333026e+00 1.019392000000000000e+08 0.000000000000000000e+00
8.054380000000000095e+00 8.227751000000001369e+00 8.244760666666666182e+00 1.306002000000000000e+08 1.000000000000000000e+00
8.626775000000000304e+00 8.340577500000000200e+00 8.360759000000001606e+00 1.109668000000000000e+08 1.000000000000000000e+00
9.362704000000000804e+00 8.994739500000001442e+00 8.681286333333334326e+00 1.226602000000000000e+08 0.000000000000000000e+00
8.195150999999999186e+00 8.778927499999999995e+00 8.728210000000000690e+00 9.535200000000000000e+07 1.000000000000000000e+00
8.686854999999999549e+00 8.441002999999998480e+00 8.748236666666665329e+00 1.121358000000000000e+08 1.000000000000000000e+00
9.301494999999999180e+00 8.994174999999998477e+00 8.727833666666665380e+00 1.017916000000000000e+08 0.000000000000000000e+00
8.481980999999999327e+00 8.891738000000000142e+00 8.823443666666664242e+00 1.114390000000000000e+08 0.000000000000000000e+00
8.302357999999999905e+00 8.392169499999999616e+00 8.695278000000000063e+00 1.011158000000000000e+08 0.000000000000000000e+00
7.726952999999999960e+00 8.014655499999999932e+00 8.170430666666666397e+00 1.171054000000000000e+08 1.000000000000000000e+00
7.973559999999999981e+00 7.850256500000000415e+00 8.000956999999999653e+00 1.091678000000000000e+08 1.000000000000000000e+00
8.249755999999999645e+00 8.111658000000000257e+00 7.983422999999999270e+00 7.916420000000000000e+07 0.000000000000000000e+00
8.126010000000000844e+00 8.187882999999999356e+00 8.116442000000001045e+00 1.029766000000000000e+08 0.000000000000000000e+00
7.740440000000000431e+00 7.933225000000000193e+00 8.038735333333333344e+00 1.229788000000000000e+08 1.000000000000000000e+00
7.781835000000000058e+00 7.761137500000000244e+00 7.882761666666667111e+00 8.727700000000000000e+07 0.000000000000000000e+00
7.699044999999999916e+00 7.740439999999999543e+00 7.740439999999999543e+00 1.239556000000000000e+08 0.000000000000000000e+00
7.062337999999999560e+00 7.380691499999999294e+00 7.514406000000000141e+00 1.532466000000000000e+08 1.000000000000000000e+00
7.602400000000000269e+00 7.332368999999999915e+00 7.454594333333332656e+00 1.362120000000000000e+08 1.000000000000000000e+00
7.893202999999999747e+00 7.747801499999999564e+00 7.519313666666666229e+00 1.065596000000000000e+08 1.000000000000000000e+00
8.516351999999999478e+00 8.204777499999998724e+00 8.003985000000000127e+00 1.345992000000000000e+08 0.000000000000000000e+00
7.925061999999999607e+00 8.220706999999999098e+00 8.111538999999998723e+00 1.165856000000000000e+08 1.000000000000000000e+00
8.300459999999999283e+00 8.112760999999999001e+00 8.247291333333331309e+00 1.467094000000000000e+08 1.000000000000000000e+00
8.926118999999999915e+00 8.613289500000000487e+00 8.383880333333332047e+00 1.423760000000000000e+08 0.000000000000000000e+00
8.919558999999999571e+00 8.922838999999999743e+00 8.715379333333332923e+00 1.093024000000000000e+08 0.000000000000000000e+00
8.207670000000000243e+00 8.563614499999999907e+00 8.684449333333333243e+00 1.324678000000000000e+08 1.000000000000000000e+00
8.324721999999999511e+00 8.266196000000000765e+00 8.483983666666667034e+00 1.214038000000000000e+08 0.000000000000000000e+00
7.273620000000000196e+00 7.799170999999999410e+00 7.935337333333333909e+00 1.951448000000000000e+08 1.000000000000000000e+00
8.072454999999999714e+00 7.673037499999999511e+00 7.890265666666667066e+00 1.342282000000000000e+08 0.000000000000000000e+00
7.514508000000000187e+00 7.793481500000000395e+00 7.620194333333333070e+00 1.278298000000000000e+08 0.000000000000000000e+00
6.881263999999999825e+00 7.197886000000000450e+00 7.489408999999999317e+00 2.414884000000000000e+08 1.000000000000000000e+00
7.176779999999999937e+00 7.029021999999999437e+00 7.190850666666666946e+00 1.815460000000000000e+08 1.000000000000000000e+00
7.767809999999999881e+00 7.472294999999999909e+00 7.275284666666666844e+00 1.907334000000000000e+08 1.000000000000000000e+00
8.099667000000000172e+00 7.933738500000000471e+00 7.681419000000000885e+00 1.458318000000000000e+08 1.000000000000000000e+00
8.778171999999999642e+00 8.438919500000000795e+00 8.215216333333332344e+00 1.794066000000000000e+08 0.000000000000000000e+00
8.608548000000000755e+00 8.693360000000000198e+00 8.495462333333334115e+00 1.399502000000000000e+08 0.000000000000000000e+00
8.175397000000000247e+00 8.391972500000001389e+00 8.520705666666666289e+00 1.113532000000000000e+08 1.000000000000000000e+00
8.984424999999999883e+00 8.579910999999999177e+00 8.589456666666668738e+00 1.551630000000000000e+08 1.000000000000000000e+00
9.020001999999999853e+00 9.002213499999999868e+00 8.726607999999998810e+00 1.078920000000000000e+08 1.000000000000000000e+00
9.062753000000000725e+00 9.041377499999999401e+00 9.022393333333333487e+00 1.228704000000000000e+08 0.000000000000000000e+00
8.720760999999999541e+00 8.891757000000000133e+00 8.934505333333332189e+00 1.631092000000000000e+08 0.000000000000000000e+00
7.780285000000000117e+00 8.250522999999999385e+00 8.521266333333333165e+00 1.412030000000000000e+08 1.000000000000000000e+00
8.157393000000000782e+00 7.968839000000000894e+00 8.219479666666666517e+00 1.914560000000000000e+08 1.000000000000000000e+00
9.058996000000000492e+00 8.608194499999999749e+00 8.332224666666666835e+00 1.728808000000000000e+08 1.000000000000000000e+00
9.574199000000000126e+00 9.316597500000000309e+00 8.930196000000000467e+00 2.286336000000000000e+08 1.000000000000000000e+00
9.705712999999999369e+00 9.639955999999999747e+00 9.446302666666666070e+00 1.376242000000000000e+08 1.000000000000000000e+00
1.030962700000000076e+01 1.000767000000000095e+01 9.863179666666667345e+00 1.411646000000000000e+08 1.000000000000000000e+00
1.166842399999999991e+01 1.098902550000000033e+01 1.056125466666666846e+01 1.447398000000000000e+08 1.000000000000000000e+00
1.299358699999999978e+01 1.233100549999999984e+01 1.165721266666666622e+01 1.685008000000000000e+08 0.000000000000000000e+00
1.230059199999999997e+01 1.264708949999999987e+01 1.232086766666666655e+01 1.305660000000000000e+08 1.000000000000000000e+00
1.269040999999999997e+01 1.249550100000000086e+01 1.266152966666666657e+01 1.228522000000000000e+08 0.000000000000000000e+00
1.217036200000000079e+01 1.243038600000000038e+01 1.238712133333333476e+01 1.388126000000000000e+08 1.000000000000000000e+00
1.393072199999999938e+01 1.305054200000000009e+01 1.293049800000000005e+01 1.081226000000000000e+08 0.000000000000000000e+00
1.371338700000000088e+01 1.382205450000000013e+01 1.327149033333333250e+01 1.058184000000000000e+08 1.000000000000000000e+00
1.388987400000000072e+01 1.380163050000000169e+01 1.384466100000000033e+01 1.131766000000000000e+08 1.000000000000000000e+00
1.615760999999999825e+01 1.502374199999999860e+01 1.458695699999999995e+01 1.091654000000000000e+08 1.000000000000000000e+00
1.772758299999999920e+01 1.694259650000000050e+01 1.592502233333333095e+01 1.362364000000000000e+08 0.000000000000000000e+00
1.769374300000000133e+01 1.771066300000000027e+01 1.719297866666666508e+01 1.194306000000000000e+08 1.000000000000000000e+00
1.929033099999999834e+01 1.849203699999999984e+01 1.823721899999999962e+01 1.023316000000000000e+08 1.000000000000000000e+00
2.125873599999999897e+01 2.027453349999999688e+01 1.941426999999999836e+01 1.292124000000000000e+08 1.000000000000000000e+00
2.214975700000000103e+01 2.170424650000000000e+01 2.089960799999999708e+01 1.338458000000000000e+08 0.000000000000000000e+00
2.070234299999999905e+01 2.142605000000000004e+01 2.137027866666666753e+01 1.669584000000000000e+08 0.000000000000000000e+00
1.916721199999999925e+01 1.993477749999999915e+01 2.067310399999999859e+01 1.994742000000000000e+08 1.000000000000000000e+00
2.429346699999999970e+01 2.173033949999999948e+01 2.138767400000000052e+01 1.934814000000000000e+08 1.000000000000000000e+00
2.649198300000000117e+01 2.539272499999999866e+01 2.331755400000000122e+01 1.306000000000000000e+08 1.000000000000000000e+00
2.864651699999999934e+01 2.756925000000000026e+01 2.647732233333333340e+01 1.205954000000000000e+08 1.000000000000000000e+00
3.031331799999999888e+01 2.947991749999999911e+01 2.848393933333333550e+01 1.314554000000000000e+08 1.000000000000000000e+00
3.035737400000000008e+01 3.033534600000000125e+01 2.977240299999999706e+01 1.301118000000000000e+08 1.000000000000000000e+00
3.249430100000000010e+01 3.142583750000000009e+01 3.105499766666666872e+01 1.785996000000000000e+08 1.000000000000000000e+00
3.249589499999999731e+01 3.249509799999999871e+01 3.178252333333333013e+01 2.012008000000000000e+08 0.000000000000000000e+00
3.011169999999999902e+01 3.130379749999999817e+01 3.170063199999999881e+01 1.630925000000000000e+08 1.000000000000000000e+00
3.408539600000000291e+01 3.209854800000000097e+01 3.223099700000000212e+01 1.309895000000000000e+08 0.000000000000000000e+00
2.988193300000000008e+01 3.198366450000000327e+01 3.135967633333333637e+01 1.053485000000000000e+08 1.000000000000000000e+00
3.134067900000000151e+01 3.061130599999999902e+01 3.176933599999999913e+01 1.279369000000000000e+08 1.000000000000000000e+00
3.363928200000000146e+01 3.248998050000000148e+01 3.162063133333333553e+01 1.064495000000000000e+08 1.000000000000000000e+00
3.987031199999999842e+01 3.675479699999999639e+01 3.495009100000000046e+01 1.520051000000000000e+08 1.000000000000000000e+00
4.079961000000000126e+01 4.033496099999999984e+01 3.810306800000000038e+01 1.199915000000000000e+08 1.000000000000000000e+00
4.894181100000000129e+01 4.487071050000000128e+01 4.320391100000000506e+01 1.370851000000000000e+08 0.000000000000000000e+00
3.879296099999999825e+01 4.386738599999999622e+01 4.284479400000000027e+01 1.357511000000000000e+08 0.000000000000000000e+00
3.454168700000000314e+01 3.666732400000000069e+01 4.075881966666666045e+01 2.300403000000000000e+08 1.000000000000000000e+00
4.003294799999999753e+01 3.728731750000000034e+01 3.778919866666666394e+01 2.317825000000000000e+08 0.000000000000000000e+00
3.928515600000000063e+01 3.965905200000000264e+01 3.795326366666666473e+01 1.363907000000000000e+08 1.000000000000000000e+00
4.088140899999999789e+01 4.008328249999999571e+01 4.006650433333333439e+01 1.444073000000000000e+08 0.000000000000000000e+00
4.088140899999999789e+01 4.088140899999999789e+01 4.034932466666666073e+01 1.296220000000000000e+08 0.000000000000000000e+00
3.923930000000000007e+01 4.006035450000000253e+01 4.033403933333332958e+01 1.072935000000000000e+08 0.000000000000000000e+00
3.382391400000000203e+01 3.653160700000000105e+01 3.798154100000000000e+01 1.924776000000000000e+08 1.000000000000000000e+00
3.417904699999999707e+01 3.400148049999999955e+01 3.574742033333333069e+01 1.509505000000000000e+08 0.000000000000000000e+00
3.226178000000000168e+01 3.322041349999999937e+01 3.342158033333333123e+01 2.173338000000000000e+08 1.000000000000000000e+00
3.710550299999999879e+01 3.468364150000000024e+01 3.451544333333333014e+01 1.963799000000000000e+08 1.000000000000000000e+00
3.777206400000000031e+01 3.743878349999999955e+01 3.571311566666666693e+01 1.727878000000000000e+08 1.000000000000000000e+00
4.043556199999999734e+01 3.910381300000000238e+01 3.843770966666667022e+01 1.799257000000000000e+08 0.000000000000000000e+00
3.565874099999999913e+01 3.804715149999999824e+01 3.795545566666666559e+01 1.369502000000000000e+08 1.000000000000000000e+00
3.595062599999999975e+01 3.580468349999999589e+01 3.734830966666666541e+01 1.694477000000000000e+08 1.000000000000000000e+00
3.688729500000000172e+01 3.641896049999999718e+01 3.616555399999999310e+01 1.497436000000000000e+08 1.000000000000000000e+00
3.689443200000000189e+01 3.689086350000000181e+01 3.657745099999999638e+01 1.465699000000000000e+08 0.000000000000000000e+00
3.479126399999999819e+01 3.584284800000000359e+01 3.619099700000000297e+01 1.223707000000000000e+08 1.000000000000000000e+00
3.991029000000000337e+01 3.735077700000000078e+01 3.719866200000000589e+01 1.540271000000000000e+08 0.000000000000000000e+00
3.430570199999999659e+01 3.710799599999999998e+01 3.633575199999999938e+01 1.514553000000000000e+08 1.000000000000000000e+00
3.534095400000000353e+01 3.482332800000000361e+01 3.651898200000000116e+01 1.743277000000000000e+08 1.000000000000000000e+00
3.675419600000000031e+01 3.604757500000000192e+01 3.546695066666666918e+01 1.879334000000000000e+08 1.000000000000000000e+00
3.943568400000000196e+01 3.809494000000000113e+01 3.717694466666666386e+01 1.580679000000000000e+08 1.000000000000000000e+00
4.115183999999999997e+01 4.029376200000000097e+01 3.911390666666667215e+01 1.356019000000000000e+08 1.000000000000000000e+00
4.294331700000000041e+01 4.204757850000000019e+01 4.117694700000000552e+01 1.508315000000000000e+08 1.000000000000000000e+00
4.439673599999999709e+01 4.367002649999999875e+01 4.283063100000000389e+01 1.516889000000000000e+08 0.000000000000000000e+00
4.388839000000000112e+01 4.414256299999999555e+01 4.374281433333333524e+01 1.513434000000000000e+08 0.000000000000000000e+00
4.004088999999999743e+01 4.196464000000000283e+01 4.277533866666666285e+01 1.739025000000000000e+08 0.000000000000000000e+00
3.877930800000000033e+01 3.941009900000000243e+01 4.090286266666667103e+01 1.741804000000000000e+08 1.000000000000000000e+00
3.943159899999999851e+01 3.910545349999999587e+01 3.941726566666667253e+01 1.980825000000000000e+08 0.000000000000000000e+00
3.529782500000000312e+01 3.736471199999999726e+01 3.783624400000000065e+01 2.568734000000000000e+08 1.000000000000000000e+00
3.838405600000000106e+01 3.684094050000000209e+01 3.770449333333333186e+01 2.161486000000000000e+08 0.000000000000000000e+00
3.534089300000000122e+01 3.686247450000000470e+01 3.634092466666666610e+01 1.892861000000000000e+08 1.000000000000000000e+00
3.848750299999999669e+01 3.691419799999999896e+01 3.740415066666667343e+01 2.813720000000000000e+08 1.000000000000000000e+00
3.873905200000000093e+01 3.861327749999999526e+01 3.752248266666666865e+01 1.727078000000000000e+08 0.000000000000000000e+00
3.630258899999999755e+01 3.752082049999999924e+01 3.784304799999999602e+01 1.726220000000000000e+08 0.000000000000000000e+00
3.440549500000000194e+01 3.535404199999999975e+01 3.648237866666666918e+01 1.772044000000000000e+08 1.000000000000000000e+00
3.459265500000000060e+01 3.449907500000000482e+01 3.510024633333333099e+01 1.470453000000000000e+08 1.000000000000000000e+00
3.745018000000000313e+01 3.602141749999999831e+01 3.548277666666667329e+01 1.777968000000000000e+08 1.000000000000000000e+00
4.060796700000000214e+01 3.902907350000000264e+01 3.755026733333333055e+01 1.696732000000000000e+08 0.000000000000000000e+00
3.793299100000000124e+01 3.927047900000000169e+01 3.866371266666666884e+01 1.907440000000000000e+08 1.000000000000000000e+00
3.869727300000000270e+01 3.831513200000000552e+01 3.907941033333333536e+01 1.666209000000000000e+08 1.000000000000000000e+00
4.037836800000000181e+01 3.953782050000000226e+01 3.900287733333333762e+01 1.579893000000000000e+08 1.000000000000000000e+00
4.273274200000000178e+01 4.155555499999999824e+01 4.060279433333333543e+01 1.366693000000000000e+08 0.000000000000000000e+00
4.033503000000000327e+01 4.153388600000000253e+01 4.114871333333333325e+01 1.751007000000000000e+08 1.000000000000000000e+00
4.257387200000000149e+01 4.145445100000000593e+01 4.188054800000000455e+01 1.521406000000000000e+08 0.000000000000000000e+00
4.024684899999999743e+01 4.141036049999999591e+01 4.105191700000000310e+01 1.723847000000000000e+08 0.000000000000000000e+00
3.837338600000000355e+01 3.931011750000000404e+01 4.039803566666666512e+01 2.800656000000000000e+08 1.000000000000000000e+00
3.902039299999999855e+01 3.869688949999999750e+01 3.921354266666666888e+01 2.016638000000000000e+08 1.000000000000000000e+00
4.315794000000000352e+01 4.108916650000000459e+01 4.018390633333333284e+01 2.254192000000000000e+08 1.000000000000000000e+00
4.325213999999999714e+01 4.320503999999999678e+01 4.181015766666666877e+01 2.223373000000000000e+08 0.000000000000000000e+00
4.139576300000000231e+01 4.232395149999999973e+01 4.260194766666666766e+01 1.932810000000000000e+08 0.000000000000000000e+00
4.047343399999999747e+01 4.093459849999999989e+01 4.170711233333333467e+01 2.053371000000000000e+08 0.000000000000000000e+00
3.821765500000000060e+01 3.934554450000000259e+01 4.002895066666666679e+01 2.144845000000000000e+08 1.000000000000000000e+00
3.858891700000000213e+01 3.840328600000000137e+01 3.909333533333333577e+01 2.100070000000000000e+08 0.000000000000000000e+00
3.834142700000000303e+01 3.846517200000000258e+01 3.838266633333333289e+01 1.862583000000000000e+08 1.000000000000000000e+00
3.881904999999999717e+01 3.858023850000000010e+01 3.858313133333333411e+01 2.066403000000000000e+08 1.000000000000000000e+00
3.934440599999999932e+01 3.908172799999999825e+01 3.883496099999999984e+01 1.858389000000000000e+08 0.000000000000000000e+00
3.798722099999999813e+01 3.866581349999999873e+01 3.871689233333333391e+01 2.382677000000000000e+08 1.000000000000000000e+00
3.854176700000000011e+01 3.826449399999999912e+01 3.862446466666666112e+01 2.316438000000000000e+08 0.000000000000000000e+00
3.832841100000000267e+01 3.843508900000000494e+01 3.828579966666666934e+01 1.839237000000000000e+08 0.000000000000000000e+00
3.775055299999999647e+01 3.803948199999999957e+01 3.820691033333333309e+01 1.815601000000000000e+08 0.000000000000000000e+00
3.665336200000000133e+01 3.720195749999999890e+01 3.757744199999999779e+01 3.738125000000000000e+08 0.000000000000000000e+00
3.458260700000000298e+01 3.561798450000000571e+01 3.632884066666667167e+01 3.373971000000000000e+08 1.000000000000000000e+00
3.464862099999999856e+01 3.461561400000000077e+01 3.529486333333333192e+01 2.551312000000000000e+08 1.000000000000000000e+00
3.547344199999999859e+01 3.506103149999999857e+01 3.490155666666666434e+01 2.383352000000000000e+08 1.000000000000000000e+00
3.631980500000000234e+01 3.589662350000000401e+01 3.548062266666666886e+01 1.833979000000000000e+08 0.000000000000000000e+00
3.308892099999999914e+01 3.470436300000000074e+01 3.496072266666666906e+01 2.804011000000000000e+08 0.000000000000000000e+00
3.235192899999999838e+01 3.272042499999999876e+01 3.392021833333333092e+01 4.450294000000000000e+08 1.000000000000000000e+00
3.492857000000000056e+01 3.364024949999999592e+01 3.345647333333332796e+01 3.091685000000000000e+08 1.000000000000000000e+00
3.585143699999999711e+01 3.539000349999999884e+01 3.437731199999999632e+01 2.677719000000000000e+08 0.000000000000000000e+00
3.455203600000000108e+01 3.520173649999999554e+01 3.511068099999999959e+01 2.585419000000000000e+08 0.000000000000000000e+00
3.414614900000000119e+01 3.434909249999999759e+01 3.484987399999999980e+01 3.225187000000000000e+08 0.000000000000000000e+00
3.359076300000000259e+01 3.386845600000000189e+01 3.409631600000000162e+01 2.363406000000000000e+08 1.000000000000000000e+00
3.498297500000000326e+01 3.428686900000000293e+01 3.423996233333333095e+01 2.679879000000000000e+08 0.000000000000000000e+00
3.346947899999999976e+01 3.422622700000000151e+01 3.401440566666666854e+01 1.971071000000000000e+08 1.000000000000000000e+00
3.601147499999999724e+01 3.474047699999999850e+01 3.482130966666667149e+01 3.020084000000000000e+08 0.000000000000000000e+00
3.592855099999999879e+01 3.597001299999999446e+01 3.513650166666666763e+01 2.457330000000000000e+08 0.000000000000000000e+00
3.319118900000000139e+01 3.455987000000000364e+01 3.504373833333333010e+01 2.695897000000000000e+08 1.000000000000000000e+00
3.335528599999999955e+01 3.327323750000000047e+01 3.415834200000000465e+01 2.370887000000000000e+08 1.000000000000000000e+00
3.692512099999999720e+01 3.514020349999999837e+01 3.449053200000000174e+01 2.652104000000000000e+08 0.000000000000000000e+00
3.689517599999999931e+01 3.691014849999999825e+01 3.572519433333332728e+01 3.654943000000000000e+08 0.000000000000000000e+00
3.451435899999999890e+01 3.570476750000000266e+01 3.611155199999999610e+01 3.719599000000000000e+08 1.000000000000000000e+00
3.457426499999999692e+01 3.454431199999999791e+01 3.532793333333333408e+01 2.780463000000000000e+08 1.000000000000000000e+00
3.583624999999999972e+01 3.520525750000000187e+01 3.497495799999999377e+01 2.899212000000000000e+08 1.000000000000000000e+00
3.630216599999999971e+01 3.606920800000000327e+01 3.557089366666667019e+01 2.780033000000000000e+08 0.000000000000000000e+00
3.528018999999999750e+01 3.579117800000000216e+01 3.580620200000000608e+01 3.473695000000000000e+08 1.000000000000000000e+00
3.618146099999999876e+01 3.573082549999999458e+01 3.592127233333333436e+01 2.571445000000000000e+08 0.000000000000000000e+00
3.593984199999999873e+01 3.606065149999999875e+01 3.580049766666666500e+01 3.091999000000000000e+08 1.000000000000000000e+00
3.649351899999999915e+01 3.621668049999999539e+01 3.620494066666666555e+01 4.435648000000000000e+08 0.000000000000000000e+00
3.485504900000000106e+01 3.567428400000000011e+01 3.576280333333333061e+01 3.453816000000000000e+08 0.000000000000000000e+00
3.309523800000000193e+01 3.397514350000000150e+01 3.481460200000000071e+01 5.613992000000000000e+08 1.000000000000000000e+00
3.327747300000000052e+01 3.318635550000000478e+01 3.374258666666666784e+01 3.761540000000000000e+08 1.000000000000000000e+00
3.446678200000000203e+01 3.387212750000000483e+01 3.361316433333333720e+01 4.370280000000000000e+08 1.000000000000000000e+00
3.651755099999999743e+01 3.549216649999999618e+01 3.475393533333333806e+01 4.323405000000000000e+08 0.000000000000000000e+00
3.623548499999999706e+01 3.637651799999999724e+01 3.573993933333333217e+01 3.045265000000000000e+08 1.000000000000000000e+00
3.885703699999999827e+01 3.754626100000000122e+01 3.720335766666666899e+01 5.946095000000000000e+08 0.000000000000000000e+00
3.797636800000000079e+01 3.841670249999999953e+01 3.768963000000000108e+01 4.766302000000000000e+08 1.000000000000000000e+00
4.034271600000000291e+01 3.915954200000000185e+01 3.905870699999999829e+01 4.901800000000000000e+08 1.000000000000000000e+00
4.461234300000000275e+01 4.247752950000000283e+01 4.097714233333334022e+01 4.392320000000000000e+08 0.000000000000000000e+00
4.442767299999999864e+01 4.452000800000000424e+01 4.312757733333333476e+01 3.929911000000000000e+08 0.000000000000000000e+00
4.342478599999999744e+01 4.392622949999999804e+01 4.415493400000000435e+01 4.433483000000000000e+08 1.000000000000000000e+00
4.529467400000000055e+01 4.435972999999999900e+01 4.438237766666666317e+01 4.955779000000000000e+08 1.000000000000000000e+00
4.564238000000000284e+01 4.546852700000000169e+01 4.478728000000000264e+01 3.958391000000000000e+08 1.000000000000000000e+00
4.646223100000000272e+01 4.605230550000000278e+01 4.579976166666667581e+01 5.601539000000000000e+08 0.000000000000000000e+00
4.329700100000000162e+01 4.487961599999999862e+01 4.513387066666666669e+01 7.483613000000000000e+08 1.000000000000000000e+00
4.335130699999999848e+01 4.332415400000000005e+01 4.437017966666666524e+01 5.147981000000000000e+08 1.000000000000000000e+00
4.349093599999999782e+01 4.342112149999999815e+01 4.337974799999999931e+01 4.694115000000000000e+08 0.000000000000000000e+00
3.671316099999999949e+01 4.010204849999999510e+01 4.118513466666666289e+01 5.185472000000000000e+08 1.000000000000000000e+00
3.836495200000000239e+01 3.753905650000000094e+01 3.952301633333333086e+01 5.090332000000000000e+08 1.000000000000000000e+00
4.059329199999999815e+01 3.947912200000000382e+01 3.855713499999999527e+01 5.452955000000000000e+08 0.000000000000000000e+00
3.948984500000000253e+01 4.004156849999999679e+01 3.948269633333333672e+01 4.505221000000000000e+08 0.000000000000000000e+00
3.897272900000000107e+01 3.923128700000000180e+01 3.968528866666666488e+01 3.770489000000000000e+08 0.000000000000000000e+00
3.815842099999999704e+01 3.856557499999999550e+01 3.887366499999999547e+01 4.176985000000000000e+08 1.000000000000000000e+00
3.929277799999999843e+01 3.872559950000000129e+01 3.880797599999999647e+01 3.690689000000000000e+08 1.000000000000000000e+00
4.007263900000000234e+01 3.968270850000000394e+01 3.917461266666666830e+01 3.442520000000000000e+08 0.000000000000000000e+00
3.888219500000000295e+01 3.947741700000000264e+01 3.941587066666667027e+01 3.756733000000000000e+08 1.000000000000000000e+00
3.934950599999999810e+01 3.911585050000000052e+01 3.943477999999999639e+01 3.740178000000000000e+08 1.000000000000000000e+00
4.320684800000000081e+01 4.127817699999999945e+01 4.047951633333332921e+01 3.060097000000000000e+08 0.000000000000000000e+00
4.233557900000000274e+01 4.277121350000000177e+01 4.163064433333332914e+01 2.646813000000000000e+08 1.000000000000000000e+00
4.253274900000000258e+01 4.243416400000000266e+01 4.269172533333333064e+01 2.915915000000000000e+08 1.000000000000000000e+00
4.304221700000000084e+01 4.278748300000000171e+01 4.263684833333334012e+01 2.785050000000000000e+08 1.000000000000000000e+00
4.426016200000000111e+01 4.365118950000000098e+01 4.327837600000000151e+01 2.707644000000000000e+08 0.000000000000000000e+00
4.294018599999999708e+01 4.360017399999999554e+01 4.341418833333333538e+01 2.829511000000000000e+08 0.000000000000000000e+00
4.047457099999999741e+01 4.170737849999999725e+01 4.255830633333332713e+01 3.981190000000000000e+08 0.000000000000000000e+00
3.870445300000000088e+01 3.958951199999999915e+01 4.070640333333333416e+01 3.905485000000000000e+08 1.000000000000000000e+00
4.121658299999999997e+01 3.996051800000000043e+01 4.013186900000000179e+01 2.803408000000000000e+08 0.000000000000000000e+00
4.037115099999999757e+01 4.079386699999999877e+01 4.009739566666666377e+01 2.725591000000000000e+08 1.000000000000000000e+00
4.334369699999999881e+01 4.185742399999999463e+01 4.164381033333333448e+01 2.162840000000000000e+08 1.000000000000000000e+00
4.387009799999999871e+01 4.360689750000000231e+01 4.252831533333333169e+01 2.084451000000000000e+08 0.000000000000000000e+00
4.380532099999999929e+01 4.383770950000000255e+01 4.367303866666666323e+01 2.418024000000000000e+08 0.000000000000000000e+00
4.367574299999999710e+01 4.374053200000000174e+01 4.378372066666666029e+01 2.461821000000000000e+08 1.000000000000000000e+00
4.565955399999999997e+01 4.466764849999999853e+01 4.438020600000000826e+01 2.606565000000000000e+08 0.000000000000000000e+00
4.232895299999999850e+01 4.399425349999999924e+01 4.388808333333332712e+01 2.768392000000000000e+08 1.000000000000000000e+00
4.238594100000000253e+01 4.235744700000000051e+01 4.345814933333333130e+01 2.792473000000000000e+08 1.000000000000000000e+00
4.508575400000000144e+01 4.373584750000000554e+01 4.326688266666666749e+01 1.779928000000000000e+08 1.000000000000000000e+00
4.528256199999999865e+01 4.518415799999999649e+01 4.425141899999999850e+01 1.956990000000000000e+08 0.000000000000000000e+00
4.386520800000000264e+01 4.457388500000000420e+01 4.474450799999999617e+01 2.825647000000000000e+08 0.000000000000000000e+00
4.351024600000000220e+01 4.368772700000000242e+01 4.421933866666666546e+01 1.981039000000000000e+08 1.000000000000000000e+00
4.390648300000000148e+01 4.370836450000000184e+01 4.376064566666666877e+01 4.245271000000000000e+08 0.000000000000000000e+00
4.315155000000000030e+01 4.352901649999999734e+01 4.352275966666667273e+01 2.758661000000000000e+08 1.000000000000000000e+00
4.715907700000000347e+01 4.515531350000000543e+01 4.473903666666666368e+01 2.688205000000000000e+08 1.000000000000000000e+00
4.897160300000000177e+01 4.806534000000000617e+01 4.642741000000000895e+01 2.221133000000000000e+08 1.000000000000000000e+00
4.968664199999999909e+01 4.932912249999999688e+01 4.860577400000000381e+01 1.936069000000000000e+08 1.000000000000000000e+00
5.133571200000000090e+01 5.051117700000000355e+01 4.999798566666666488e+01 1.635770000000000000e+08 0.000000000000000000e+00
4.942818799999999868e+01 5.038195000000000334e+01 5.015018066666667096e+01 1.993145000000000000e+08 1.000000000000000000e+00
5.120185500000000189e+01 5.031502150000000029e+01 5.065525166666666479e+01 1.858222000000000000e+08 0.000000000000000000e+00
4.961543700000000001e+01 5.040864600000000451e+01 5.008182666666666449e+01 2.517879000000000000e+08 1.000000000000000000e+00
5.543521100000000246e+01 5.252532399999999768e+01 5.208416766666667286e+01 2.470980000000000000e+08 1.000000000000000000e+00
5.911784699999999759e+01 5.727652899999999647e+01 5.472283166666667142e+01 2.292648000000000000e+08 1.000000000000000000e+00
6.311159899999999823e+01 6.111472299999999791e+01 5.922155233333332802e+01 2.106865000000000000e+08 0.000000000000000000e+00
6.155989499999999737e+01 6.233574699999999780e+01 6.126311366666666203e+01 1.636185000000000000e+08 1.000000000000000000e+00
6.291540100000000280e+01 6.223764800000000008e+01 6.252896499999999946e+01 1.216050000000000000e+08 1.000000000000000000e+00
6.395547899999999686e+01 6.343543999999999983e+01 6.281025833333332997e+01 1.448582000000000000e+08 0.000000000000000000e+00
6.139791900000000169e+01 6.267669899999999927e+01 6.275626633333333615e+01 1.936875000000000000e+08 0.000000000000000000e+00
5.816691200000000350e+01 5.978241549999999904e+01 6.117343666666666735e+01 1.984337000000000000e+08 1.000000000000000000e+00
5.996373400000000231e+01 5.906532300000000646e+01 5.984285500000000724e+01 1.520079000000000000e+08 1.000000000000000000e+00
6.067523599999999817e+01 6.031948500000000024e+01 5.960196066666666326e+01 2.054558000000000000e+08 1.000000000000000000e+00
6.414706400000000031e+01 6.241114999999999924e+01 6.159534466666666930e+01 1.514565000000000000e+08 1.000000000000000000e+00
6.705429800000000284e+01 6.560068100000000868e+01 6.395886600000000044e+01 1.650858000000000000e+08 0.000000000000000000e+00
6.456951899999999966e+01 6.581190850000000125e+01 6.525696033333333901e+01 1.622951000000000000e+08 1.000000000000000000e+00
6.465305299999999988e+01 6.461128600000000688e+01 6.542562333333333413e+01 1.626086000000000000e+08 1.000000000000000000e+00
6.764744600000000219e+01 6.615024950000000104e+01 6.562333933333333391e+01 1.130254000000000000e+08 0.000000000000000000e+00
6.334243399999999724e+01 6.549493999999999971e+01 6.521431099999999503e+01 1.338489000000000000e+08 1.000000000000000000e+00
6.458281700000000569e+01 6.396262550000000147e+01 6.519089900000000171e+01 1.241097000000000000e+08 1.000000000000000000e+00
6.701909600000000466e+01 6.580095650000001228e+01 6.498144899999999780e+01 1.509959000000000000e+08 1.000000000000000000e+00
7.073899099999999862e+01 6.887904349999999454e+01 6.744696800000001247e+01 1.131436000000000000e+08 0.000000000000000000e+00
6.871311199999999531e+01 6.972605149999999696e+01 6.882373299999999006e+01 1.177438000000000000e+08 0.000000000000000000e+00
6.559116400000000624e+01 6.715213800000000788e+01 6.834775566666667146e+01 1.460488000000000000e+08 1.000000000000000000e+00
6.560871099999999956e+01 6.559993750000001000e+01 6.663766233333333844e+01 1.407088000000000000e+08 1.000000000000000000e+00
6.712817400000000134e+01 6.636844250000000045e+01 6.610934966666667378e+01 1.433169000000000000e+08 1.000000000000000000e+00
7.046063999999999794e+01 6.879440700000000675e+01 6.773250833333332821e+01 1.335986000000000000e+08 0.000000000000000000e+00
6.786178599999999506e+01 6.916121300000000360e+01 6.848353333333334092e+01 1.215979000000000000e+08 0.000000000000000000e+00
6.676990499999999429e+01 6.731584549999999467e+01 6.836411033333332909e+01 1.258757000000000000e+08 0.000000000000000000e+00
6.544464899999999830e+01 6.610727699999999629e+01 6.669211333333332448e+01 1.201655000000000000e+08 1.000000000000000000e+00
6.715234399999999937e+01 6.629849649999999883e+01 6.645563266666665925e+01 1.147151000000000000e+08 1.000000000000000000e+00
6.846319599999999639e+01 6.780777000000000498e+01 6.702006299999999328e+01 1.203214000000000000e+08 0.000000000000000000e+00
6.828411900000000401e+01 6.837365750000000730e+01 6.796655300000000466e+01 1.773866000000000000e+08 1.000000000000000000e+00
7.837409200000000453e+01 7.332910549999999716e+01 7.170713566666667305e+01 1.592532000000000000e+08 0.000000000000000000e+00
7.688790899999999340e+01 7.763100049999999896e+01 7.451537333333332924e+01 1.389458000000000000e+08 0.000000000000000000e+00
7.650720200000000659e+01 7.669755549999999289e+01 7.725640099999999677e+01 1.586415000000000000e+08 0.000000000000000000e+00
7.556189700000000187e+01 7.603454949999999712e+01 7.631900266666666255e+01 1.383027000000000000e+08 0.000000000000000000e+00
7.404936999999999614e+01 7.480563349999999900e+01 7.537282299999999680e+01 1.409250000000000000e+08 0.000000000000000000e+00
7.069020100000000184e+01 7.236978550000000610e+01 7.343382266666667135e+01 1.435464000000000000e+08 0.000000000000000000e+00
6.726663200000000131e+01 6.897841650000000868e+01 7.066873433333334731e+01 1.509698000000000000e+08 0.000000000000000000e+00
6.464703400000000499e+01 6.595683300000000315e+01 6.753462233333334552e+01 1.764886000000000000e+08 1.000000000000000000e+00
6.560401899999999387e+01 6.512552650000000654e+01 6.583922833333333813e+01 1.504204000000000000e+08 0.000000000000000000e+00
5.899622300000000052e+01 6.230012099999999720e+01 6.308242533333333313e+01 2.271366000000000000e+08 1.000000000000000000e+00
5.950000000000000000e+01 5.924811150000000026e+01 6.136674733333332910e+01 1.905309000000000000e+08 0.000000000000000000e+00
5.252592099999999675e+01 5.601296049999999838e+01 5.700738133333333479e+01 3.467271000000000000e+08 1.000000000000000000e+00
5.399414099999999905e+01 5.326003099999999790e+01 5.534002066666666764e+01 2.246218000000000000e+08 1.000000000000000000e+00
5.625154500000000013e+01 5.512284300000000314e+01 5.425720233333333198e+01 2.268026000000000000e+08 1.000000000000000000e+00
6.140489600000000081e+01 5.882822050000000047e+01 5.721686066666666903e+01 2.643810000000000000e+08 0.000000000000000000e+00
6.138637500000000102e+01 6.139563549999999736e+01 5.968093866666666969e+01 2.624538000000000000e+08 1.000000000000000000e+00
6.337583899999999915e+01 6.238110700000000008e+01 6.205570333333332655e+01 2.024756000000000000e+08 0.000000000000000000e+00
6.233487699999999876e+01 6.285535799999999540e+01 6.236569700000000438e+01 1.411329000000000000e+08 1.000000000000000000e+00
6.597970599999999308e+01 6.415729149999999947e+01 6.389680733333332796e+01 2.328799000000000000e+08 1.000000000000000000e+00
6.856616200000000561e+01 6.727293399999999224e+01 6.562691499999999678e+01 1.858970000000000000e+08 0.000000000000000000e+00
6.851919599999999377e+01 6.854267899999999258e+01 6.768835466666665468e+01 1.377008000000000000e+08 0.000000000000000000e+00
6.708253499999999292e+01 6.780086549999998624e+01 6.805596433333333550e+01 2.123584000000000000e+08 1.000000000000000000e+00
6.818464699999999823e+01 6.763359099999999557e+01 6.792879266666665217e+01 1.769539000000000000e+08 0.000000000000000000e+00
6.619922599999999591e+01 6.719193649999999707e+01 6.715546933333332902e+01 1.706414000000000000e+08 1.000000000000000000e+00
6.658684499999999673e+01 6.639303549999999632e+01 6.699023933333332081e+01 2.102445000000000000e+08 0.000000000000000000e+00
6.534834299999999985e+01 6.596759399999999118e+01 6.604480466666666416e+01 1.623085000000000000e+08 0.000000000000000000e+00
6.354980499999999921e+01 6.444907399999999598e+01 6.516166433333332009e+01 1.817761000000000000e+08 1.000000000000000000e+00
6.753954299999999478e+01 6.554467400000000055e+01 6.547923033333331944e+01 2.078415000000000000e+08 1.000000000000000000e+00
6.863455999999999335e+01 6.808705150000000117e+01 6.657463599999999815e+01 1.911031000000000000e+08 1.000000000000000000e+00
7.211274000000000228e+01 7.037364999999999782e+01 6.942894766666667294e+01 1.274142000000000000e+08 1.000000000000000000e+00
7.539321099999999376e+01 7.375297549999999092e+01 7.204683699999999646e+01 1.823458000000000000e+08 0.000000000000000000e+00
7.307813299999999401e+01 7.423567199999999389e+01 7.352802799999999195e+01 2.474953000000000000e+08 1.000000000000000000e+00
7.723995999999999640e+01 7.515904649999998810e+01 7.523710133333332806e+01 1.434481000000000000e+08 0.000000000000000000e+00
7.538596300000000383e+01 7.631296150000000011e+01 7.523468533333333141e+01 2.036212000000000000e+08 1.000000000000000000e+00
7.592817700000000514e+01 7.565707000000000448e+01 7.618470000000000653e+01 1.611536000000000000e+08 1.000000000000000000e+00
8.483859999999999957e+01 8.038338849999999525e+01 7.871757999999999811e+01 1.987751000000000000e+08 1.000000000000000000e+00
9.447781399999999508e+01 8.965820700000000443e+01 8.508153033333333326e+01 2.227031000000000000e+08 1.000000000000000000e+00
9.595478799999999353e+01 9.521630099999998720e+01 9.175706733333333887e+01 1.667741000000000000e+08 1.000000000000000000e+00
1.041284870000000069e+02 1.000416375000000073e+02 9.818702966666666043e+01 1.696233000000000000e+08 0.000000000000000000e+00
8.792312599999999634e+01 9.602580650000000162e+01 9.600213366666666559e+01 3.075327000000000000e+08 0.000000000000000000e+00
8.690724199999999655e+01 8.741518399999999644e+01 9.298628499999999519e+01 2.560030000000000000e+08 1.000000000000000000e+00
8.692423200000000350e+01 8.691573700000000713e+01 8.725153333333332739e+01 1.635818000000000000e+08 0.000000000000000000e+00
8.110700199999999427e+01 8.401561699999999178e+01 8.497949200000000758e+01 2.481742000000000000e+08 1.000000000000000000e+00
8.469323699999999633e+01 8.290011949999998819e+01 8.424149033333333136e+01 1.855395000000000000e+08 1.000000000000000000e+00
8.823324599999999407e+01 8.646324149999999520e+01 8.467782833333332349e+01 1.175969000000000000e+08 1.000000000000000000e+00
9.478918500000000336e+01 9.151121549999999161e+01 8.923855600000000265e+01 2.056572000000000000e+08 0.000000000000000000e+00
